# Parameters:
n_avg = 1000000
meas_len_1 = 500
wait_for_initialization = 1500
wait_after_measure = 1000
NV_IF_freq = 70000000

# t_vec (Pulse Durations in clock cycles):
4 5 6 7 8 9 10 11 12 13 14 15 16 17 18 19 20 21 22 23 24 25 26 27 28 29 30 31 32 33 34 35 36 37 38 39 40 41 42 43 44 45 46 47 48 49 50 51 52 53 54 55 56 57 58 59 60 61 62 63 64 65 66 67 68 69 70 71 72 73 74 75 76 77 78 79 80 81 82 83 84 85 86 87 88 89 90 91 92 93 94 95 96 97 98 99 100 101 102 103 104 105 106 107 108 109 110 111 112 113 114 115 116 117 118 119 120 121 122 123 124 125 126 127 128 129 130 131 132 133 134 135 136 137 138 139 140 141 142 143 144 145 146 147 148 149 150 151 152 153 154 155 156 157 158 159 160 161 162 163 164 165 166 167 168 169 170 171 172 173 174 175 176 177 178 179 180 181 182 183 184 185 186 187 188 189 190 191 192 193 194 195 196 197 198 199 200 201 202 203 204 205 206 207 208 209 210 211 212 213 214 215 216 217 218 219 220 221 222 223 224 225 226 227 228 229 230 231 232 233 234 235 236 237 238 239 240 241 242 243 244 245 246 247 248 249 250 251 252 253 254 255 256 257 258 259 260 261 262 263 264 265 266 267 268 269 270 271 272 273 274 275 276 277 278 279 280 281 282 283 284 285 286 287 288 289 290 291 292 293 294 295 296 297 298 299 300 301 302 303 304 305 306 307 308 309 310 311 312 313 314 315 316 317 318 319 320 321 322 323 324 325 326 327 328 329 330 331 332 333 334 335 336 337 338 339 340 341 342 343 344 345 346 347 348 349 350 351 352 353 354 355 356 357 358 359 360 361 362 363 364 365 366 367 368 369 370 371 372 373 374 375 376 377 378 379 380 381 382 383 384 385 386 387 388 389 390 391 392 393 394 395 396 397 398 399 400 401 402 403 404 405 406 407 408 409 410 411 412 413 414 415 416 417 418 419 420 421 422 423 424 425 426 427 428 429 430 431 432 433 434 435 436 437 438 439 440 441 442 443 444 445 446 447 448 449 450 451 452 453 454 455 456 457 458 459 460 461 462 463 464 465 466 467 468 469 470 471 472 473 474 475 476 477 478 479 480 481 482 483 484 485 486 487 488 489 490 491 492 493 494 495 496 497 498 499 500 501 502 503 504 505 506 507 508 509 510 511 512 513 514 515 516 517 518 519 520 521 522 523 524 525 526 527 528 529 530 531 532 533 534 535 536 537 538 539 540 541 542 543 544 545 546 547 548 549 550 551 552 553 554 555 556 557 558 559 560 561 562 563 564 565 566 567 568 569 570 571 572 573 574 575 576 577 578 579 580 581 582 583 584 585 586 587 588 589 590 591 592 593 594 595 596 597 598 599

# Counts Data:
0.03313544111555985 0.032099958580698605 0.03154770122877261 0.03548253486124534 0.03168576556675411 0.03368769846748585 0.03341156979152285 0.03189286207372636 0.032445119425652355 0.030098025679966865 0.0334806019605136 0.03134060472180036 0.03327350545354135 0.032168990749689354 0.029890929172994615 0.031409636890791105 0.029959961341985364 0.0330664089465691 0.029476736159050117 0.029959961341985364 0.03161673339776336 0.029614800497031617 0.0336186662984951 0.031754797735744855 0.03134060472180036 0.029407703990059368 0.03313544111555985 0.03147866905978186 0.031754797735744855 0.03299737677757835 0.030167057848957613 0.030374154355929862 0.03099544387684661 0.03127157255280961 0.029683832666022366 0.028303189286207373 0.0336186662984951 0.03058125086290211 0.032859312439596854 0.03078834736987436 0.029683832666022366 0.027750931934281374 0.030512218693911363 0.030443186524920614 0.029545768328040865 0.032514151594643104 0.029683832666022366 0.02920060748308712 0.03120254038381886 0.029476736159050117 0.030028993510976116 0.029821897004003867 0.030028993510976116 0.030305122186939114 0.03085737953886511 0.030719315200883612 0.03203092641170786 0.027060610244373878 0.028303189286207373 0.027958028441253623 0.03161673339776336 0.028303189286207373 0.031409636890791105 0.03099544387684661 0.028510285793179622 0.03189286207372636 0.027681899765290625 0.03147866905978186 0.027612867596299877 0.03058125086290211 0.02623222421648488 0.030098025679966865 0.028372221455198122 0.03092641170785586 0.029476736159050117 0.02864835013116112 0.03078834736987436 0.027750931934281374 0.031409636890791105 0.028372221455198122 0.028510285793179622 0.03113350821482811 0.02643932072345713 0.02864835013116112 0.029476736159050117 0.029614800497031617 0.030719315200883612 0.027819964103272126 0.028372221455198122 0.029821897004003867 0.030098025679966865 0.028234157117216625 0.02885544663813337 0.028234157117216625 0.030167057848957613 0.029752864835013115 0.030167057848957613 0.03078834736987436 0.027958028441253623 0.02719867458235538 0.030028993510976116 0.028717382300151872 0.030512218693911363 0.02878641446914262 0.02878641446914262 0.02933867182106862 0.026301256385475633 0.030443186524920614 0.030028993510976116 0.028165124948225873 0.02864835013116112 0.029752864835013115 0.028234157117216625 0.03134060472180036 0.02857931796217037 0.03099544387684661 0.029959961341985364 0.027612867596299877 0.029269639652077867 0.032376087256661606 0.02892447880712412 0.029683832666022366 0.028717382300151872 0.02913157531409637 0.02933867182106862 0.027060610244373878 0.03085737953886511 0.027750931934281374 0.032445119425652355 0.02899351097611487 0.030512218693911363 0.03085737953886511 0.027681899765290625 0.03092641170785586 0.029407703990059368 0.02913157531409637 0.028372221455198122 0.02885544663813337 0.0322380229186801 0.027129642413364626 0.028372221455198122 0.02913157531409637 0.02933867182106862 0.029752864835013115 0.02899351097611487 0.027129642413364626 0.028372221455198122 0.030167057848957613 0.026094159878503383 0.02844125362418887 0.029407703990059368 0.029683832666022366 0.030305122186939114 0.030650283031892864 0.030374154355929862 0.031409636890791105 0.02899351097611487 0.02878641446914262 0.027060610244373878 0.028165124948225873 0.03161673339776336 0.025403838188595887 0.028717382300151872 0.029890929172994615 0.03099544387684661 0.028717382300151872 0.03134060472180036 0.03092641170785586 0.027543835427309125 0.029476736159050117 0.032376087256661606 0.028027060610244375 0.02678448156841088 0.03085737953886511 0.03203092641170786 0.03106447604583736 0.030305122186939114 0.03154770122877261 0.027888996272262875 0.03258318376363385 0.029890929172994615 0.027336738920336875 0.031409636890791105 0.03161673339776336 0.029959961341985364 0.03127157255280961 0.027750931934281374 0.03120254038381886 0.02857931796217037 0.03078834736987436 0.02920060748308712 0.028096092779235124 0.03058125086290211 0.029890929172994615 0.03120254038381886 0.03203092641170786 0.02892447880712412 0.030374154355929862 0.02602512770951263 0.02933867182106862 0.0337567306364766 0.0329283446085876 0.029959961341985364 0.027888996272262875 0.029062543145105618 0.028165124948225873 0.03134060472180036 0.03203092641170786 0.03127157255280961 0.028303189286207373 0.03106447604583736 0.03106447604583736 0.029062543145105618 0.027958028441253623 0.029752864835013115 0.02692254590639238 0.031754797735744855 0.03099544387684661 0.03147866905978186 0.029821897004003867 0.03078834736987436 0.03154770122877261 0.031754797735744855 0.028096092779235124 0.029614800497031617 0.030167057848957613 0.029752864835013115 0.03092641170785586 0.029407703990059368 0.03078834736987436 0.030443186524920614 0.029269639652077867 0.030098025679966865 0.028717382300151872 0.03147866905978186 0.03154770122877261 0.03354963412950435 0.030719315200883612 0.03189286207372636 0.02892447880712412 0.0322380229186801 0.030374154355929862 0.028717382300151872 0.03058125086290211 0.03147866905978186 0.03161673339776336 0.02885544663813337 0.031409636890791105 0.03120254038381886 0.034032859312439594 0.030512218693911363 0.03113350821482811 0.02864835013116112 0.030719315200883612 0.029959961341985364 0.03127157255280961 0.029407703990059368 0.03196189424271711 0.032790280270606105 0.032859312439596854 0.03134060472180036 0.03203092641170786 0.029269639652077867 0.028717382300151872 0.03203092641170786 0.030443186524920614 0.0322380229186801 0.03258318376363385 0.030236090017948365 0.03099544387684661 0.030443186524920614 0.03230705508767086 0.030650283031892864 0.031409636890791105 0.027819964103272126 0.030512218693911363 0.029683832666022366 0.029269639652077867 0.028165124948225873 0.028096092779235124 0.030305122186939114 0.0326522159326246 0.027958028441253623 0.03058125086290211 0.02857931796217037 0.028027060610244375 0.02933867182106862 0.030305122186939114 0.030512218693911363 0.03258318376363385 0.031409636890791105 0.030167057848957613 0.02913157531409637 0.02857931796217037 0.029614800497031617 0.028717382300151872 0.027612867596299877 0.024713516498688387 0.029269639652077867 0.030098025679966865 0.029614800497031617 0.03120254038381886 0.03078834736987436 0.032445119425652355 0.030512218693911363 0.032099958580698605 0.031823829904735604 0.027474803258318376 0.03058125086290211 0.030098025679966865 0.030236090017948365 0.028027060610244375 0.032790280270606105 0.03099544387684661 0.030167057848957613 0.03134060472180036 0.033204473284550604 0.027888996272262875 0.030650283031892864 0.03113350821482811 0.029476736159050117 0.029683832666022366 0.02920060748308712 0.03147866905978186 0.030028993510976116 0.030512218693911363 0.030305122186939114 0.030236090017948365 0.028717382300151872 0.03092641170785586 0.030512218693911363 0.02719867458235538 0.030512218693911363 0.030236090017948365 0.02885544663813337 0.028510285793179622 0.02933867182106862 0.03120254038381886 0.029407703990059368 0.029545768328040865 0.03120254038381886 0.02878641446914262 0.030374154355929862 0.030719315200883612 0.03078834736987436 0.029476736159050117 0.030098025679966865 0.028165124948225873 0.02878641446914262 0.030028993510976116 0.02913157531409637 0.02857931796217037 0.03078834736987436 0.033204473284550604 0.03120254038381886 0.029614800497031617 0.029683832666022366 0.030305122186939114 0.02920060748308712 0.03085737953886511 0.030719315200883612 0.030512218693911363 0.0330664089465691 0.029407703990059368 0.032790280270606105 0.029683832666022366 0.029752864835013115 0.030236090017948365 0.034930277509319346 0.030305122186939114 0.029476736159050117 0.03058125086290211 0.029269639652077867 0.028165124948225873 0.029959961341985364 0.030512218693911363 0.02719867458235538 0.029752864835013115 0.03313544111555985 0.030719315200883612 0.029407703990059368 0.030028993510976116 0.03127157255280961 0.029752864835013115 0.025403838188595887 0.029821897004003867 0.028372221455198122 0.03099544387684661 0.027888996272262875 0.02920060748308712 0.029890929172994615 0.032099958580698605 0.03258318376363385 0.028303189286207373 0.03078834736987436 0.027543835427309125 0.027819964103272126 0.03078834736987436 0.02892447880712412 0.03106447604583736 0.026508352892447882 0.03127157255280961 0.029752864835013115 0.0322380229186801 0.02857931796217037 0.030443186524920614 0.02857931796217037 0.029683832666022366 0.03106447604583736 0.030650283031892864 0.03106447604583736 0.02885544663813337 0.03230705508767086 0.029476736159050117 0.030512218693911363 0.028510285793179622 0.02864835013116112 0.03147866905978186 0.030719315200883612 0.03085737953886511 0.02920060748308712 0.03161673339776336 0.02885544663813337 0.03127157255280961 0.027750931934281374 0.03272124810161535 0.030650283031892864 0.029683832666022366 0.030236090017948365 0.03258318376363385 0.02857931796217037 0.030443186524920614 0.02913157531409637 0.02878641446914262 0.03113350821482811 0.029062543145105618 0.03092641170785586 0.02692254590639238 0.02864835013116112 0.029752864835013115 0.029062543145105618 0.027336738920336875 0.027888996272262875 0.02913157531409637 0.029269639652077867 0.030098025679966865 0.029476736159050117 0.027958028441253623 0.03120254038381886 0.029614800497031617 0.027612867596299877 0.031823829904735604 0.03147866905978186 0.03120254038381886 0.030374154355929862 0.030098025679966865 0.028510285793179622 0.029545768328040865 0.0329283446085876 0.027336738920336875 0.03147866905978186 0.029614800497031617 0.030512218693911363 0.02920060748308712 0.02920060748308712 0.030305122186939114 0.030374154355929862 0.028510285793179622 0.029269639652077867 0.02885544663813337 0.028234157117216625 0.02899351097611487 0.029476736159050117 0.030374154355929862 0.03127157255280961 0.030028993510976116 0.03299737677757835 0.030512218693911363 0.02844125362418887 0.02913157531409637 0.0329283446085876 0.029959961341985364 0.030305122186939114 0.030167057848957613 0.03203092641170786 0.02899351097611487 0.02864835013116112 0.03099544387684661 0.029890929172994615 0.029062543145105618 0.02857931796217037 0.030098025679966865 0.029614800497031617 0.028027060610244375 0.031409636890791105 0.028303189286207373 0.027612867596299877 0.02920060748308712 0.03113350821482811 0.030305122186939114 0.03099544387684661 0.03196189424271711 0.030236090017948365 0.029407703990059368 0.029062543145105618 0.02899351097611487 0.02864835013116112 0.032168990749689354 0.031754797735744855 0.03085737953886511 0.03154770122877261 0.027681899765290625 0.03058125086290211 0.030236090017948365 0.030167057848957613 0.02692254590639238 0.03147866905978186 0.029062543145105618 0.029959961341985364 0.030236090017948365 0.03058125086290211 0.029683832666022366 0.03154770122877261 0.03272124810161535 0.028027060610244375 0.031409636890791105 0.029890929172994615 0.029269639652077867 0.02844125362418887 0.02864835013116112 0.030443186524920614 0.029890929172994615 0.028096092779235124 0.03085737953886511 0.03106447604583736 0.030028993510976116 0.02878641446914262 0.032099958580698605 0.03092641170785586 0.030719315200883612 0.027474803258318376 0.032514151594643104 0.032168990749689354 0.032445119425652355 0.03134060472180036 0.03168576556675411 0.03092641170785586 0.03099544387684661 0.03099544387684661 0.03154770122877261 0.03313544111555985 0.029821897004003867 0.03258318376363385 0.027543835427309125 0.030443186524920614 0.030305122186939114 0.03058125086290211 0.0333425376225321 0.032099958580698605 0.030512218693911363 0.029062543145105618 0.03085737953886511 0.03258318376363385 0.029683832666022366 0.029476736159050117 0.027612867596299877 0.02864835013116112 0.02692254590639238 0.029683832666022366 0.029614800497031617 0.03085737953886511 0.027958028441253623 0.029614800497031617 0.03127157255280961 0.028372221455198122 0.029545768328040865 0.030098025679966865 0.02899351097611487 0.03127157255280961 0.03134060472180036 0.030236090017948365 0.032099958580698605 0.028027060610244375 0.0326522159326246 0.02933867182106862 0.032790280270606105 0.02899351097611487 0.02920060748308712 0.03120254038381886 0.0334806019605136 0.028510285793179622 0.028510285793179622 0.029062543145105618 0.030167057848957613 0.02857931796217037 0.028027060610244375

# Dark Counts Data:
0.03168576556675411 0.0333425376225321 0.034032859312439594 0.0329283446085876 0.0322380229186801 0.032445119425652355 0.03382576280546735 0.031754797735744855 0.034378020157393344 0.03299737677757835 0.03230705508767086 0.032376087256661606 0.030650283031892864 0.03113350821482811 0.030443186524920614 0.030098025679966865 0.03548253486124534 0.03189286207372636 0.030305122186939114 0.03258318376363385 0.030028993510976116 0.03299737677757835 0.03258318376363385 0.03354963412950435 0.0336186662984951 0.033963827143448845 0.0329283446085876 0.032790280270606105 0.032859312439596854 0.03299737677757835 0.033894794974458096 0.032168990749689354 0.032445119425652355 0.032859312439596854 0.03106447604583736 0.03486124534032859 0.032099958580698605 0.03555156703023609 0.03527543835427309 0.033894794974458096 0.03230705508767086 0.03258318376363385 0.034308987988402595 0.030719315200883612 0.034378020157393344 0.0341709236504211 0.03672511390307884 0.033204473284550604 0.03230705508767086 0.03313544111555985 0.03341156979152285 0.03451608449537485 0.03078834736987436 0.03113350821482811 0.032790280270606105 0.036794146072069586 0.0336186662984951 0.03058125086290211 0.036172856551152835 0.032168990749689354 0.031823829904735604 0.034378020157393344 0.03258318376363385 0.034930277509319346 0.0322380229186801 0.03368769846748585 0.031754797735744855 0.03410189148143035 0.0329283446085876 0.03189286207372636 0.029890929172994615 0.033963827143448845 0.029821897004003867 0.03196189424271711 0.03527543835427309 0.034723181002347094 0.02899351097611487 0.031754797735744855 0.03258318376363385 0.03313544111555985 0.032168990749689354 0.03154770122877261 0.03479221317133784 0.03479221317133784 0.034654148833356345 0.030167057848957613 0.0334806019605136 0.03693221041005108 0.030305122186939114 0.03189286207372636 0.03341156979152285 0.03189286207372636 0.034032859312439594 0.03299737677757835 0.03354963412950435 0.0322380229186801 0.03451608449537485 0.03113350821482811 0.031754797735744855 0.031409636890791105 0.035068341847300843 0.032445119425652355 0.03486124534032859 0.029407703990059368 0.03168576556675411 0.03258318376363385 0.03189286207372636 0.030236090017948365 0.032168990749689354 0.0334806019605136 0.032859312439596854 0.0337567306364766 0.030443186524920614 0.03134060472180036 0.034930277509319346 0.03085737953886511 0.032168990749689354 0.034654148833356345 0.033894794974458096 0.03382576280546735 0.032514151594643104 0.034308987988402595 0.032514151594643104 0.03562059919922684 0.033204473284550604 0.034999309678310095 0.03099544387684661 0.032514151594643104 0.034723181002347094 0.03582769570619909 0.03272124810161535 0.034378020157393344 0.03444705232638409 0.03410189148143035 0.03147866905978186 0.034239955819411846 0.0326522159326246 0.0333425376225321 0.03154770122877261 0.03520640618528234 0.0333425376225321 0.033204473284550604 0.03341156979152285 0.03147866905978186 0.03382576280546735 0.033204473284550604 0.030098025679966865 0.03196189424271711 0.03203092641170786 0.034032859312439594 0.03479221317133784 0.035068341847300843 0.0334806019605136 0.032790280270606105 0.034930277509319346 0.032168990749689354 0.0322380229186801 0.03189286207372636 0.03327350545354135 0.033204473284550604 0.031823829904735604 0.0329283446085876 0.03541350269225459 0.0330664089465691 0.033204473284550604 0.0334806019605136 0.033963827143448845 0.03230705508767086 0.03382576280546735 0.03382576280546735 0.030028993510976116 0.031409636890791105 0.034308987988402595 0.0337567306364766 0.0334806019605136 0.032790280270606105 0.034239955819411846 0.03134060472180036 0.0337567306364766 0.03582769570619909 0.0326522159326246 0.03341156979152285 0.0336186662984951 0.03444705232638409 0.0322380229186801 0.03134060472180036 0.03410189148143035 0.032514151594643104 0.03134060472180036 0.033894794974458096 0.03161673339776336 0.03313544111555985 0.03354963412950435 0.032790280270606105 0.029959961341985364 0.031754797735744855 0.034930277509319346 0.0334806019605136 0.03203092641170786 0.034654148833356345 0.03099544387684661 0.03299737677757835 0.03154770122877261 0.03341156979152285 0.0326522159326246 0.0330664089465691 0.034654148833356345 0.03299737677757835 0.03568963136821759 0.0333425376225321 0.032514151594643104 0.032514151594643104 0.030650283031892864 0.03189286207372636 0.03154770122877261 0.0330664089465691 0.03203092641170786 0.033963827143448845 0.032445119425652355 0.030374154355929862 0.0337567306364766 0.033204473284550604 0.03327350545354135 0.0336186662984951 0.037139306917023336 0.034239955819411846 0.03368769846748585 0.03382576280546735 0.033204473284550604 0.03520640618528234 0.03258318376363385 0.034378020157393344 0.030719315200883612 0.03410189148143035 0.0326522159326246 0.03313544111555985 0.031823829904735604 0.03092641170785586 0.03327350545354135 0.03341156979152285 0.034308987988402595 0.0341709236504211 0.0334806019605136 0.034585116664365596 0.03168576556675411 0.034032859312439594 0.03196189424271711 0.032168990749689354 0.032445119425652355 0.03120254038381886 0.03127157255280961 0.0334806019605136 0.03272124810161535 0.03341156979152285 0.03099544387684661 0.032168990749689354 0.032099958580698605 0.032099958580698605 0.03154770122877261 0.03085737953886511 0.032168990749689354 0.034930277509319346 0.0337567306364766 0.03313544111555985 0.0322380229186801 0.032514151594643104 0.032376087256661606 0.03272124810161535 0.03120254038381886 0.03341156979152285 0.0337567306364766 0.030443186524920614 0.03078834736987436 0.032790280270606105 0.0329283446085876 0.03120254038381886 0.03203092641170786 0.034654148833356345 0.0330664089465691 0.03134060472180036 0.03092641170785586 0.03548253486124534 0.033963827143448845 0.03596576004418059 0.03113350821482811 0.030374154355929862 0.0326522159326246 0.03203092641170786 0.03354963412950435 0.034308987988402595 0.03382576280546735 0.03451608449537485 0.03078834736987436 0.032514151594643104 0.032168990749689354 0.03120254038381886 0.03230705508767086 0.03520640618528234 0.032099958580698605 0.031823829904735604 0.03534447052326384 0.0322380229186801 0.03548253486124534 0.03451608449537485 0.034585116664365596 0.035758663537208336 0.034654148833356345 0.03382576280546735 0.03120254038381886 0.03258318376363385 0.03327350545354135 0.029890929172994615 0.0330664089465691 0.03106447604583736 0.036863178241060335 0.034999309678310095 0.032790280270606105 0.032168990749689354 0.03154770122877261 0.03203092641170786 0.03168576556675411 0.03382576280546735 0.0334806019605136 0.03479221317133784 0.032376087256661606 0.03562059919922684 0.032859312439596854 0.03341156979152285 0.030719315200883612 0.034308987988402595 0.030374154355929862 0.0322380229186801 0.034930277509319346 0.0341709236504211 0.033894794974458096 0.03299737677757835 0.02892447880712412 0.0329283446085876 0.031409636890791105 0.0330664089465691 0.036103824382162086 0.032514151594643104 0.0334806019605136 0.03479221317133784 0.03230705508767086 0.031409636890791105 0.03382576280546735 0.032514151594643104 0.03189286207372636 0.034930277509319346 0.0337567306364766 0.0330664089465691 0.032445119425652355 0.03354963412950435 0.03230705508767086 0.031409636890791105 0.0326522159326246 0.033204473284550604 0.03127157255280961 0.032376087256661606 0.0334806019605136 0.03548253486124534 0.03189286207372636 0.03327350545354135 0.03272124810161535 0.0341709236504211 0.03272124810161535 0.034239955819411846 0.03299737677757835 0.0336186662984951 0.034239955819411846 0.03451608449537485 0.03354963412950435 0.034308987988402595 0.03168576556675411 0.034239955819411846 0.03161673339776336 0.035068341847300843 0.03341156979152285 0.034308987988402595 0.034585116664365596 0.029821897004003867 0.033963827143448845 0.032445119425652355 0.0337567306364766 0.03341156979152285 0.03203092641170786 0.03099544387684661 0.02920060748308712 0.0330664089465691 0.031754797735744855 0.03313544111555985 0.03258318376363385 0.035758663537208336 0.03327350545354135 0.0326522159326246 0.034308987988402595 0.03258318376363385 0.0333425376225321 0.03341156979152285 0.03562059919922684 0.03354963412950435 0.03368769846748585 0.030719315200883612 0.031823829904735604 0.0330664089465691 0.03313544111555985 0.0334806019605136 0.033894794974458096 0.0326522159326246 0.034239955819411846 0.03134060472180036 0.032168990749689354 0.0336186662984951 0.03341156979152285 0.03444705232638409 0.03451608449537485 0.034930277509319346 0.03327350545354135 0.0329283446085876 0.0337567306364766 0.034032859312439594 0.03520640618528234 0.034654148833356345 0.03444705232638409 0.03085737953886511 0.03341156979152285 0.03299737677757835 0.03113350821482811 0.0336186662984951 0.03568963136821759 0.032790280270606105 0.03078834736987436 0.03272124810161535 0.03527543835427309 0.0336186662984951 0.034723181002347094 0.03479221317133784 0.036241888720143584 0.029890929172994615 0.032790280270606105 0.03154770122877261 0.03099544387684661 0.03354963412950435 0.0329283446085876 0.03230705508767086 0.0341709236504211 0.03354963412950435 0.03368769846748585 0.034723181002347094 0.034723181002347094 0.032514151594643104 0.034378020157393344 0.034308987988402595 0.03354963412950435 0.03154770122877261 0.03230705508767086 0.03120254038381886 0.032168990749689354 0.03299737677757835 0.032859312439596854 0.03189286207372636 0.0330664089465691 0.0330664089465691 0.034308987988402595 0.034723181002347094 0.034308987988402595 0.03258318376363385 0.0322380229186801 0.0334806019605136 0.034585116664365596 0.03168576556675411 0.0326522159326246 0.0333425376225321 0.034723181002347094 0.03313544111555985 0.033894794974458096 0.034930277509319346 0.03230705508767086 0.03258318376363385 0.0326522159326246 0.034032859312439594 0.033204473284550604 0.03327350545354135 0.034585116664365596 0.03341156979152285 0.034239955819411846 0.03272124810161535 0.03203092641170786 0.03534447052326384 0.035068341847300843 0.0337567306364766 0.03203092641170786 0.03161673339776336 0.03451608449537485 0.032376087256661606 0.032168990749689354 0.0341709236504211 0.03230705508767086 0.03354963412950435 0.034239955819411846 0.032514151594643104 0.036587049565097333 0.030305122186939114 0.033963827143448845 0.0336186662984951 0.03272124810161535 0.03161673339776336 0.0329283446085876 0.0322380229186801 0.03230705508767086 0.03410189148143035 0.036518017396106585 0.0322380229186801 0.03092641170785586 0.034239955819411846 0.034032859312439594 0.03099544387684661 0.030374154355929862 0.033894794974458096 0.032790280270606105 0.034654148833356345 0.0336186662984951 0.030650283031892864 0.030650283031892864 0.030650283031892864 0.035758663537208336 0.03120254038381886 0.03161673339776336 0.034308987988402595 0.03168576556675411 0.032859312439596854 0.033204473284550604 0.034930277509319346 0.032099958580698605 0.036172856551152835 0.036587049565097333 0.03189286207372636 0.03099544387684661 0.030719315200883612 0.03113350821482811 0.032445119425652355 0.036172856551152835 0.030236090017948365 0.03313544111555985 0.03299737677757835 0.03106447604583736 0.034032859312439594 0.03527543835427309 0.03582769570619909 0.031823829904735604 0.034378020157393344 0.03196189424271711 0.0334806019605136 0.03085737953886511 0.033204473284550604 0.034585116664365596 0.032514151594643104 0.032376087256661606 0.031754797735744855 0.032445119425652355 0.03258318376363385 0.03479221317133784 0.03168576556675411 0.0330664089465691 0.03189286207372636 0.03113350821482811 0.034032859312439594 0.03099544387684661 0.03444705232638409 0.032790280270606105 0.030305122186939114 0.03258318376363385 0.03134060472180036 0.03058125086290211 0.03120254038381886 0.03203092641170786 0.03748446776197708 0.031754797735744855 0.03327350545354135 0.03147866905978186 0.0326522159326246 0.032514151594643104 0.03196189424271711 0.032790280270606105 0.033204473284550604 0.0334806019605136 0.03313544111555985 0.03258318376363385 0.03272124810161535 0.031409636890791105 0.03513737401629159 0.029545768328040865 0.032514151594643104 0.03154770122877261 0.03327350545354135
