# Parameters:
n_avg = 1000000
meas_len_1 = 500
wait_for_initialization = 1500
wait_after_measure = 1000
NV_IF_freq = 70000000

# t_vec (Pulse Durations in clock cycles):
4 5 6 7 8 9 10 11 12 13 14 15 16 17 18 19 20 21 22 23 24 25 26 27 28 29 30 31 32 33 34 35 36 37 38 39 40 41 42 43 44 45 46 47 48 49 50 51 52 53 54 55 56 57 58 59 60 61 62 63 64 65 66 67 68 69 70 71 72 73 74 75 76 77 78 79 80 81 82 83 84 85 86 87 88 89 90 91 92 93 94 95 96 97 98 99 100 101 102 103 104 105 106 107 108 109 110 111 112 113 114 115 116 117 118 119 120 121 122 123 124 125 126 127 128 129 130 131 132 133 134 135 136 137 138 139 140 141 142 143 144 145 146 147 148 149 150 151 152 153 154 155 156 157 158 159 160 161 162 163 164 165 166 167 168 169 170 171 172 173 174 175 176 177 178 179 180 181 182 183 184 185 186 187 188 189 190 191 192 193 194 195 196 197 198 199 200 201 202 203 204 205 206 207 208 209 210 211 212 213 214 215 216 217 218 219 220 221 222 223 224 225 226 227 228 229 230 231 232 233 234 235 236 237 238 239 240 241 242 243 244 245 246 247 248 249 250 251 252 253 254 255 256 257 258 259 260 261 262 263 264 265 266 267 268 269 270 271 272 273 274 275 276 277 278 279 280 281 282 283 284 285 286 287 288 289 290 291 292 293 294 295 296 297 298 299 300 301 302 303 304 305 306 307 308 309 310 311 312 313 314 315 316 317 318 319 320 321 322 323 324 325 326 327 328 329 330 331 332 333 334 335 336 337 338 339 340 341 342 343 344 345 346 347 348 349 350 351 352 353 354 355 356 357 358 359 360 361 362 363 364 365 366 367 368 369 370 371 372 373 374 375 376 377 378 379 380 381 382 383 384 385 386 387 388 389 390 391 392 393 394 395 396 397 398 399

# Counts Data:
0.02674205378973105 0.026589242053789732 0.02674205378973105 0.02521393643031785 0.022768948655256725 0.02597799511002445 0.023227383863080684 0.024602689486552566 0.02643643031784841 0.023227383863080684 0.02704767726161369 0.02567237163814181 0.027200488997555013 0.02444987775061125 0.027200488997555013 0.026589242053789732 0.023227383863080684 0.02506112469437653 0.022616136919315404 0.02124083129584352 0.02169926650366748 0.02124083129584352 0.02062958435207824 0.019559902200488997 0.020171149144254278 0.021393643031784843 0.02154645476772616 0.02582518337408313 0.022463325183374083 0.021852078239608802 0.02124083129584352 0.018948655256723717 0.022463325183374083 0.023533007334963326 0.0203239608801956 0.022004889975550123 0.022463325183374083 0.018795843520782396 0.02124083129584352 0.019407090464547676 0.018184596577017115 0.016656479217603912 0.019101466992665038 0.0210880195599022 0.02062958435207824 0.019101466992665038 0.02047677261613692 0.023074572127139363 0.01971271393643032 0.018490220048899754 0.022616136919315404 0.018184596577017115 0.020171149144254278 0.01986552567237164 0.02154645476772616 0.020171149144254278 0.02047677261613692 0.02231051344743276 0.02047677261613692 0.0203239608801956 0.019407090464547676 0.018948655256723717 0.018337408312958436 0.02231051344743276 0.021393643031784843 0.021852078239608802 0.02154645476772616 0.020018337408312957 0.019559902200488997 0.024755501222493887 0.018948655256723717 0.022768948655256725 0.023227383863080684 0.018643031784841075 0.02124083129584352 0.02551955990220049 0.02093520782396088 0.02169926650366748 0.020018337408312957 0.02078239608801956 0.023991442542787286 0.01971271393643032 0.018948655256723717 0.022157701711491444 0.022463325183374083 0.018643031784841075 0.023380195599022005 0.022157701711491444 0.021393643031784843 0.0203239608801956 0.0210880195599022 0.023074572127139363 0.019559902200488997 0.023533007334963326 0.021393643031784843 0.022616136919315404 0.022616136919315404 0.024602689486552566 0.022616136919315404 0.020171149144254278 0.023685819070904647 0.02506112469437653 0.021393643031784843 0.023380195599022005 0.024602689486552566 0.023991442542787286 0.022463325183374083 0.023380195599022005 0.023533007334963326 0.018031784841075794 0.02597799511002445 0.0210880195599022 0.02078239608801956 0.02231051344743276 0.0203239608801956 0.025366748166259168 0.02231051344743276 0.01971271393643032 0.02154645476772616 0.023533007334963326 0.023227383863080684 0.023838630806845965 0.019254278728606355 0.02124083129584352 0.023074572127139363 0.02047677261613692 0.021852078239608802 0.023227383863080684 0.023533007334963326 0.024602689486552566 0.021393643031784843 0.023533007334963326 0.02078239608801956 0.02169926650366748 0.023227383863080684 0.02124083129584352 0.023533007334963326 0.01971271393643032 0.0203239608801956 0.021393643031784843 0.02047677261613692 0.01986552567237164 0.02231051344743276 0.01971271393643032 0.022157701711491444 0.022768948655256725 0.023380195599022005 0.02062958435207824 0.02062958435207824 0.02643643031784841 0.019407090464547676 0.021852078239608802 0.023533007334963326 0.023991442542787286 0.022768948655256725 0.02444987775061125 0.024144254278728607 0.024908312958435208 0.02062958435207824 0.023838630806845965 0.02093520782396088 0.024297066014669928 0.026589242053789732 0.022157701711491444 0.0210880195599022 0.023685819070904647 0.022157701711491444 0.023838630806845965 0.022768948655256725 0.023533007334963326 0.023838630806845965 0.02093520782396088 0.022463325183374083 0.022616136919315404 0.018643031784841075 0.02169926650366748 0.02231051344743276 0.02124083129584352 0.02582518337408313 0.02124083129584352 0.024908312958435208 0.02078239608801956 0.01986552567237164 0.02154645476772616 0.021852078239608802 0.020018337408312957 0.018337408312958436 0.020018337408312957 0.023380195599022005 0.019101466992665038 0.021852078239608802 0.022921760391198046 0.023074572127139363 0.019407090464547676 0.02124083129584352 0.023533007334963326 0.023991442542787286 0.021852078239608802 0.022921760391198046 0.023074572127139363 0.02124083129584352 0.02124083129584352 0.01971271393643032 0.02047677261613692 0.02444987775061125 0.022463325183374083 0.02093520782396088 0.02643643031784841 0.022921760391198046 0.018643031784841075 0.02124083129584352 0.020018337408312957 0.022463325183374083 0.023074572127139363 0.022004889975550123 0.024755501222493887 0.019407090464547676 0.022463325183374083 0.02124083129584352 0.022004889975550123 0.02062958435207824 0.022921760391198046 0.02124083129584352 0.022157701711491444 0.022921760391198046 0.024144254278728607 0.022921760391198046 0.025366748166259168 0.01971271393643032 0.025366748166259168 0.022157701711491444 0.02169926650366748 0.022157701711491444 0.023074572127139363 0.028270171149144253 0.025366748166259168 0.023227383863080684 0.02154645476772616 0.023991442542787286 0.022157701711491444 0.022616136919315404 0.023533007334963326 0.019101466992665038 0.02597799511002445 0.02231051344743276 0.01971271393643032 0.0210880195599022 0.02231051344743276 0.024144254278728607 0.02521393643031785 0.020018337408312957 0.021852078239608802 0.023838630806845965 0.02582518337408313 0.02521393643031785 0.022921760391198046 0.020171149144254278 0.023838630806845965 0.02444987775061125 0.021393643031784843 0.022921760391198046 0.017267726161369193 0.022768948655256725 0.022463325183374083 0.018795843520782396 0.019254278728606355 0.02062958435207824 0.022768948655256725 0.024297066014669928 0.023685819070904647 0.02582518337408313 0.02551955990220049 0.023074572127139363 0.022157701711491444 0.0203239608801956 0.023074572127139363 0.020171149144254278 0.02124083129584352 0.02444987775061125 0.022616136919315404 0.02231051344743276 0.02093520782396088 0.018490220048899754 0.0210880195599022 0.02093520782396088 0.020018337408312957 0.024602689486552566 0.02124083129584352 0.019101466992665038 0.018490220048899754 0.022004889975550123 0.022004889975550123 0.02047677261613692 0.020171149144254278 0.02154645476772616 0.022463325183374083 0.020171149144254278 0.023074572127139363 0.022463325183374083 0.022004889975550123 0.023533007334963326 0.022004889975550123 0.02093520782396088 0.022004889975550123 0.020171149144254278 0.018337408312958436 0.024144254278728607 0.021393643031784843 0.022004889975550123 0.021852078239608802 0.021393643031784843 0.020171149144254278 0.025366748166259168 0.02047677261613692 0.02093520782396088 0.019254278728606355 0.022768948655256725 0.018795843520782396 0.02078239608801956 0.023838630806845965 0.022004889975550123 0.022616136919315404 0.020018337408312957 0.023685819070904647 0.02567237163814181 0.01986552567237164 0.020018337408312957 0.022616136919315404 0.023533007334963326 0.02124083129584352 0.020171149144254278 0.023380195599022005 0.024144254278728607 0.024755501222493887 0.02062958435207824 0.02093520782396088 0.023991442542787286 0.02689486552567237 0.020171149144254278 0.023533007334963326 0.02597799511002445 0.02169926650366748 0.023991442542787286 0.02567237163814181 0.023074572127139363 0.021852078239608802 0.02444987775061125 0.02582518337408313 0.02169926650366748 0.021393643031784843 0.023533007334963326 0.023991442542787286 0.023685819070904647 0.019559902200488997 0.022004889975550123 0.022004889975550123 0.02231051344743276 0.023991442542787286 0.019254278728606355 0.02078239608801956 0.021393643031784843 0.023227383863080684 0.023533007334963326 0.01971271393643032 0.022004889975550123 0.021852078239608802 0.02093520782396088 0.01986552567237164 0.019559902200488997 0.021393643031784843 0.0210880195599022 0.02124083129584352 0.02231051344743276 0.02047677261613692 0.022921760391198046 0.022768948655256725 0.02047677261613692 0.0210880195599022 0.022463325183374083 0.018337408312958436 0.024297066014669928 0.02047677261613692 0.02444987775061125 0.02231051344743276 0.02078239608801956 0.019407090464547676 0.02154645476772616 0.022463325183374083 0.022463325183374083 0.01696210268948655 0.023685819070904647 0.02062958435207824 0.019101466992665038 0.02078239608801956 0.02047677261613692 0.022463325183374083

# Dark Counts Data:
0.024755501222493887 0.02506112469437653 0.023380195599022005 0.023227383863080684 0.02674205378973105 0.021852078239608802 0.023991442542787286 0.025366748166259168 0.026589242053789732 0.027811735941320293 0.028728606356968216 0.029951100244498777 0.028881418092909537 0.027200488997555013 0.02613080684596577 0.022616136919315404 0.023533007334963326 0.02674205378973105 0.027811735941320293 0.023838630806845965 0.02613080684596577 0.029339853300733496 0.027658924205378972 0.025366748166259168 0.029798288508557456 0.028881418092909537 0.025366748166259168 0.028575794621026895 0.024602689486552566 0.028117359413202935 0.02551955990220049 0.024144254278728607 0.027811735941320293 0.027200488997555013 0.028117359413202935 0.02628361858190709 0.02567237163814181 0.028575794621026895 0.02643643031784841 0.02506112469437653 0.02551955990220049 0.027353300733496334 0.023838630806845965 0.02597799511002445 0.030103911980440098 0.027811735941320293 0.024602689486552566 0.023074572127139363 0.024908312958435208 0.025366748166259168 0.024755501222493887 0.02628361858190709 0.026589242053789732 0.028117359413202935 0.022921760391198046 0.021852078239608802 0.024908312958435208 0.024297066014669928 0.028575794621026895 0.024297066014669928 0.027200488997555013 0.02704767726161369 0.023991442542787286 0.024144254278728607 0.02506112469437653 0.029645476772616138 0.023533007334963326 0.023380195599022005 0.02582518337408313 0.02613080684596577 0.02689486552567237 0.027811735941320293 0.023685819070904647 0.027353300733496334 0.02613080684596577 0.023380195599022005 0.027811735941320293 0.02674205378973105 0.02628361858190709 0.022768948655256725 0.028575794621026895 0.023991442542787286 0.027811735941320293 0.02674205378973105 0.02521393643031785 0.02444987775061125 0.02582518337408313 0.024144254278728607 0.02582518337408313 0.025366748166259168 0.02521393643031785 0.028422982885085574 0.02689486552567237 0.022463325183374083 0.02521393643031785 0.027658924205378972 0.024144254278728607 0.028422982885085574 0.02444987775061125 0.02567237163814181 0.023533007334963326 0.024602689486552566 0.026589242053789732 0.02674205378973105 0.024602689486552566 0.02582518337408313 0.02628361858190709 0.028575794621026895 0.029339853300733496 0.02506112469437653 0.02628361858190709 0.028270171149144253 0.029034229828850854 0.022463325183374083 0.027964547677261614 0.02582518337408313 0.024908312958435208 0.023074572127139363 0.022768948655256725 0.023685819070904647 0.028575794621026895 0.024602689486552566 0.024602689486552566 0.023227383863080684 0.02521393643031785 0.026589242053789732 0.024755501222493887 0.028270171149144253 0.022616136919315404 0.02750611246943765 0.028881418092909537 0.029339853300733496 0.02597799511002445 0.028117359413202935 0.02582518337408313 0.02704767726161369 0.027353300733496334 0.025366748166259168 0.027658924205378972 0.02444987775061125 0.0203239608801956 0.02506112469437653 0.02613080684596577 0.024755501222493887 0.027353300733496334 0.024755501222493887 0.02582518337408313 0.022463325183374083 0.02704767726161369 0.027811735941320293 0.025366748166259168 0.02582518337408313 0.027811735941320293 0.02506112469437653 0.02154645476772616 0.023991442542787286 0.021393643031784843 0.028117359413202935 0.024602689486552566 0.027658924205378972 0.024602689486552566 0.023991442542787286 0.023533007334963326 0.02628361858190709 0.025366748166259168 0.021393643031784843 0.022768948655256725 0.02674205378973105 0.024144254278728607 0.02521393643031785 0.026589242053789732 0.024297066014669928 0.02169926650366748 0.024908312958435208 0.02521393643031785 0.02643643031784841 0.022921760391198046 0.02444987775061125 0.027811735941320293 0.02643643031784841 0.02521393643031785 0.02551955990220049 0.02567237163814181 0.024602689486552566 0.027353300733496334 0.02689486552567237 0.02551955990220049 0.02597799511002445 0.03025672371638142 0.022616136919315404 0.028575794621026895 0.022768948655256725 0.025366748166259168 0.024755501222493887 0.027964547677261614 0.02582518337408313 0.027811735941320293 0.02689486552567237 0.027964547677261614 0.026589242053789732 0.02750611246943765 0.02551955990220049 0.027811735941320293 0.023533007334963326 0.023380195599022005 0.027658924205378972 0.029492665036674817 0.02643643031784841 0.025366748166259168 0.02521393643031785 0.022768948655256725 0.022616136919315404 0.02582518337408313 0.02704767726161369 0.02521393643031785 0.024755501222493887 0.02674205378973105 0.021852078239608802 0.02597799511002445 0.027811735941320293 0.02628361858190709 0.024908312958435208 0.024602689486552566 0.02628361858190709 0.029034229828850854 0.027200488997555013 0.02674205378973105 0.028270171149144253 0.029645476772616138 0.02643643031784841 0.02750611246943765 0.029339853300733496 0.024602689486552566 0.02521393643031785 0.02674205378973105 0.024755501222493887 0.02643643031784841 0.02643643031784841 0.02444987775061125 0.02750611246943765 0.02444987775061125 0.024602689486552566 0.023380195599022005 0.024602689486552566 0.025366748166259168 0.027658924205378972 0.02613080684596577 0.02674205378973105 0.02597799511002445 0.024297066014669928 0.028117359413202935 0.02597799511002445 0.02444987775061125 0.02521393643031785 0.029645476772616138 0.028422982885085574 0.02643643031784841 0.02613080684596577 0.02628361858190709 0.029645476772616138 0.028422982885085574 0.02704767726161369 0.025366748166259168 0.02551955990220049 0.022616136919315404 0.024144254278728607 0.02521393643031785 0.026589242053789732 0.025366748166259168 0.02674205378973105 0.024755501222493887 0.02506112469437653 0.025366748166259168 0.029339853300733496 0.025366748166259168 0.02613080684596577 0.024297066014669928 0.028575794621026895 0.02643643031784841 0.027353300733496334 0.026589242053789732 0.024602689486552566 0.028270171149144253 0.02444987775061125 0.027200488997555013 0.028270171149144253 0.024297066014669928 0.021393643031784843 0.023227383863080684 0.027353300733496334 0.02444987775061125 0.027200488997555013 0.025366748166259168 0.02750611246943765 0.02689486552567237 0.02444987775061125 0.0210880195599022 0.02613080684596577 0.02231051344743276 0.02506112469437653 0.02521393643031785 0.023533007334963326 0.02551955990220049 0.024602689486552566 0.02689486552567237 0.027353300733496334 0.02551955990220049 0.023991442542787286 0.023074572127139363 0.022921760391198046 0.02521393643031785 0.02521393643031785 0.028575794621026895 0.024908312958435208 0.024144254278728607 0.023838630806845965 0.022921760391198046 0.03025672371638142 0.024297066014669928 0.024144254278728607 0.02674205378973105 0.027658924205378972 0.02567237163814181 0.02613080684596577 0.027964547677261614 0.030562347188264057 0.030562347188264057 0.02597799511002445 0.02704767726161369 0.027200488997555013 0.022004889975550123 0.027964547677261614 0.024297066014669928 0.02628361858190709 0.029951100244498777 0.025366748166259168 0.023838630806845965 0.029645476772616138 0.02674205378973105 0.02674205378973105 0.02597799511002445 0.02628361858190709 0.029798288508557456 0.02521393643031785 0.025366748166259168 0.02582518337408313 0.028270171149144253 0.027200488997555013 0.024755501222493887 0.026589242053789732 0.025366748166259168 0.02689486552567237 0.024755501222493887 0.028422982885085574 0.02674205378973105 0.02613080684596577 0.02613080684596577 0.02551955990220049 0.02597799511002445 0.027811735941320293 0.02444987775061125 0.029187041564792175 0.022768948655256725 0.02750611246943765 0.027658924205378972 0.028117359413202935 0.024297066014669928 0.029492665036674817 0.023533007334963326 0.029339853300733496 0.02444987775061125 0.02689486552567237 0.03040953545232274 0.02750611246943765 0.028117359413202935 0.02643643031784841 0.02582518337408313 0.027658924205378972 0.02613080684596577 0.023685819070904647 0.03025672371638142 0.025366748166259168 0.02750611246943765 0.02597799511002445 0.024755501222493887 0.02444987775061125 0.02628361858190709 0.02582518337408313 0.022004889975550123 0.028422982885085574 0.023991442542787286 0.0308679706601467 0.023533007334963326 0.024755501222493887 0.02444987775061125 0.02613080684596577
