# Parameters:
n_avg = 1000000
meas_len_1 = 500
wait_for_initialization = 1500
wait_after_measure = 1000
NV_IF_freq = 71000000

# t_vec (Pulse Durations in clock cycles):
4 5 6 7 8 9 10 11 12 13 14 15 16 17 18 19 20 21 22 23 24 25 26 27 28 29 30 31 32 33 34 35 36 37 38 39 40 41 42 43 44 45 46 47 48 49 50 51 52 53 54 55 56 57 58 59 60 61 62 63 64 65 66 67 68 69 70 71 72 73 74 75 76 77 78 79 80 81 82 83 84 85 86 87 88 89 90 91 92 93 94 95 96 97 98 99 100 101 102 103 104 105 106 107 108 109 110 111 112 113 114 115 116 117 118 119 120 121 122 123 124 125 126 127 128 129 130 131 132 133 134 135 136 137 138 139 140 141 142 143 144 145 146 147 148 149 150 151 152 153 154 155 156 157 158 159 160 161 162 163 164 165 166 167 168 169 170 171 172 173 174 175 176 177 178 179 180 181 182 183 184 185 186 187 188 189 190 191 192 193 194 195 196 197 198 199 200 201 202 203 204 205 206 207 208 209 210 211 212 213 214 215 216 217 218 219 220 221 222 223 224 225 226 227 228 229 230 231 232 233 234 235 236 237 238 239 240 241 242 243 244 245 246 247 248 249 250 251 252 253 254 255 256 257 258 259 260 261 262 263 264 265 266 267 268 269 270 271 272 273 274 275 276 277 278 279 280 281 282 283 284 285 286 287 288 289 290 291 292 293 294 295 296 297 298 299 300 301 302 303 304 305 306 307 308 309 310 311 312 313 314 315 316 317 318 319 320 321 322 323 324 325 326 327 328 329 330 331 332 333 334 335 336 337 338 339 340 341 342 343 344 345 346 347 348 349 350 351 352 353 354 355 356 357 358 359 360 361 362 363 364 365 366 367 368 369 370 371 372 373 374 375 376 377 378 379 380 381 382 383 384 385 386 387 388 389 390 391 392 393 394 395 396 397 398 399

# Counts Data:
0.013865239601070299 0.015000405416362604 0.013378739965945026 0.013500364874726344 0.01451390578123733 0.014838238871320847 0.014230114327414254 0.01305440687586151 0.015000405416362604 0.01374361469228898 0.012446282331954918 0.01378415632854942 0.01313549014838239 0.012608448876996676 0.011919241060569205 0.011919241060569205 0.013257115057163708 0.012730073785777994 0.012040865969350523 0.01224357415065272 0.010662450336495582 0.012000324333090083 0.011432741425443932 0.010986783426579097 0.011919241060569205 0.011148949971620855 0.011716532879267006 0.011959782696829645 0.011716532879267006 0.011351658152923052 0.010824616881537338 0.011878699424308765 0.010581367063974702 0.01228411578691316 0.00989215924754723 0.010581367063974702 0.01074353360901646 0.011230033244141733 0.010662450336495582 0.011230033244141733 0.011108408335360415 0.011594907970485688 0.0107840752452769 0.010662450336495582 0.011311116516662613 0.010500283791453823 0.009365117976161517 0.010135409065109869 0.011594907970485688 0.009811075975026352 0.011027325062839537 0.011351658152923052 0.011148949971620855 0.010419200518932943 0.0123246574231736 0.011392199789183492 0.010946241790318657 0.011230033244141733 0.01224357415065272 0.01155436633422525 0.011757074515527446 0.010540825427714262 0.010054325792588989 0.011878699424308765 0.011351658152923052 0.010946241790318657 0.012527365604475796 0.011108408335360415 0.011351658152923052 0.010986783426579097 0.011878699424308765 0.011230033244141733 0.011594907970485688 0.01155436633422525 0.012405740695694478 0.012486823968215358 0.012405740695694478 0.011270574880402173 0.013013865239601071 0.012527365604475796 0.0123246574231736 0.011919241060569205 0.013338198329684586 0.012040865969350523 0.0123246574231736 0.012162490878131841 0.01309494851212195 0.010986783426579097 0.010662450336495582 0.012040865969350523 0.011757074515527446 0.012892240330819751 0.011919241060569205 0.012527365604475796 0.01309494851212195 0.012203032514392281 0.01224357415065272 0.011675991243006568 0.01236519905943404 0.012405740695694478 0.012608448876996676 0.012446282331954918 0.011959782696829645 0.012405740695694478 0.011878699424308765 0.012811157058298873 0.012973323603340631 0.012203032514392281 0.011716532879267006 0.012405740695694478 0.0123246574231736 0.012608448876996676 0.01228411578691316 0.010824616881537338 0.011392199789183492 0.011919241060569205 0.011230033244141733 0.011189491607881293 0.011351658152923052 0.011432741425443932 0.012446282331954918 0.01147328306170437 0.01151382469796481 0.011838157788048326 0.010621908700235142 0.011311116516662613 0.012811157058298873 0.012040865969350523 0.011392199789183492 0.012162490878131841 0.012000324333090083 0.012811157058298873 0.01228411578691316 0.011311116516662613 0.011797616151787886 0.012811157058298873 0.012203032514392281 0.011311116516662613 0.011797616151787886 0.012000324333090083 0.011757074515527446 0.012567907240736236 0.012405740695694478 0.011919241060569205 0.011838157788048326 0.012527365604475796 0.01224357415065272 0.012608448876996676 0.012405740695694478 0.013581448147247223 0.011959782696829645 0.013013865239601071 0.012527365604475796 0.010540825427714262 0.012567907240736236 0.011189491607881293 0.012081407605610963 0.011432741425443932 0.012973323603340631 0.01313549014838239 0.01309494851212195 0.010824616881537338 0.012811157058298873 0.013540906510986784 0.011392199789183492 0.010905700154058218 0.011392199789183492 0.01224357415065272 0.011148949971620855 0.012000324333090083 0.012040865969350523 0.011919241060569205 0.012811157058298873 0.013297656693424146 0.011067866699099975 0.01074353360901646 0.01224357415065272 0.012567907240736236 0.013216573420903268 0.012932781967080191 0.012486823968215358 0.011959782696829645 0.012446282331954918 0.011919241060569205 0.011797616151787886 0.012527365604475796 0.011919241060569205 0.012689532149517554 0.011838157788048326 0.011230033244141733 0.0107840752452769 0.01155436633422525 0.011189491607881293 0.011311116516662613 0.01147328306170437 0.010500283791453823 0.01151382469796481 0.011959782696829645 0.010257033973891187 0.011675991243006568 0.011148949971620855 0.010540825427714262 0.012040865969350523 0.01151382469796481 0.009648909429984594 0.010500283791453823 0.011351658152923052 0.01147328306170437 0.011716532879267006 0.010135409065109869 0.01074353360901646 0.011067866699099975 0.011351658152923052 0.01074353360901646 0.011270574880402173 0.011959782696829645 0.010621908700235142 0.011392199789183492 0.01147328306170437 0.011270574880402173 0.010824616881537338 0.010946241790318657 0.011148949971620855 0.011230033244141733 0.013013865239601071 0.012567907240736236 0.011716532879267006 0.012486823968215358 0.012203032514392281 0.013865239601070299 0.012527365604475796 0.01236519905943404 0.01313549014838239 0.012567907240736236 0.011311116516662613 0.012040865969350523 0.012932781967080191 0.013176031784642828 0.012608448876996676 0.0123246574231736 0.012121949241871401 0.01236519905943404 0.010905700154058218 0.011432741425443932 0.01236519905943404 0.012040865969350523 0.012486823968215358 0.013419281602205464 0.013216573420903268 0.011635449606746128 0.012811157058298873 0.01309494851212195 0.011959782696829645 0.012486823968215358 0.013297656693424146 0.011838157788048326 0.012405740695694478 0.012486823968215358 0.011311116516662613 0.01151382469796481 0.011959782696829645 0.011635449606746128 0.012892240330819751 0.011392199789183492 0.012608448876996676 0.011392199789183492 0.011230033244141733 0.011230033244141733 0.011189491607881293 0.012040865969350523 0.010135409065109869 0.012000324333090083 0.012608448876996676 0.012081407605610963 0.012162490878131841 0.011838157788048326 0.01155436633422525 0.010540825427714262 0.011189491607881293 0.01155436633422525 0.011757074515527446 0.011270574880402173 0.011351658152923052 0.01224357415065272 0.011311116516662613 0.011027325062839537 0.010581367063974702 0.012040865969350523 0.012081407605610963 0.010054325792588989 0.011594907970485688 0.010257033973891187 0.011594907970485688 0.01074353360901646 0.011716532879267006 0.01155436633422525 0.01155436633422525 0.011919241060569205 0.01151382469796481 0.011108408335360415 0.01236519905943404 0.011594907970485688 0.011189491607881293 0.01074353360901646 0.01236519905943404 0.01224357415065272 0.01147328306170437 0.013176031784642828 0.011797616151787886 0.012000324333090083 0.010824616881537338 0.012203032514392281 0.012648990513257114 0.012081407605610963 0.012162490878131841 0.01236519905943404 0.013013865239601071 0.012811157058298873 0.010500283791453823 0.010986783426579097 0.011270574880402173 0.01305440687586151 0.013013865239601071 0.01236519905943404 0.012081407605610963 0.012567907240736236 0.010986783426579097 0.011797616151787886 0.01236519905943404 0.012689532149517554 0.012567907240736236 0.012446282331954918 0.012446282331954918 0.012811157058298873 0.012040865969350523 0.012932781967080191 0.01151382469796481 0.011067866699099975 0.012932781967080191 0.012081407605610963 0.011838157788048326 0.011959782696829645 0.012121949241871401 0.011311116516662613 0.012567907240736236 0.013540906510986784 0.012040865969350523 0.0123246574231736 0.012081407605610963 0.01236519905943404 0.011797616151787886 0.01313549014838239 0.011919241060569205 0.011838157788048326 0.011635449606746128 0.012851698694559313 0.011959782696829645 0.012973323603340631 0.012486823968215358 0.012405740695694478 0.013540906510986784 0.013662531419768103 0.012811157058298873 0.012162490878131841 0.01236519905943404 0.011838157788048326 0.011838157788048326 0.01313549014838239 0.011392199789183492 0.012446282331954918 0.011878699424308765 0.011919241060569205 0.011878699424308765 0.010297575610151625 0.012567907240736236 0.012121949241871401 0.011919241060569205 0.012527365604475796 0.011716532879267006 0.011838157788048326 0.012081407605610963 0.012000324333090083 0.010946241790318657 0.011027325062839537 0.01236519905943404 0.010946241790318657 0.011838157788048326 0.0107840752452769 0.012040865969350523 0.01155436633422525 0.011878699424308765 0.011716532879267006 0.011797616151787886 0.010865158517797778 0.011838157788048326 0.011838157788048326

# Dark Counts Data:
0.013986864509851617 0.013946322873591177 0.01236519905943404 0.013176031784642828 0.014270655963674694 0.014230114327414254 0.01309494851212195 0.014676072326279089 0.013824697964809859 0.01451390578123733 0.012730073785777994 0.012811157058298873 0.015081488688883484 0.013500364874726344 0.014149031054893376 0.01390578123733074 0.014230114327414254 0.01374361469228898 0.012648990513257114 0.014392280872456012 0.015486905051487879 0.01370307305602854 0.013419281602205464 0.012851698694559313 0.012811157058298873 0.014189572691153816 0.01455444741749777 0.01313549014838239 0.01370307305602854 0.01374361469228898 0.013662531419768103 0.01378415632854942 0.01451390578123733 0.013297656693424146 0.013662531419768103 0.013459823238465904 0.013662531419768103 0.01313549014838239 0.012486823968215358 0.013621989783507663 0.014838238871320847 0.013865239601070299 0.014797697235060407 0.012932781967080191 0.01455444741749777 0.014594989053758209 0.013581448147247223 0.012892240330819751 0.014270655963674694 0.013824697964809859 0.014149031054893376 0.014392280872456012 0.012973323603340631 0.014027406146112057 0.014635530690018649 0.012770615422038433 0.012405740695694478 0.01370307305602854 0.013865239601070299 0.013865239601070299 0.012689532149517554 0.014311197599935134 0.014838238871320847 0.014432822508716452 0.013824697964809859 0.012527365604475796 0.014027406146112057 0.015040947052623044 0.014108489418632936 0.0123246574231736 0.015811238141571395 0.01374361469228898 0.014838238871320847 0.013297656693424146 0.013176031784642828 0.014797697235060407 0.012851698694559313 0.01370307305602854 0.014108489418632936 0.014230114327414254 0.013581448147247223 0.01378415632854942 0.015649071596529635 0.013986864509851617 0.012851698694559313 0.01374361469228898 0.013459823238465904 0.01528419687018568 0.014351739236195572 0.013540906510986784 0.014149031054893376 0.015446363415227439 0.01451390578123733 0.014392280872456012 0.014108489418632936 0.012608448876996676 0.012648990513257114 0.012446282331954918 0.012567907240736236 0.014149031054893376 0.014594989053758209 0.012648990513257114 0.013986864509851617 0.014270655963674694 0.014757155598799967 0.013459823238465904 0.013540906510986784 0.013540906510986784 0.014270655963674694 0.013824697964809859 0.01378415632854942 0.012689532149517554 0.014351739236195572 0.01374361469228898 0.012527365604475796 0.014230114327414254 0.014716613962539529 0.014149031054893376 0.012851698694559313 0.014797697235060407 0.013013865239601071 0.013500364874726344 0.012040865969350523 0.013946322873591177 0.01305440687586151 0.012527365604475796 0.013378739965945026 0.014716613962539529 0.013500364874726344 0.012648990513257114 0.013216573420903268 0.013662531419768103 0.012689532149517554 0.012770615422038433 0.013500364874726344 0.012730073785777994 0.013540906510986784 0.012608448876996676 0.013621989783507663 0.015446363415227439 0.0123246574231736 0.013662531419768103 0.01455444741749777 0.013297656693424146 0.01370307305602854 0.013824697964809859 0.01374361469228898 0.014189572691153816 0.014594989053758209 0.013459823238465904 0.014797697235060407 0.01455444741749777 0.014270655963674694 0.013257115057163708 0.015000405416362604 0.01378415632854942 0.013500364874726344 0.013013865239601071 0.01224357415065272 0.01378415632854942 0.01378415632854942 0.013216573420903268 0.01378415632854942 0.012973323603340631 0.013540906510986784 0.015162571961404362 0.014757155598799967 0.013338198329684586 0.01455444741749777 0.014919322143841725 0.013176031784642828 0.013297656693424146 0.01378415632854942 0.012811157058298873 0.01313549014838239 0.013662531419768103 0.01451390578123733 0.01309494851212195 0.014027406146112057 0.015162571961404362 0.013013865239601071 0.01378415632854942 0.013662531419768103 0.013865239601070299 0.013338198329684586 0.01390578123733074 0.014676072326279089 0.013176031784642828 0.014311197599935134 0.01224357415065272 0.013338198329684586 0.01455444741749777 0.013662531419768103 0.014311197599935134 0.01370307305602854 0.01447336414497689 0.014959863780102165 0.013824697964809859 0.014838238871320847 0.014149031054893376 0.015203113597664802 0.012811157058298873 0.014432822508716452 0.013946322873591177 0.014149031054893376 0.014270655963674694 0.013419281602205464 0.013986864509851617 0.013540906510986784 0.013459823238465904 0.012730073785777994 0.013419281602205464 0.01370307305602854 0.013419281602205464 0.014149031054893376 0.013824697964809859 0.014108489418632936 0.013946322873591177 0.01309494851212195 0.01390578123733074 0.01236519905943404 0.014594989053758209 0.01309494851212195 0.015527446687748317 0.013865239601070299 0.013865239601070299 0.014716613962539529 0.013216573420903268 0.01374361469228898 0.01374361469228898 0.01370307305602854 0.014230114327414254 0.014432822508716452 0.015405821778966999 0.012770615422038433 0.014067947782372496 0.013824697964809859 0.014149031054893376 0.013216573420903268 0.013581448147247223 0.01447336414497689 0.012851698694559313 0.013540906510986784 0.014594989053758209 0.014270655963674694 0.014149031054893376 0.013378739965945026 0.014027406146112057 0.013621989783507663 0.014189572691153816 0.014230114327414254 0.013257115057163708 0.013257115057163708 0.012932781967080191 0.013338198329684586 0.01536528014270656 0.012932781967080191 0.01309494851212195 0.012851698694559313 0.013824697964809859 0.013865239601070299 0.014270655963674694 0.01378415632854942 0.014149031054893376 0.01228411578691316 0.01451390578123733 0.01390578123733074 0.013865239601070299 0.013865239601070299 0.013581448147247223 0.013946322873591177 0.014149031054893376 0.01447336414497689 0.012405740695694478 0.014797697235060407 0.015162571961404362 0.013581448147247223 0.013662531419768103 0.014311197599935134 0.014149031054893376 0.01378415632854942 0.01370307305602854 0.01378415632854942 0.012730073785777994 0.01390578123733074 0.015122030325143922 0.014270655963674694 0.01451390578123733 0.014189572691153816 0.013621989783507663 0.013662531419768103 0.012203032514392281 0.014189572691153816 0.015203113597664802 0.013621989783507663 0.013297656693424146 0.013946322873591177 0.01378415632854942 0.013865239601070299 0.01378415632854942 0.014189572691153816 0.01370307305602854 0.013621989783507663 0.01378415632854942 0.01305440687586151 0.013621989783507663 0.01447336414497689 0.014108489418632936 0.013500364874726344 0.01447336414497689 0.014270655963674694 0.01447336414497689 0.013013865239601071 0.01370307305602854 0.012973323603340631 0.014108489418632936 0.013338198329684586 0.012811157058298873 0.014189572691153816 0.015608529960269197 0.013459823238465904 0.013581448147247223 0.013946322873591177 0.013540906510986784 0.013378739965945026 0.011959782696829645 0.015122030325143922 0.015000405416362604 0.013824697964809859 0.013946322873591177 0.012486823968215358 0.01455444741749777 0.013824697964809859 0.01370307305602854 0.013500364874726344 0.015405821778966999 0.013378739965945026 0.014797697235060407 0.01455444741749777 0.01447336414497689 0.013824697964809859 0.013297656693424146 0.012892240330819751 0.01451390578123733 0.013824697964809859 0.013662531419768103 0.013662531419768103 0.013621989783507663 0.014189572691153816 0.014635530690018649 0.012851698694559313 0.01305440687586151 0.014838238871320847 0.013662531419768103 0.013013865239601071 0.014432822508716452 0.015243655233925242 0.014311197599935134 0.015081488688883484 0.011230033244141733 0.013865239601070299 0.01224357415065272 0.014392280872456012 0.01451390578123733 0.015203113597664802 0.014230114327414254 0.01390578123733074 0.014594989053758209 0.014838238871320847 0.013459823238465904 0.01378415632854942 0.01378415632854942 0.013540906510986784 0.013986864509851617 0.014351739236195572 0.01370307305602854 0.01451390578123733 0.01309494851212195 0.014149031054893376 0.014027406146112057 0.013216573420903268 0.012892240330819751 0.014027406146112057 0.012770615422038433 0.012486823968215358 0.012527365604475796 0.012892240330819751 0.014230114327414254 0.014594989053758209 0.01305440687586151 0.012405740695694478 0.015081488688883484 0.012892240330819751 0.012162490878131841 0.015243655233925242 0.012608448876996676
