# Parameters:
n_avg = 1000000
meas_len_1 = 500
wait_for_initialization = 1500
wait_after_measure = 1000
NV_IF_freq = 70000000

# t_vec (Pulse Durations in clock cycles):
4 5 6 7 8 9 10 11 12 13 14 15 16 17 18 19 20 21 22 23 24 25 26 27 28 29 30 31 32 33 34 35 36 37 38 39 40 41 42 43 44 45 46 47 48 49 50 51 52 53 54 55 56 57 58 59 60 61 62 63 64 65 66 67 68 69 70 71 72 73 74 75 76 77 78 79 80 81 82 83 84 85 86 87 88 89 90 91 92 93 94 95 96 97 98 99 100 101 102 103 104 105 106 107 108 109 110 111 112 113 114 115 116 117 118 119 120 121 122 123 124 125 126 127 128 129 130 131 132 133 134 135 136 137 138 139 140 141 142 143 144 145 146 147 148 149 150 151 152 153 154 155 156 157 158 159 160 161 162 163 164 165 166 167 168 169 170 171 172 173 174 175 176 177 178 179 180 181 182 183 184 185 186 187 188 189 190 191 192 193 194 195 196 197 198 199 200 201 202 203 204 205 206 207 208 209 210 211 212 213 214 215 216 217 218 219 220 221 222 223 224 225 226 227 228 229 230 231 232 233 234 235 236 237 238 239 240 241 242 243 244 245 246 247 248 249 250 251 252 253 254 255 256 257 258 259 260 261 262 263 264 265 266 267 268 269 270 271 272 273 274 275 276 277 278 279 280 281 282 283 284 285 286 287 288 289 290 291 292 293 294 295 296 297 298 299 300 301 302 303 304 305 306 307 308 309 310 311 312 313 314 315 316 317 318 319 320 321 322 323 324 325 326 327 328 329 330 331 332 333 334 335 336 337 338 339 340 341 342 343 344 345 346 347 348 349 350 351 352 353 354 355 356 357 358 359 360 361 362 363 364 365 366 367 368 369 370 371 372 373 374 375 376 377 378 379 380 381 382 383 384 385 386 387 388 389 390 391 392 393 394 395 396 397 398 399

# Counts Data:
0.025162178101041873 0.02614507568311382 0.02614507568311382 0.026390800078631805 0.027029683506978572 0.025162178101041873 0.026243365441321016 0.025997641045803026 0.02614507568311382 0.02442500491448791 0.02481816394731669 0.02476901906821309 0.025358757617456262 0.02521132298014547 0.02309809317869078 0.023392962453312363 0.023933556123451938 0.024326715156280716 0.02349125221151956 0.021427167289168467 0.02427757027717712 0.02236091999213682 0.020689994102614507 0.021918616080204442 0.023589541969726756 0.021132298014546885 0.02250835462944761 0.02201690583841164 0.021427167289168467 0.023884411244348338 0.020493414586200118 0.02044426970709652 0.02182032632199725 0.020345979948889325 0.02029683506978573 0.020935718498132496 0.018822488696677808 0.018478474542952626 0.019019068213092197 0.02216434047572243 0.019412227245920975 0.01936308236681738 0.018969923333988597 0.020591704344407314 0.02103400825633969 0.020051110674267743 0.021328877530961275 0.020051110674267743 0.020542559465303714 0.020788283860821703 0.019608806762335364 0.020198545311578532 0.019019068213092197 0.020591704344407314 0.019559661883231768 0.01985453115785335 0.02044426970709652 0.020739138981718103 0.020591704344407314 0.020247690190682132 0.019756241399646157 0.020935718498132496 0.018773343817574208 0.020198545311578532 0.02029683506978573 0.020984863377236092 0.018822488696677808 0.019608806762335364 0.020591704344407314 0.020395124827992925 0.020984863377236092 0.019068213092195793 0.020395124827992925 0.0208374287399253 0.021672891684686457 0.0227540790249656 0.020689994102614507 0.019805386278749754 0.020886573619028896 0.02118144289365048 0.020689994102614507 0.02137802241006487 0.02250835462944761 0.021525457047375664 0.021672891684686457 0.02329467269510517 0.022606644387654806 0.02196776095930804 0.02309809317869078 0.021722036563790053 0.02182032632199725 0.023982701002555534 0.021525457047375664 0.02177118144289365 0.02309809317869078 0.020395124827992925 0.02157460192647926 0.020739138981718103 0.020493414586200118 0.0208374287399253 0.02211519559661883 0.02236091999213682 0.024572439551798702 0.023786121486141145 0.021722036563790053 0.021918616080204442 0.023196382936897974 0.022704934145862003 0.021328877530961275 0.0227540790249656 0.02182032632199725 0.02250835462944761 0.023392962453312363 0.02211519559661883 0.02177118144289365 0.021722036563790053 0.023884411244348338 0.023196382936897974 0.023147238057794377 0.024080990760762727 0.023048948299587185 0.021918616080204442 0.02422842539807352 0.022410064871240417 0.021869471201100846 0.021427167289168467 0.02422842539807352 0.020591704344407314 0.02211519559661883 0.02403184588165913 0.022655789266758403 0.02196776095930804 0.021869471201100846 0.02496559858462748 0.022459209750344013 0.023589541969726756 0.0227540790249656 0.022704934145862003 0.024130135639866327 0.021132298014546885 0.021427167289168467 0.020395124827992925 0.02255749950855121 0.023638686848830352 0.022901513662276392 0.02481816394731669 0.023638686848830352 0.023245527816001574 0.022999803420483585 0.023147238057794377 0.020591704344407314 0.021918616080204442 0.02255749950855121 0.02103400825633969 0.02481816394731669 0.023196382936897974 0.02216434047572243 0.020788283860821703 0.020788283860821703 0.023196382936897974 0.022852368783172792 0.022852368783172792 0.023392962453312363 0.020493414586200118 0.02255749950855121 0.02201690583841164 0.023638686848830352 0.022950658541379988 0.02118144289365048 0.02118144289365048 0.023736976607037545 0.022066050717515235 0.024375860035384313 0.023245527816001574 0.02196776095930804 0.02329467269510517 0.022852368783172792 0.023245527816001574 0.021525457047375664 0.0227540790249656 0.023540397090623156 0.022606644387654806 0.024375860035384313 0.022410064871240417 0.023048948299587185 0.02196776095930804 0.021672891684686457 0.022459209750344013 0.02250835462944761 0.02118144289365048 0.022066050717515235 0.02103400825633969 0.02118144289365048 0.021869471201100846 0.02236091999213682 0.022999803420483585 0.020689994102614507 0.02044426970709652 0.018969923333988597 0.021427167289168467 0.02118144289365048 0.02196776095930804 0.022459209750344013 0.020051110674267743 0.022803223904069195 0.022803223904069195 0.02250835462944761 0.023736976607037545 0.022999803420483585 0.021869471201100846 0.022704934145862003 0.02137802241006487 0.020247690190682132 0.02211519559661883 0.020247690190682132 0.020198545311578532 0.02231177511303322 0.02383526636524474 0.01970709652054256 0.021476312168272067 0.023540397090623156 0.022213485354826028 0.02182032632199725 0.021083153135443285 0.023196382936897974 0.021083153135443285 0.02029683506978573 0.02216434047572243 0.02182032632199725 0.024080990760762727 0.02368783172793395 0.022066050717515235 0.023736976607037545 0.02255749950855121 0.022999803420483585 0.021230587772754078 0.022262630233929624 0.021869471201100846 0.02201690583841164 0.02137802241006487 0.02044426970709652 0.021869471201100846 0.021869471201100846 0.021476312168272067 0.022410064871240417 0.02349125221151956 0.021279732651857678 0.022213485354826028 0.022262630233929624 0.0227540790249656 0.02118144289365048 0.02118144289365048 0.021918616080204442 0.01916650285040299 0.020198545311578532 0.021722036563790053 0.02309809317869078 0.021476312168272067 0.02211519559661883 0.02118144289365048 0.02196776095930804 0.02182032632199725 0.020247690190682132 0.02422842539807352 0.02250835462944761 0.022704934145862003 0.023048948299587185 0.023392962453312363 0.022655789266758403 0.022803223904069195 0.021525457047375664 0.020001965795164143 0.021427167289168467 0.01951051700412817 0.021722036563790053 0.022950658541379988 0.02118144289365048 0.0208374287399253 0.021869471201100846 0.020395124827992925 0.022999803420483585 0.022262630233929624 0.02064084922351091 0.022262630233929624 0.022459209750344013 0.022262630233929624 0.021722036563790053 0.021427167289168467 0.023884411244348338 0.023786121486141145 0.02137802241006487 0.021722036563790053 0.02182032632199725 0.024523294672695106 0.023048948299587185 0.0227540790249656 0.02103400825633969 0.02201690583841164 0.022901513662276392 0.022901513662276392 0.022262630233929624 0.023392962453312363 0.020591704344407314 0.021476312168272067 0.022803223904069195 0.021525457047375664 0.02383526636524474 0.020886573619028896 0.021279732651857678 0.02177118144289365 0.021279732651857678 0.02231177511303322 0.023196382936897974 0.02201690583841164 0.023196382936897974 0.023048948299587185 0.0246707293100059 0.021918616080204442 0.023048948299587185 0.022410064871240417 0.023147238057794377 0.021083153135443285 0.022410064871240417 0.02236091999213682 0.021869471201100846 0.021672891684686457 0.021918616080204442 0.02255749950855121 0.0227540790249656 0.020935718498132496 0.02137802241006487 0.022999803420483585 0.02442500491448791 0.01985453115785335 0.020247690190682132 0.019805386278749754 0.02250835462944761 0.023540397090623156 0.023196382936897974 0.021623746805582857 0.023392962453312363 0.02427757027717712 0.023736976607037545 0.022213485354826028 0.022655789266758403 0.023540397090623156 0.02250835462944761 0.022852368783172792 0.023196382936897974 0.022066050717515235 0.022262630233929624 0.0227540790249656 0.02182032632199725 0.02157460192647926 0.022655789266758403 0.02309809317869078 0.02103400825633969 0.021672891684686457 0.02118144289365048 0.021722036563790053 0.021869471201100846 0.022852368783172792 0.022655789266758403 0.023196382936897974 0.023442107332415963 0.02236091999213682 0.023343817574208767 0.022901513662276392 0.023147238057794377 0.024572439551798702 0.020493414586200118 0.021525457047375664 0.022950658541379988 0.023786121486141145 0.021722036563790053 0.022704934145862003 0.021132298014546885 0.02157460192647926 0.022606644387654806 0.022459209750344013 0.022999803420483585 0.022410064871240417 0.02137802241006487 0.022852368783172792 0.023540397090623156 0.020345979948889325 0.022803223904069195 0.022213485354826028 0.020984863377236092 0.023982701002555534 0.022950658541379988 0.021279732651857678 0.022901513662276392 0.023343817574208767 0.02103400825633969 0.02349125221151956

# Dark Counts Data:
0.02476901906821309 0.026194220562217416 0.026636524474149794 0.026636524474149794 0.027816001572636133 0.027914291330843326 0.0246215844309023 0.02668566935325339 0.026489089836839 0.025997641045803026 0.02501474346373108 0.02722626302339296 0.027029683506978572 0.027275407902496558 0.025162178101041873 0.027029683506978572 0.026243365441321016 0.026390800078631805 0.026046785924906626 0.026980538627874976 0.02575191665028504 0.026095930804010223 0.025063888342834677 0.025113033221938273 0.026439944957735405 0.023982701002555534 0.024719874189109495 0.02594849616669943 0.02614507568311382 0.028356595242775704 0.025997641045803026 0.026243365441321016 0.02496559858462748 0.024916453705523884 0.02761942205622174 0.02688224886966778 0.026489089836839 0.026194220562217416 0.026046785924906626 0.025702771771181444 0.025702771771181444 0.025309612738352662 0.025702771771181444 0.026292510320424612 0.02442500491448791 0.026538234715942598 0.027963436209946922 0.02693139374877138 0.025113033221938273 0.026833103990564183 0.025309612738352662 0.02575191665028504 0.025850206408492234 0.02555533713387065 0.028454885000982897 0.024130135639866327 0.025997641045803026 0.02712797326518577 0.02442500491448791 0.026538234715942598 0.026783959111460587 0.02594849616669943 0.026046785924906626 0.026390800078631805 0.025997641045803026 0.02555533713387065 0.027914291330843326 0.02766856693532534 0.025850206408492234 0.024523294672695106 0.026439944957735405 0.02550619225476705 0.026980538627874976 0.02707882838608217 0.02481816394731669 0.023933556123451938 0.026390800078631805 0.027324552781600158 0.02476901906821309 0.02481816394731669 0.025702771771181444 0.02481816394731669 0.02496559858462748 0.02614507568311382 0.026783959111460587 0.025309612738352662 0.0246707293100059 0.025309612738352662 0.025702771771181444 0.026538234715942598 0.025113033221938273 0.02481816394731669 0.02634165519952821 0.025604482012974248 0.026587379595046198 0.026046785924906626 0.02668566935325339 0.025997641045803026 0.02816001572636131 0.02806172596815412 0.02481816394731669 0.026538234715942598 0.027275407902496558 0.025653626892077844 0.026980538627874976 0.02496559858462748 0.026292510320424612 0.02540790249655986 0.027177118144289365 0.028356595242775704 0.02521132298014547 0.026439944957735405 0.02688224886966778 0.02786514645173973 0.026587379595046198 0.026636524474149794 0.02707882838608217 0.02742284253980735 0.028110870847257715 0.02820916060546491 0.025063888342834677 0.026390800078631805 0.025899351287595834 0.026046785924906626 0.026292510320424612 0.027324552781600158 0.02540790249655986 0.02476901906821309 0.028504029880086493 0.025260467859249066 0.026980538627874976 0.024326715156280716 0.026243365441321016 0.028848044033811675 0.026243365441321016 0.025653626892077844 0.024572439551798702 0.02594849616669943 0.027717711814428937 0.026587379595046198 0.027717711814428937 0.026390800078631805 0.02594849616669943 0.02712797326518577 0.02668566935325339 0.027816001572636133 0.024523294672695106 0.02766856693532534 0.02550619225476705 0.02521132298014547 0.025063888342834677 0.026194220562217416 0.026046785924906626 0.02722626302339296 0.025309612738352662 0.025702771771181444 0.024523294672695106 0.025604482012974248 0.026783959111460587 0.025801061529388637 0.027029683506978572 0.02668566935325339 0.025162178101041873 0.024572439551798702 0.02816001572636131 0.02403184588165913 0.027570277177118144 0.02575191665028504 0.025063888342834677 0.026587379595046198 0.024375860035384313 0.025260467859249066 0.02422842539807352 0.024523294672695106 0.025457047375663455 0.024916453705523884 0.027766856693532533 0.02383526636524474 0.026390800078631805 0.026194220562217416 0.026636524474149794 0.02614507568311382 0.02786514645173973 0.026734814232356987 0.02501474346373108 0.025260467859249066 0.024326715156280716 0.02594849616669943 0.02594849616669943 0.027373697660703755 0.02712797326518577 0.026046785924906626 0.02712797326518577 0.026439944957735405 0.024916453705523884 0.027521132298014547 0.026783959111460587 0.02688224886966778 0.026833103990564183 0.025702771771181444 0.02742284253980735 0.025162178101041873 0.026046785924906626 0.02496559858462748 0.02693139374877138 0.027373697660703755 0.025457047375663455 0.02521132298014547 0.02668566935325339 0.02688224886966778 0.02634165519952821 0.026390800078631805 0.026538234715942598 0.025162178101041873 0.025702771771181444 0.026439944957735405 0.02521132298014547 0.02575191665028504 0.025850206408492234 0.02555533713387065 0.02501474346373108 0.025702771771181444 0.025997641045803026 0.025162178101041873 0.026587379595046198 0.026783959111460587 0.025063888342834677 0.02521132298014547 0.02722626302339296 0.025801061529388637 0.026538234715942598 0.025358757617456262 0.02614507568311382 0.025899351287595834 0.02575191665028504 0.025457047375663455 0.025063888342834677 0.02476901906821309 0.026734814232356987 0.02688224886966778 0.028454885000982897 0.025457047375663455 0.027029683506978572 0.02693139374877138 0.02747198741891095 0.02555533713387065 0.027521132298014547 0.025653626892077844 0.023442107332415963 0.026292510320424612 0.023392962453312363 0.025801061529388637 0.026538234715942598 0.024916453705523884 0.027324552781600158 0.024572439551798702 0.024867308826420288 0.026783959111460587 0.026783959111460587 0.024867308826420288 0.02594849616669943 0.025899351287595834 0.02594849616669943 0.02555533713387065 0.02712797326518577 0.02634165519952821 0.026538234715942598 0.027275407902496558 0.02575191665028504 0.025260467859249066 0.02540790249655986 0.024572439551798702 0.026439944957735405 0.026046785924906626 0.025063888342834677 0.02594849616669943 0.02540790249655986 0.0246707293100059 0.02594849616669943 0.024375860035384313 0.02442500491448791 0.025702771771181444 0.027324552781600158 0.02575191665028504 0.02712797326518577 0.023147238057794377 0.025162178101041873 0.02540790249655986 0.028307450363672104 0.026439944957735405 0.025260467859249066 0.02707882838608217 0.026538234715942598 0.028258305484568508 0.02594849616669943 0.023442107332415963 0.026046785924906626 0.027717711814428937 0.027177118144289365 0.02594849616669943 0.027717711814428937 0.027275407902496558 0.02742284253980735 0.02820916060546491 0.026390800078631805 0.024326715156280716 0.02496559858462748 0.02368783172793395 0.026194220562217416 0.02634165519952821 0.026439944957735405 0.02688224886966778 0.023147238057794377 0.025358757617456262 0.02693139374877138 0.028454885000982897 0.024867308826420288 0.02688224886966778 0.02550619225476705 0.026833103990564183 0.02594849616669943 0.02614507568311382 0.026783959111460587 0.026980538627874976 0.026439944957735405 0.02747198741891095 0.027373697660703755 0.025653626892077844 0.02481816394731669 0.025801061529388637 0.02594849616669943 0.026095930804010223 0.024375860035384313 0.025162178101041873 0.02575191665028504 0.02688224886966778 0.022901513662276392 0.027029683506978572 0.026636524474149794 0.024867308826420288 0.026980538627874976 0.025063888342834677 0.024130135639866327 0.02501474346373108 0.028110870847257715 0.02521132298014547 0.027275407902496558 0.026194220562217416 0.027963436209946922 0.025899351287595834 0.02594849616669943 0.02693139374877138 0.026538234715942598 0.02575191665028504 0.025801061529388637 0.025162178101041873 0.024080990760762727 0.02712797326518577 0.027521132298014547 0.029290347945744054 0.02761942205622174 0.026095930804010223 0.02668566935325339 0.025801061529388637 0.02575191665028504 0.02481816394731669 0.02742284253980735 0.025358757617456262 0.02555533713387065 0.02496559858462748 0.027963436209946922 0.026095930804010223 0.026194220562217416 0.02747198741891095 0.025997641045803026 0.02540790249655986 0.02594849616669943 0.025850206408492234 0.026194220562217416 0.028651464517397286 0.023933556123451938 0.026046785924906626 0.027717711814428937 0.027717711814428937 0.025358757617456262 0.02634165519952821 0.02820916060546491 0.025850206408492234 0.02766856693532534 0.025162178101041873 0.026243365441321016 0.026095930804010223 0.02442500491448791 0.026390800078631805 0.02747198741891095 0.026243365441321016
