# Parameters:
n_avg = 1000000
meas_len_1 = 500
wait_for_initialization = 1500
wait_after_measure = 1000
NV_IF_freq = 70000000

# t_vec (Pulse Durations in clock cycles):
4 5 6 7 8 9 10 11 12 13 14 15 16 17 18 19 20 21 22 23 24 25 26 27 28 29 30 31 32 33 34 35 36 37 38 39 40 41 42 43 44 45 46 47 48 49 50 51 52 53 54 55 56 57 58 59 60 61 62 63 64 65 66 67 68 69 70 71 72 73 74 75 76 77 78 79 80 81 82 83 84 85 86 87 88 89 90 91 92 93 94 95 96 97 98 99 100 101 102 103 104 105 106 107 108 109 110 111 112 113 114 115 116 117 118 119 120 121 122 123 124 125 126 127 128 129 130 131 132 133 134 135 136 137 138 139 140 141 142 143 144 145 146 147 148 149 150 151 152 153 154 155 156 157 158 159 160 161 162 163 164 165 166 167 168 169 170 171 172 173 174 175 176 177 178 179 180 181 182 183 184 185 186 187 188 189 190 191 192 193 194 195 196 197 198 199 200 201 202 203 204 205 206 207 208 209 210 211 212 213 214 215 216 217 218 219 220 221 222 223 224 225 226 227 228 229 230 231 232 233 234 235 236 237 238 239 240 241 242 243 244 245 246 247 248 249 250 251 252 253 254 255 256 257 258 259 260 261 262 263 264 265 266 267 268 269 270 271 272 273 274 275 276 277 278 279 280 281 282 283 284 285 286 287 288 289 290 291 292 293 294 295 296 297 298 299 300 301 302 303 304 305 306 307 308 309 310 311 312 313 314 315 316 317 318 319 320 321 322 323 324 325 326 327 328 329 330 331 332 333 334 335 336 337 338 339 340 341 342 343 344 345 346 347 348 349 350 351 352 353 354 355 356 357 358 359 360 361 362 363 364 365 366 367 368 369 370 371 372 373 374 375 376 377 378 379 380 381 382 383 384 385 386 387 388 389 390 391 392 393 394 395 396 397 398 399

# Counts Data:
0.025704343921876753 0.024076776293635648 0.026433943203502078 0.025423728813559324 0.025872712986867212 0.024301268380289596 0.025423728813559324 0.024750252553597484 0.025030867661914917 0.022112470535413625 0.02514311370524189 0.024750252553597484 0.024020653271972163 0.024413514423616566 0.02205634751375014 0.02435739140195308 0.02267370075204849 0.022449208665394543 0.023403300033673812 0.021775732405432707 0.022393085643731058 0.021551240318778763 0.020821641037153442 0.020933887080480412 0.02054102592883601 0.02115837916713436 0.024076776293635648 0.02301043888202941 0.020260410820518576 0.020092041755528117 0.02020428779885509 0.0222247165787406 0.02031653384218206 0.019923672690537658 0.01913795038724885 0.018296105062296553 0.02037265686384555 0.017173644629026825 0.02115837916713436 0.019867549668874173 0.019643057582220225 0.02115837916713436 0.020933887080480412 0.018239982040633068 0.018576720170613986 0.019474688517229766 0.019306319452239307 0.022168593557077114 0.019811426647210684 0.020148164777191602 0.01958693456055674 0.019025704343921878 0.021214502188797845 0.018576720170613986 0.01880121225726793 0.020709394993826468 0.017566505780671232 0.022280839600404084 0.020092041755528117 0.02127062521046133 0.020821641037153442 0.020260410820518576 0.02037265686384555 0.01958693456055674 0.020821641037153442 0.020653271972162983 0.020653271972162983 0.0209900101021439 0.019811426647210684 0.019811426647210684 0.019474688517229766 0.019362442473902796 0.020765518015489953 0.022168593557077114 0.019025704343921878 0.020821641037153442 0.020933887080480412 0.021495117297115278 0.02110225614547087 0.024413514423616566 0.02160736334044225 0.020597148950499494 0.020821641037153442 0.0222247165787406 0.021831855427096196 0.020428779885509035 0.02132674823212482 0.021719609383769222 0.02284206981703895 0.021551240318778763 0.020035918733864632 0.0209900101021439 0.020709394993826468 0.02160736334044225 0.022449208665394543 0.02188797844875968 0.021046133123807386 0.022617577730385002 0.022954315860365924 0.020428779885509035 0.02115837916713436 0.019699180603883714 0.022336962622067573 0.024806375575260973 0.02284206981703895 0.021944101470423166 0.021495117297115278 0.02205634751375014 0.023234930968683353 0.021775732405432707 0.021831855427096196 0.02301043888202941 0.022617577730385002 0.022617577730385002 0.022280839600404084 0.022393085643731058 0.021719609383769222 0.022898192838702435 0.022561454708721517 0.02301043888202941 0.022561454708721517 0.022000224492086655 0.021944101470423166 0.02110225614547087 0.023852284206981704 0.02435739140195308 0.022954315860365924 0.022336962622067573 0.024245145358626107 0.02374003816365473 0.02143899427545179 0.02037265686384555 0.022729823773711976 0.0222247165787406 0.021831855427096196 0.0234594230553373 0.02357166909866427 0.023291053990346842 0.0222247165787406 0.021775732405432707 0.022000224492086655 0.0234594230553373 0.023964530250308678 0.020765518015489953 0.024413514423616566 0.024750252553597484 0.022112470535413625 0.023291053990346842 0.02188797844875968 0.020709394993826468 0.021214502188797845 0.019867549668874173 0.020709394993826468 0.02188797844875968 0.021719609383769222 0.02379616118531822 0.023347177012010327 0.02267370075204849 0.02278594679537546 0.02379616118531822 0.023122684925356383 0.021495117297115278 0.020709394993826468 0.02020428779885509 0.023178807947019868 0.02054102592883601 0.021944101470423166 0.021046133123807386 0.022617577730385002 0.025199236726905376 0.02160736334044225 0.020821641037153442 0.021495117297115278 0.021382871253788304 0.021831855427096196 0.02188797844875968 0.021775732405432707 0.02037265686384555 0.019867549668874173 0.02374003816365473 0.0234594230553373 0.02143899427545179 0.0234594230553373 0.022729823773711976 0.021495117297115278 0.02284206981703895 0.021831855427096196 0.021775732405432707 0.022168593557077114 0.02127062521046133 0.02278594679537546 0.021831855427096196 0.020933887080480412 0.023291053990346842 0.020035918733864632 0.021551240318778763 0.022000224492086655 0.019474688517229766 0.022729823773711976 0.019811426647210684 0.022336962622067573 0.021382871253788304 0.021214502188797845 0.022168593557077114 0.023066561903692894 0.020877764058816927 0.02031653384218206 0.021831855427096196 0.022449208665394543 0.020260410820518576 0.022168593557077114 0.020035918733864632 0.02115837916713436 0.02160736334044225 0.018127735997306094 0.02110225614547087 0.019194073408912337 0.019025704343921878 0.021719609383769222 0.021214502188797845 0.020653271972162983 0.020877764058816927 0.02362779212032776 0.019194073408912337 0.020877764058816927 0.021382871253788304 0.02188797844875968 0.02020428779885509 0.022336962622067573 0.021214502188797845 0.02127062521046133 0.0209900101021439 0.021495117297115278 0.02054102592883601 0.023066561903692894 0.02267370075204849 0.022112470535413625 0.021495117297115278 0.019643057582220225 0.022168593557077114 0.021495117297115278 0.022280839600404084 0.02115837916713436 0.02110225614547087 0.022000224492086655 0.02205634751375014 0.020933887080480412 0.020035918733864632 0.020148164777191602 0.019306319452239307 0.02390840722864519 0.023515546077000786 0.02037265686384555 0.019979795712201143 0.021775732405432707 0.021046133123807386 0.02143899427545179 0.020821641037153442 0.02132674823212482 0.020092041755528117 0.0222247165787406 0.021831855427096196 0.020821641037153442 0.02132674823212482 0.021551240318778763 0.02160736334044225 0.020877764058816927 0.023683915141991245 0.021046133123807386 0.02020428779885509 0.02374003816365473 0.02379616118531822 0.021719609383769222 0.020821641037153442 0.020653271972162983 0.0234594230553373 0.021046133123807386 0.01958693456055674 0.021214502188797845 0.021046133123807386 0.019923672690537658 0.02160736334044225 0.022393085643731058 0.02020428779885509 0.020484902907172524 0.022561454708721517 0.021775732405432707 0.02132674823212482 0.020933887080480412 0.022729823773711976 0.021831855427096196 0.020765518015489953 0.022336962622067573 0.022280839600404084 0.02267370075204849 0.02110225614547087 0.021663486362105737 0.021382871253788304 0.021663486362105737 0.023291053990346842 0.022449208665394543 0.022898192838702435 0.02143899427545179 0.022280839600404084 0.023066561903692894 0.02379616118531822 0.02357166909866427 0.023122684925356383 0.022954315860365924 0.022336962622067573 0.021551240318778763 0.020653271972162983 0.02278594679537546 0.02020428779885509 0.022000224492086655 0.0222247165787406 0.021551240318778763 0.02278594679537546 0.022898192838702435 0.022898192838702435 0.023291053990346842 0.023178807947019868 0.021719609383769222 0.019811426647210684 0.021663486362105737 0.020653271972162983 0.02301043888202941 0.022112470535413625 0.021495117297115278 0.022112470535413625 0.02143899427545179 0.021663486362105737 0.0222247165787406 0.020428779885509035 0.022000224492086655 0.019306319452239307 0.022449208665394543 0.021663486362105737 0.022954315860365924 0.02031653384218206 0.021495117297115278 0.021495117297115278 0.02031653384218206 0.02020428779885509 0.02110225614547087 0.020877764058816927 0.02143899427545179 0.021551240318778763 0.02374003816365473 0.021663486362105737 0.02278594679537546 0.02301043888202941 0.021775732405432707 0.020877764058816927 0.022898192838702435 0.022336962622067573 0.02205634751375014 0.02110225614547087 0.020597148950499494 0.023178807947019868 0.02143899427545179 0.023066561903692894 0.022168593557077114 0.02127062521046133 0.021495117297115278 0.022393085643731058 0.020877764058816927 0.021663486362105737 0.02284206981703895 0.0209900101021439 0.019194073408912337 0.021663486362105737 0.020765518015489953 0.021719609383769222 0.024301268380289596 0.020428779885509035 0.02188797844875968 0.022617577730385002 0.022449208665394543 0.0222247165787406 0.02267370075204849 0.022280839600404084 0.020428779885509035 0.021382871253788304 0.021831855427096196 0.022336962622067573 0.023178807947019868 0.021775732405432707 0.020877764058816927 0.02127062521046133 0.021775732405432707 0.020653271972162983 0.022280839600404084 0.022336962622067573 0.020260410820518576 0.024076776293635648

# Dark Counts Data:
0.025423728813559324 0.025704343921876753 0.026658435290156022 0.026546189246829048 0.02435739140195308 0.024245145358626107 0.025816589965203727 0.023122684925356383 0.02452576046694354 0.025367605791895835 0.024806375575260973 0.023852284206981704 0.02362779212032776 0.02514311370524189 0.026153328095184645 0.02284206981703895 0.024638006510270514 0.024750252553597484 0.02362779212032776 0.02514311370524189 0.02778089572342575 0.026602312268492537 0.024301268380289596 0.025255359748568865 0.025704343921876753 0.023683915141991245 0.0259288360085307 0.025704343921876753 0.02531148277023235 0.025704343921876753 0.025423728813559324 0.027331911550117858 0.025367605791895835 0.025255359748568865 0.024413514423616566 0.025648220900213268 0.025255359748568865 0.024862498596924458 0.023291053990346842 0.025592097878549783 0.025704343921876753 0.025199236726905376 0.024974744640251432 0.0259288360085307 0.024974744640251432 0.024974744640251432 0.023852284206981704 0.02284206981703895 0.025535974856886294 0.024694129531934 0.024301268380289596 0.02626557413851162 0.025984959030194186 0.027556403636771802 0.026153328095184645 0.025030867661914917 0.025367605791895835 0.026658435290156022 0.02547985183522281 0.024918621618587943 0.025255359748568865 0.026433943203502078 0.02699517342013694 0.02682680435514648 0.02682680435514648 0.024132899315299137 0.0259288360085307 0.023234930968683353 0.02626557413851162 0.02435739140195308 0.02604108205185767 0.02576046694354024 0.024862498596924458 0.025423728813559324 0.024301268380289596 0.024862498596924458 0.024862498596924458 0.027893141766752724 0.028286002918397127 0.024301268380289596 0.025086990683578402 0.0259288360085307 0.026321697160175104 0.025648220900213268 0.025872712986867212 0.02531148277023235 0.0259288360085307 0.024750252553597484 0.023234930968683353 0.02699517342013694 0.02637782018183859 0.024750252553597484 0.02435739140195308 0.027837018745089235 0.02794926478841621 0.025086990683578402 0.026714558311819507 0.02278594679537546 0.023964530250308678 0.023964530250308678 0.02626557413851162 0.02374003816365473 0.02362779212032776 0.025704343921876753 0.026433943203502078 0.024806375575260973 0.024862498596924458 0.026490066225165563 0.025704343921876753 0.0259288360085307 0.026321697160175104 0.024076776293635648 0.024245145358626107 0.024918621618587943 0.025592097878549783 0.025423728813559324 0.02576046694354024 0.022729823773711976 0.026321697160175104 0.02547985183522281 0.024862498596924458 0.024638006510270514 0.025592097878549783 0.026882927376809966 0.025199236726905376 0.026433943203502078 0.024694129531934 0.026939050398473455 0.02379616118531822 0.024076776293635648 0.02576046694354024 0.025704343921876753 0.02452576046694354 0.027893141766752724 0.024694129531934 0.025592097878549783 0.025367605791895835 0.024469637445280055 0.026321697160175104 0.025199236726905376 0.023852284206981704 0.0259288360085307 0.0259288360085307 0.02547985183522281 0.026602312268492537 0.023515546077000786 0.027219665506790884 0.02362779212032776 0.02637782018183859 0.024581883488607025 0.023291053990346842 0.024694129531934 0.02620945111684813 0.025086990683578402 0.026153328095184645 0.024974744640251432 0.0259288360085307 0.02362779212032776 0.025423728813559324 0.024020653271972163 0.023122684925356383 0.02379616118531822 0.026770681333482996 0.024076776293635648 0.02390840722864519 0.024862498596924458 0.02620945111684813 0.024974744640251432 0.02547985183522281 0.025984959030194186 0.02822987989673364 0.027219665506790884 0.025648220900213268 0.024245145358626107 0.0271635424851274 0.027331911550117858 0.024750252553597484 0.027331911550117858 0.027219665506790884 0.023291053990346842 0.027724772701762265 0.025872712986867212 0.020092041755528117 0.024189022336962622 0.025984959030194186 0.025816589965203727 0.025816589965203727 0.023964530250308678 0.02626557413851162 0.02531148277023235 0.025030867661914917 0.023683915141991245 0.02374003816365473 0.026714558311819507 0.02379616118531822 0.026490066225165563 0.026658435290156022 0.02778089572342575 0.024245145358626107 0.024245145358626107 0.027275788528454373 0.023683915141991245 0.025984959030194186 0.023683915141991245 0.028342125940060612 0.026433943203502078 0.025423728813559324 0.02390840722864519 0.02609720507352116 0.02452576046694354 0.025592097878549783 0.024974744640251432 0.025030867661914917 0.025592097878549783 0.024862498596924458 0.027500280615108317 0.02851049500505107 0.026546189246829048 0.023066561903692894 0.026433943203502078 0.02682680435514648 0.026153328095184645 0.025535974856886294 0.025872712986867212 0.026546189246829048 0.025648220900213268 0.025367605791895835 0.02576046694354024 0.02620945111684813 0.024974744640251432 0.02452576046694354 0.02390840722864519 0.026658435290156022 0.025255359748568865 0.024245145358626107 0.02531148277023235 0.027107419463463914 0.025592097878549783 0.026546189246829048 0.021719609383769222 0.026490066225165563 0.026490066225165563 0.026714558311819507 0.02637782018183859 0.025423728813559324 0.02626557413851162 0.02362779212032776 0.027837018745089235 0.024020653271972163 0.022898192838702435 0.024189022336962622 0.024974744640251432 0.025423728813559324 0.025367605791895835 0.0271635424851274 0.02620945111684813 0.025984959030194186 0.026321697160175104 0.024413514423616566 0.02620945111684813 0.026546189246829048 0.02547985183522281 0.027107419463463914 0.0271635424851274 0.025535974856886294 0.025086990683578402 0.025367605791895835 0.024301268380289596 0.024974744640251432 0.025984959030194186 0.02514311370524189 0.025030867661914917 0.02637782018183859 0.02620945111684813 0.02435739140195308 0.025592097878549783 0.024750252553597484 0.02531148277023235 0.027388034571781343 0.025984959030194186 0.025592097878549783 0.025199236726905376 0.02362779212032776 0.02626557413851162 0.026714558311819507 0.025423728813559324 0.02531148277023235 0.026433943203502078 0.026153328095184645 0.024132899315299137 0.025872712986867212 0.027444157593444832 0.025367605791895835 0.025367605791895835 0.025367605791895835 0.023683915141991245 0.024638006510270514 0.025423728813559324 0.025535974856886294 0.024806375575260973 0.026658435290156022 0.024694129531934 0.02205634751375014 0.024189022336962622 0.025704343921876753 0.02576046694354024 0.02547985183522281 0.025255359748568865 0.025984959030194186 0.02609720507352116 0.025199236726905376 0.025816589965203727 0.02682680435514648 0.024694129531934 0.02604108205185767 0.024413514423616566 0.02435739140195308 0.02547985183522281 0.025984959030194186 0.025423728813559324 0.025086990683578402 0.024413514423616566 0.025872712986867212 0.02547985183522281 0.025704343921876753 0.02435739140195308 0.025535974856886294 0.02626557413851162 0.026490066225165563 0.025872712986867212 0.026770681333482996 0.024581883488607025 0.026433943203502078 0.025648220900213268 0.02267370075204849 0.026546189246829048 0.026153328095184645 0.02379616118531822 0.02626557413851162 0.024750252553597484 0.02531148277023235 0.02547985183522281 0.024301268380289596 0.024750252553597484 0.026433943203502078 0.024750252553597484 0.025255359748568865 0.02576046694354024 0.02609720507352116 0.024638006510270514 0.025199236726905376 0.025423728813559324 0.027275788528454373 0.023234930968683353 0.025255359748568865 0.024189022336962622 0.024245145358626107 0.024581883488607025 0.023852284206981704 0.024974744640251432 0.024638006510270514 0.027051296441800425 0.025872712986867212 0.026939050398473455 0.025367605791895835 0.02547985183522281 0.025535974856886294 0.023347177012010327 0.025648220900213268 0.026658435290156022 0.025816589965203727 0.023852284206981704 0.024694129531934 0.026882927376809966 0.025367605791895835 0.024862498596924458 0.024469637445280055 0.024469637445280055 0.023964530250308678 0.023964530250308678 0.02362779212032776 0.026882927376809966 0.02626557413851162 0.024918621618587943 0.02547985183522281 0.024189022336962622 0.02620945111684813 0.026770681333482996 0.023515546077000786 0.024581883488607025 0.02390840722864519 0.027893141766752724 0.026939050398473455 0.025704343921876753 0.025816589965203727 0.025030867661914917
