# Parameters:
n_avg = 1000000
meas_len_1 = 500
wait_for_initialization = 1500
wait_after_measure = 1000
NV_IF_freq = 50000000

# t_vec (Pulse Durations in clock cycles):
4 5 6 7 8 9 10 11 12 13 14 15 16 17 18 19 20 21 22 23 24 25 26 27 28 29 30 31 32 33 34 35 36 37 38 39 40 41 42 43 44 45 46 47 48 49 50 51 52 53 54 55 56 57 58 59 60 61 62 63 64 65 66 67 68 69 70 71 72 73 74 75 76 77 78 79 80 81 82 83 84 85 86 87 88 89 90 91 92 93 94 95 96 97 98 99 100 101 102 103 104 105 106 107 108 109 110 111 112 113 114 115 116 117 118 119 120 121 122 123 124 125 126 127 128 129 130 131 132 133 134 135 136 137 138 139 140 141 142 143 144 145 146 147 148 149 150 151 152 153 154 155 156 157 158 159 160 161 162 163 164 165 166 167 168 169 170 171 172 173 174 175 176 177 178 179 180 181 182 183 184 185 186 187 188 189 190 191 192 193 194 195 196 197 198 199 200 201 202 203 204 205 206 207 208 209 210 211 212 213 214 215 216 217 218 219 220 221 222 223 224 225 226 227 228 229 230 231 232 233 234 235 236 237 238 239 240 241 242 243 244 245 246 247 248 249 250 251 252 253 254 255 256 257 258 259 260 261 262 263 264 265 266 267 268 269 270 271 272 273 274 275 276 277 278 279 280 281 282 283 284 285 286 287 288 289 290 291 292 293 294 295 296 297 298 299 300 301 302 303 304 305 306 307 308 309 310 311 312 313 314 315 316 317 318 319 320 321 322 323 324 325 326 327 328 329 330 331 332 333 334 335 336 337 338 339 340 341 342 343 344 345 346 347 348 349 350 351 352 353 354 355 356 357 358 359 360 361 362 363 364 365 366 367 368 369 370 371 372 373 374 375 376 377 378 379 380 381 382 383 384 385 386 387 388 389 390 391 392 393 394 395 396 397 398 399

# Counts Data:
0.024683739586547362 0.026131535850758312 0.025348301806185174 0.026060332755797118 0.02501602069636627 0.025585645456055822 0.024588802126599103 0.02518216125127572 0.026345145135641897 0.02636887950062896 0.02363942752711651 0.024493864666650843 0.02409038046187074 0.023805568082025965 0.022808724752569245 0.0229748653074787 0.021360928488358293 0.023117271497401087 0.022120428167944368 0.02318847459236228 0.02252391237272447 0.0216932095981772 0.022381506182802078 0.02264258419765979 0.022215365627892624 0.023259677687323475 0.02124225666342297 0.02159827213822894 0.020981178648565257 0.02060142880877222 0.021099850473500582 0.020031804049082665 0.021622006503216006 0.02083877245864287 0.0204827569838369 0.019082429449600077 0.01941471055941898 0.02029288206394038 0.019177366909548334 0.01965205420928963 0.019438444924406047 0.01984192912918615 0.018892554529703558 0.0204827569838369 0.019865663494173215 0.019272304369496594 0.01984192912918615 0.019438444924406047 0.020103007144043863 0.019675788574276695 0.018868820164716492 0.020435288253862767 0.02024541333396625 0.02005553841406973 0.01905869508461301 0.021906818883060782 0.020174210239005057 0.020720100633707546 0.020625163173759287 0.021004913013552323 0.02159827213822894 0.021645740868203072 0.02102864737853939 0.020957444283578194 0.020364085158901573 0.020340350793914507 0.020862506823629934 0.020981178648565257 0.02273752165760805 0.021906818883060782 0.020435288253862767 0.022001756343009042 0.022001756343009042 0.022476443642750338 0.02102864737853939 0.022072959437970236 0.021313459758384164 0.022595115467685663 0.02264258419765979 0.022927396577504568 0.022310303087840884 0.02283245911755631 0.021218522298435905 0.021716943963164266 0.021123584838487645 0.021764412693138394 0.02242897491277621 0.022618849832672726 0.022595115467685663 0.02287992784753044 0.023853036812000093 0.022666318562646857 0.022476443642750338 0.02278499038758218 0.023307146417297604 0.022571381102698598 0.02387677117698716 0.02228656872285382 0.021740678328151332 0.023046068402439893 0.022215365627892624 0.022856193482543374 0.021669475233190134 0.021930553248047848 0.023449552607219995 0.02252391237272447 0.02333088078228467 0.023141005862388153 0.022357771817815016 0.021432131583319487 0.021740678328151332 0.022120428167944368 0.023497021337194123 0.021171053568461776 0.022951130942491633 0.02323594332233641 0.021574537773241878 0.022500178007737404 0.023022334037452827 0.023663161892103577 0.022191631262905562 0.0229748653074787 0.022310303087840884 0.02283245911755631 0.023307146417297604 0.02278499038758218 0.02309353713241402 0.023046068402439893 0.022618849832672726 0.02309353713241402 0.023663161892103577 0.02328341205231054 0.023449552607219995 0.02264258419765979 0.021716943963164266 0.02416158355683194 0.021645740868203072 0.024351458476728455 0.023164740227375216 0.022191631262905562 0.021076116108513517 0.02283245911755631 0.022618849832672726 0.024042911731896613 0.022310303087840884 0.024683739586547362 0.022310303087840884 0.022452709277763272 0.02102864737853939 0.02233403745282795 0.02287992784753044 0.023117271497401087 0.02214416253293143 0.02283245911755631 0.020815038093655803 0.022595115467685663 0.021835615788099588 0.021527069043267746 0.022500178007737404 0.023212208957349347 0.020269147698953313 0.022476443642750338 0.02318847459236228 0.02363942752711651 0.022215365627892624 0.021360928488358293 0.02197802197802198 0.02264258419765979 0.022500178007737404 0.021930553248047848 0.020364085158901573 0.021455865948306552 0.023686896257090643 0.02299859967246576 0.020862506823629934 0.022903662212517505 0.021265991028410036 0.022856193482543374 0.022595115467685663 0.021716943963164266 0.021479600313293618 0.021503334678280684 0.021218522298435905 0.0216932095981772 0.021313459758384164 0.022500178007737404 0.02102864737853939 0.022191631262905562 0.02306980276742696 0.020530225713811027 0.021313459758384164 0.022547646737711532 0.022215365627892624 0.02214416253293143 0.022025490707996108 0.02133719412337123 0.02138466285334536 0.02252391237272447 0.022049225072983174 0.022927396577504568 0.021811881423112526 0.022072959437970236 0.022262834357866756 0.022191631262905562 0.02242897491277621 0.02223909999287969 0.021740678328151332 0.0233783495122588 0.022856193482543374 0.02387677117698716 0.02093370991859113 0.021811881423112526 0.021669475233190134 0.022903662212517505 0.022357771817815016 0.022547646737711532 0.020909975553604063 0.02382930244701303 0.022761256022595114 0.02178814705812546 0.022001756343009042 0.022120428167944368 0.020909975553604063 0.022595115467685663 0.02432772411174139 0.021574537773241878 0.02083877245864287 0.02269005292763392 0.023805568082025965 0.022191631262905562 0.023497021337194123 0.022452709277763272 0.021574537773241878 0.023117271497401087 0.022167896897918496 0.023212208957349347 0.022215365627892624 0.02299859967246576 0.021076116108513517 0.0216932095981772 0.019913132224147343 0.021906818883060782 0.022856193482543374 0.02133719412337123 0.021479600313293618 0.021740678328151332 0.022381506182802078 0.022618849832672726 0.0237818337170389 0.022500178007737404 0.02079130372866874 0.022808724752569245 0.02242897491277621 0.021930553248047848 0.02228656872285382 0.022310303087840884 0.021265991028410036 0.021527069043267746 0.02242897491277621 0.02060142880877222 0.022096693802957302 0.020553960078798093 0.022547646737711532 0.021432131583319487 0.02233403745282795 0.022761256022595114 0.023449552607219995 0.02083877245864287 0.021194787933448842 0.021954287613034914 0.02242897491277621 0.022096693802957302 0.021835615788099588 0.021479600313293618 0.022025490707996108 0.021455865948306552 0.021906818883060782 0.020767569363681675 0.021076116108513517 0.02333088078228467 0.021930553248047848 0.022025490707996108 0.021954287613034914 0.023473286972207057 0.022547646737711532 0.02228656872285382 0.02233403745282795 0.022191631262905562 0.02328341205231054 0.022357771817815016 0.021954287613034914 0.023591958797142383 0.023449552607219995 0.021764412693138394 0.022547646737711532 0.022310303087840884 0.022381506182802078 0.022452709277763272 0.022262834357866756 0.023141005862388153 0.022761256022595114 0.02363942752711651 0.022405240547789144 0.023259677687323475 0.021906818883060782 0.023164740227375216 0.023497021337194123 0.02242897491277621 0.021645740868203072 0.022618849832672726 0.022808724752569245 0.023164740227375216 0.022357771817815016 0.023022334037452827 0.022262834357866756 0.02233403745282795 0.022618849832672726 0.021265991028410036 0.021811881423112526 0.022262834357866756 0.021835615788099588 0.02283245911755631 0.022381506182802078 0.021076116108513517 0.02333088078228467 0.023022334037452827 0.021479600313293618 0.022476443642750338 0.022096693802957302 0.02197802197802198 0.02214416253293143 0.02197802197802198 0.023212208957349347 0.021906818883060782 0.02159827213822894 0.022452709277763272 0.021503334678280684 0.022927396577504568 0.02323594332233641 0.020174210239005057 0.02233403745282795 0.020625163173759287 0.022072959437970236 0.02318847459236228 0.021076116108513517 0.021764412693138394 0.021004913013552323 0.02138466285334536 0.022500178007737404 0.02299859967246576 0.022357771817815016 0.0216932095981772 0.021740678328151332 0.021479600313293618 0.02283245911755631 0.022927396577504568 0.02223909999287969 0.02102864737853939 0.02328341205231054 0.023497021337194123 0.02197802197802198 0.022120428167944368 0.021954287613034914 0.02299859967246576 0.022191631262905562 0.021123584838487645 0.021265991028410036 0.020981178648565257 0.021099850473500582 0.02306980276742696 0.0216932095981772 0.021479600313293618 0.023947974271948353 0.022595115467685663 0.023307146417297604 0.02242897491277621 0.02387677117698716 0.022167896897918496 0.021574537773241878 0.02323594332233641 0.02264258419765979 0.023758099352051837 0.02309353713241402 0.02178814705812546 0.02223909999287969 0.021740678328151332 0.023141005862388153 0.02299859967246576 0.022547646737711532 0.021835615788099588 0.02323594332233641 0.02323594332233641 0.022120428167944368 0.02470747395153443 0.02283245911755631 0.021954287613034914

# Dark Counts Data:
0.025134692521301592 0.02646381696057722 0.025253364346236918 0.02496855196639214 0.0262739420406807 0.02700970735527971 0.027128379180215035 0.025348301806185174 0.02591792656587473 0.027816675764839913 0.027128379180215035 0.02537203617117224 0.02681983243538319 0.026843566800370255 0.02646381696057722 0.026582488785512545 0.026202738945719506 0.02482614577646975 0.02641634823060309 0.025609379821042888 0.025965395295848858 0.02636887950062896 0.02636887950062896 0.026985972990292643 0.026036598390810056 0.0258704578359006 0.025704317280991148 0.02482614577646975 0.026487551325564285 0.02636887950062896 0.026582488785512545 0.026606223150499608 0.026060332755797118 0.026297676405667766 0.0254669736311205 0.027982816319749367 0.025205895616262786 0.026084067120784184 0.026487551325564285 0.027057176085253837 0.026036598390810056 0.02665369188047374 0.02691476989533145 0.025799254740939408 0.025633114186029954 0.02686730116535732 0.026938504260318515 0.025680582916004082 0.02641634823060309 0.025087223791327464 0.02622647331070657 0.027247051005150357 0.02665369188047374 0.02601286402582299 0.025585645456055822 0.026155270215745378 0.025585645456055822 0.026250207675693638 0.025609379821042888 0.02636887950062896 0.025229629981249852 0.026629957515486673 0.027175847910189163 0.025087223791327464 0.02655875442052548 0.0258704578359006 0.025205895616262786 0.026843566800370255 0.025775520375952342 0.02636887950062896 0.02582298910592647 0.0250634894263404 0.0258704578359006 0.02591792656587473 0.024303989746754327 0.026843566800370255 0.02572805164597821 0.026582488785512545 0.025894192200887664 0.026891035530344387 0.024754942681508556 0.0266774262454608 0.02518216125127572 0.026748629340421996 0.027935347589775235 0.026179004580732444 0.026345145135641897 0.026250207675693638 0.025039755061353332 0.026131535850758312 0.026843566800370255 0.02556191109106876 0.027128379180215035 0.02677236370540906 0.02686730116535732 0.025087223791327464 0.026701160610447867 0.0262739420406807 0.02501602069636627 0.027057176085253837 0.02746066029003394 0.02610780148577125 0.028220159969620014 0.025894192200887664 0.025751786010965276 0.025680582916004082 0.026179004580732444 0.026724894975434933 0.025965395295848858 0.02710464481522797 0.026202738945719506 0.026036598390810056 0.02541950490114637 0.02501602069636627 0.02591792656587473 0.025965395295848858 0.025348301806185174 0.025253364346236918 0.02641634823060309 0.025490707996107566 0.02622647331070657 0.025395770536159306 0.02601286402582299 0.027698003939904587 0.026511285690551348 0.025894192200887664 0.025585645456055822 0.025395770536159306 0.027911613224788172 0.026582488785512545 0.02641634823060309 0.02591792656587473 0.02700970735527971 0.027057176085253837 0.026131535850758312 0.027579332114969265 0.02691476989533145 0.027698003939904587 0.024992286331379204 0.0254669736311205 0.0266774262454608 0.026511285690551348 0.02632141077065483 0.025799254740939408 0.026202738945719506 0.026487551325564285 0.026511285690551348 0.026629957515486673 0.025633114186029954 0.025538176726081694 0.02655875442052548 0.02641634823060309 0.0266774262454608 0.025894192200887664 0.026131535850758312 0.025443239266133434 0.026511285690551348 0.02582298910592647 0.02541950490114637 0.027721738304891653 0.02655875442052548 0.02636887950062896 0.025965395295848858 0.02681983243538319 0.026155270215745378 0.02501602069636627 0.026629957515486673 0.02636887950062896 0.026511285690551348 0.02582298910592647 0.026748629340421996 0.025989129660835924 0.025585645456055822 0.02572805164597821 0.02665369188047374 0.027935347589775235 0.028457503619490662 0.026582488785512545 0.02527709871122398 0.027840410129826975 0.026487551325564285 0.026629957515486673 0.02696223862530558 0.026843566800370255 0.02665369188047374 0.027057176085253837 0.026202738945719506 0.02518216125127572 0.027033441720266775 0.025989129660835924 0.02591792656587473 0.026748629340421996 0.025585645456055822 0.024588802126599103 0.02696223862530558 0.025395770536159306 0.02691476989533145 0.0258704578359006 0.026843566800370255 0.025775520375952342 0.026250207675693638 0.025087223791327464 0.025941660930861796 0.02731825410011155 0.02710464481522797 0.026535020055538414 0.02750812902000807 0.027175847910189163 0.02622647331070657 0.025443239266133434 0.02518216125127572 0.025656848551017016 0.02582298910592647 0.025633114186029954 0.026843566800370255 0.02591792656587473 0.026131535850758312 0.02492108323641801 0.02591792656587473 0.025585645456055822 0.025110958156314526 0.025538176726081694 0.026701160610447867 0.025348301806185174 0.026440082595590154 0.025205895616262786 0.026535020055538414 0.025395770536159306 0.027247051005150357 0.025253364346236918 0.02601286402582299 0.02710464481522797 0.026297676405667766 0.026155270215745378 0.025775520375952342 0.025585645456055822 0.026843566800370255 0.025538176726081694 0.025704317280991148 0.02473120831652149 0.025395770536159306 0.026345145135641897 0.02632141077065483 0.026392613865616026 0.026487551325564285 0.025514442361094628 0.02632141077065483 0.026155270215745378 0.02541950490114637 0.026131535850758312 0.02646381696057722 0.026629957515486673 0.02681983243538319 0.02641634823060309 0.02392423990696129 0.02482614577646975 0.024944817601405076 0.02636887950062896 0.02700970735527971 0.025894192200887664 0.026535020055538414 0.026582488785512545 0.026487551325564285 0.02719958227517623 0.02482614577646975 0.026440082595590154 0.02582298910592647 0.025514442361094628 0.026582488785512545 0.026345145135641897 0.024660005221560297 0.027484394655021005 0.026440082595590154 0.025894192200887664 0.02541950490114637 0.02736572283008568 0.02632141077065483 0.025775520375952342 0.027792941399852847 0.02610780148577125 0.026724894975434933 0.026487551325564285 0.025490707996107566 0.02722331664016329 0.025846723470913536 0.02700970735527971 0.026748629340421996 0.026535020055538414 0.02681983243538319 0.025538176726081694 0.02622647331070657 0.026036598390810056 0.024944817601405076 0.025514442361094628 0.02677236370540906 0.02677236370540906 0.026701160610447867 0.02632141077065483 0.025087223791327464 0.02681983243538319 0.026724894975434933 0.02572805164597821 0.02696223862530558 0.0266774262454608 0.025348301806185174 0.026985972990292643 0.025300833076211046 0.026345145135641897 0.02492108323641801 0.025609379821042888 0.02527709871122398 0.02741319156005981 0.026392613865616026 0.02819642560463295 0.02601286402582299 0.0275555977499822 0.026843566800370255 0.02461253649158617 0.02470747395153443 0.02572805164597821 0.025751786010965276 0.026843566800370255 0.025656848551017016 0.02655875442052548 0.026487551325564285 0.02541950490114637 0.026487551325564285 0.025941660930861796 0.026487551325564285 0.025751786010965276 0.025989129660835924 0.0258704578359006 0.026345145135641897 0.02610780148577125 0.026985972990292643 0.027816675764839913 0.02686730116535732 0.026535020055538414 0.024992286331379204 0.0266774262454608 0.027579332114969265 0.025158426886288658 0.02641634823060309 0.02655875442052548 0.025775520375952342 0.026155270215745378 0.027270785370137423 0.026155270215745378 0.026487551325564285 0.025490707996107566 0.02487361450644388 0.02473120831652149 0.025538176726081694 0.026511285690551348 0.02655875442052548 0.02501602069636627 0.026202738945719506 0.024754942681508556 0.026179004580732444 0.026985972990292643 0.025894192200887664 0.026297676405667766 0.025300833076211046 0.027057176085253837 0.025514442361094628 0.025585645456055822 0.025348301806185174 0.0266774262454608 0.02641634823060309 0.025205895616262786 0.027816675764839913 0.024897348871430944 0.02641634823060309 0.02463627085657323 0.025087223791327464 0.025965395295848858 0.02741319156005981 0.02622647331070657 0.02646381696057722 0.027128379180215035 0.025894192200887664 0.026084067120784184 0.02537203617117224 0.025846723470913536 0.02646381696057722 0.02632141077065483 0.02537203617117224 0.02655875442052548 0.02636887950062896 0.025253364346236918 0.025894192200887664 0.027389457195072745 0.027080910450240903 0.024897348871430944 0.027152113545202097 0.026843566800370255
