# Parameters:
n_avg = 1000000
meas_len_1 = 500
wait_for_initialization = 1500
wait_after_measure = 1000
NV_IF_freq = 70000000

# t_vec (Pulse Durations in clock cycles):
4 5 6 7 8 9 10 11 12 13 14 15 16 17 18 19 20 21 22 23 24 25 26 27 28 29 30 31 32 33 34 35 36 37 38 39 40 41 42 43 44 45 46 47 48 49 50 51 52 53 54 55 56 57 58 59 60 61 62 63 64 65 66 67 68 69 70 71 72 73 74 75 76 77 78 79 80 81 82 83 84 85 86 87 88 89 90 91 92 93 94 95 96 97 98 99 100 101 102 103 104 105 106 107 108 109 110 111 112 113 114 115 116 117 118 119 120 121 122 123 124 125 126 127 128 129 130 131 132 133 134 135 136 137 138 139 140 141 142 143 144 145 146 147 148 149 150 151 152 153 154 155 156 157 158 159 160 161 162 163 164 165 166 167 168 169 170 171 172 173 174 175 176 177 178 179 180 181 182 183 184 185 186 187 188 189 190 191 192 193 194 195 196 197 198 199 200 201 202 203 204 205 206 207 208 209 210 211 212 213 214 215 216 217 218 219 220 221 222 223 224 225 226 227 228 229 230 231 232 233 234 235 236 237 238 239 240 241 242 243 244 245 246 247 248 249 250 251 252 253 254 255 256 257 258 259 260 261 262 263 264 265 266 267 268 269 270 271 272 273 274 275 276 277 278 279 280 281 282 283 284 285 286 287 288 289 290 291 292 293 294 295 296 297 298 299 300 301 302 303 304 305 306 307 308 309 310 311 312 313 314 315 316 317 318 319 320 321 322 323 324 325 326 327 328 329 330 331 332 333 334 335 336 337 338 339 340 341 342 343 344 345 346 347 348 349 350 351 352 353 354 355 356 357 358 359 360 361 362 363 364 365 366 367 368 369 370 371 372 373 374 375 376 377 378 379 380 381 382 383 384 385 386 387 388 389 390 391 392 393 394 395 396 397 398 399

# Counts Data:
0.02577365557834656 0.026130384375278693 0.025595291179880495 0.02746811736377419 0.025327744582181396 0.02737893516454116 0.026130384375278693 0.024346740390618033 0.025327744582181396 0.025862837777579594 0.024435922589851066 0.024792651386783198 0.02541692678141443 0.022117185409792205 0.023544100597520736 0.02336573619905467 0.025060197984482297 0.025684473379113528 0.02336573619905467 0.022741460804423436 0.021225363417461875 0.0229198252028895 0.02113618121822884 0.02113618121822884 0.020422723624364578 0.02202800321055917 0.02229554980825827 0.022384732007491304 0.022473914206724337 0.02229554980825827 0.02051190582359761 0.02256309640595737 0.019709266030500314 0.018906626237403013 0.021760456612860073 0.018282350842771782 0.0245251047890841 0.020601088022830644 0.02051190582359761 0.018995808436636046 0.019263355034335145 0.018371533042004815 0.021314545616694908 0.02015517702666548 0.019798448229733347 0.019976812628199413 0.02104699901899581 0.019530901632034248 0.018103986444305716 0.018371533042004815 0.02051190582359761 0.023454918398287703 0.019174172835102112 0.02104699901899581 0.021582092214394007 0.021225363417461875 0.020065994827432446 0.019709266030500314 0.02113618121822884 0.019174172835102112 0.01881744403816998 0.020422723624364578 0.02193882101132614 0.021582092214394007 0.020957816819762776 0.021849638812093106 0.021760456612860073 0.02104699901899581 0.019352537233568178 0.021225363417461875 0.021225363417461875 0.022384732007491304 0.02140372781592794 0.02256309640595737 0.02336573619905467 0.021314545616694908 0.019709266030500314 0.024614286988317132 0.021225363417461875 0.019976812628199413 0.02077945242129671 0.02167127441362704 0.022117185409792205 0.02229554980825827 0.023722464995986802 0.022384732007491304 0.02113618121822884 0.02140372781592794 0.024257558191385 0.021582092214394007 0.020422723624364578 0.023276553999821637 0.023900829394452868 0.019798448229733347 0.022117185409792205 0.025506108980647462 0.023544100597520736 0.02167127441362704 0.02283064300365647 0.02256309640595737 0.020333541425131545 0.022117185409792205 0.024168375992151967 0.02193882101132614 0.020868634620529743 0.023009007402122535 0.025595291179880495 0.02363328279675377 0.01962008383126728 0.02024435922589851 0.020333541425131545 0.020957816819762776 0.022741460804423436 0.020868634620529743 0.0245251047890841 0.019352537233568178 0.022652278605190403 0.02256309640595737 0.0239900115936859 0.023187371800588604 0.022117185409792205 0.02336573619905467 0.022473914206724337 0.020333541425131545 0.02140372781592794 0.0229198252028895 0.022652278605190403 0.023187371800588604 0.023454918398287703 0.02051190582359761 0.021582092214394007 0.023009007402122535 0.019352537233568178 0.02309818960135557 0.02193882101132614 0.02140372781592794 0.01988763042896638 0.026397930972977792 0.020868634620529743 0.024971015785249264 0.019352537233568178 0.01908499063586908 0.023811647195219835 0.02363328279675377 0.020690270222063677 0.021582092214394007 0.021492910015160974 0.02077945242129671 0.02229554980825827 0.021492910015160974 0.019976812628199413 0.02336573619905467 0.022473914206724337 0.023722464995986802 0.021582092214394007 0.02229554980825827 0.024346740390618033 0.023009007402122535 0.022652278605190403 0.02167127441362704 0.02229554980825827 0.02256309640595737 0.023454918398287703 0.023722464995986802 0.023009007402122535 0.022652278605190403 0.021225363417461875 0.02202800321055917 0.022652278605190403 0.02256309640595737 0.024435922589851066 0.020422723624364578 0.02077945242129671 0.020957816819762776 0.02283064300365647 0.021314545616694908 0.022652278605190403 0.024168375992151967 0.023009007402122535 0.02077945242129671 0.021582092214394007 0.023811647195219835 0.02309818960135557 0.02202800321055917 0.02229554980825827 0.020333541425131545 0.021492910015160974 0.023009007402122535 0.021849638812093106 0.019976812628199413 0.020601088022830644 0.021492910015160974 0.021314545616694908 0.022473914206724337 0.022384732007491304 0.02015517702666548 0.0229198252028895 0.021760456612860073 0.0229198252028895 0.023276553999821637 0.025506108980647462 0.023187371800588604 0.019976812628199413 0.022206367609025238 0.022117185409792205 0.023544100597520736 0.022473914206724337 0.023454918398287703 0.023009007402122535 0.021760456612860073 0.02202800321055917 0.021314545616694908 0.022652278605190403 0.021582092214394007 0.019709266030500314 0.021760456612860073 0.024257558191385 0.022117185409792205 0.023454918398287703 0.02024435922589851 0.022473914206724337 0.021760456612860073 0.021582092214394007 0.02514938018371533 0.02256309640595737 0.02113618121822884 0.020333541425131545 0.021849638812093106 0.022473914206724337 0.022117185409792205 0.02283064300365647 0.022117185409792205 0.02167127441362704 0.02167127441362704 0.022473914206724337 0.022206367609025238 0.024435922589851066 0.021849638812093106 0.021582092214394007 0.024168375992151967 0.022652278605190403 0.02283064300365647 0.02256309640595737 0.021582092214394007 0.023722464995986802 0.020601088022830644 0.02541692678141443 0.02336573619905467 0.0239900115936859 0.022117185409792205 0.02202800321055917 0.020333541425131545 0.02193882101132614 0.02167127441362704 0.02193882101132614 0.022652278605190403 0.020868634620529743 0.0229198252028895 0.022741460804423436 0.02309818960135557 0.02193882101132614 0.02193882101132614 0.022741460804423436 0.02309818960135557 0.021492910015160974 0.020868634620529743 0.02140372781592794 0.020868634620529743 0.021225363417461875 0.020333541425131545 0.021225363417461875 0.024079193792918934 0.023900829394452868 0.022473914206724337 0.02202800321055917 0.022117185409792205 0.02336573619905467 0.022473914206724337 0.019709266030500314 0.020065994827432446 0.02140372781592794 0.02113618121822884 0.018103986444305716 0.022206367609025238 0.01819316864353875 0.02140372781592794 0.023811647195219835 0.021849638812093106 0.023900829394452868 0.021849638812093106 0.023187371800588604 0.024346740390618033 0.02256309640595737 0.018906626237403013 0.02283064300365647 0.02363328279675377 0.02113618121822884 0.023187371800588604 0.019174172835102112 0.021492910015160974 0.02104699901899581 0.01988763042896638 0.022741460804423436 0.019798448229733347 0.019530901632034248 0.020422723624364578 0.02104699901899581 0.019798448229733347 0.021225363417461875 0.021849638812093106 0.02167127441362704 0.022384732007491304 0.022206367609025238 0.023009007402122535 0.02256309640595737 0.020868634620529743 0.022384732007491304 0.01908499063586908 0.02015517702666548 0.02104699901899581 0.02202800321055917 0.020690270222063677 0.02193882101132614 0.022473914206724337 0.020065994827432446 0.023722464995986802 0.023187371800588604 0.024168375992151967 0.021492910015160974 0.024257558191385 0.024435922589851066 0.02104699901899581 0.023900829394452868 0.024257558191385 0.023811647195219835 0.021582092214394007 0.02104699901899581 0.023454918398287703 0.022652278605190403 0.022384732007491304 0.02309818960135557 0.02283064300365647 0.024079193792918934 0.0245251047890841 0.022473914206724337 0.023009007402122535 0.026130384375278693 0.02104699901899581 0.021849638812093106 0.023009007402122535 0.02202800321055917 0.02541692678141443 0.023454918398287703 0.023544100597520736 0.021582092214394007 0.02193882101132614 0.024257558191385 0.022117185409792205 0.023544100597520736 0.022473914206724337 0.023900829394452868 0.021314545616694908 0.02051190582359761 0.022384732007491304 0.020422723624364578 0.021849638812093106 0.023454918398287703 0.02488183358601623 0.02113618121822884 0.02256309640595737 0.021582092214394007 0.02104699901899581 0.021760456612860073 0.019352537233568178 0.021225363417461875 0.022384732007491304 0.020333541425131545 0.02202800321055917 0.02077945242129671 0.0229198252028895 0.022206367609025238 0.02283064300365647 0.02113618121822884 0.02256309640595737 0.021849638812093106 0.020868634620529743 0.020868634620529743 0.020333541425131545 0.019709266030500314 0.02193882101132614 0.022473914206724337 0.02283064300365647 0.020690270222063677 0.019530901632034248 0.023544100597520736 0.021849638812093106

# Dark Counts Data:
0.02541692678141443 0.027200570766075093 0.027557299563007225 0.02711138856684206 0.026219566574511726 0.023900829394452868 0.025060197984482297 0.02889503255150272 0.02488183358601623 0.027022206367609027 0.025684473379113528 0.026576295371443858 0.026576295371443858 0.025684473379113528 0.025060197984482297 0.026933024168375994 0.025238562382948363 0.026576295371443858 0.025506108980647462 0.026487113172210825 0.023811647195219835 0.027646481762240258 0.026933024168375994 0.025684473379113528 0.025238562382948363 0.026933024168375994 0.02604120217604566 0.02336573619905467 0.024168375992151967 0.02577365557834656 0.026754659769909928 0.024168375992151967 0.025506108980647462 0.027914028359939357 0.027824846160706324 0.027200570766075093 0.025952019976812627 0.02514938018371533 0.02541692678141443 0.027022206367609027 0.024346740390618033 0.025862837777579594 0.028716668153036654 0.024435922589851066 0.02711138856684206 0.02363328279675377 0.025595291179880495 0.023187371800588604 0.02488183358601623 0.028984214750735753 0.024971015785249264 0.024079193792918934 0.024703469187550165 0.026754659769909928 0.025327744582181396 0.02514938018371533 0.027289752965308126 0.02283064300365647 0.024346740390618033 0.02684384196914296 0.022741460804423436 0.027289752965308126 0.027289752965308126 0.02711138856684206 0.02488183358601623 0.025327744582181396 0.024168375992151967 0.025862837777579594 0.027022206367609027 0.029697672344600017 0.026665477570676895 0.028716668153036654 0.024792651386783198 0.024435922589851066 0.025238562382948363 0.025952019976812627 0.02711138856684206 0.027200570766075093 0.0239900115936859 0.026576295371443858 0.02604120217604566 0.027022206367609027 0.026130384375278693 0.02711138856684206 0.026576295371443858 0.02889503255150272 0.025506108980647462 0.024792651386783198 0.023544100597520736 0.027200570766075093 0.026397930972977792 0.025238562382948363 0.025684473379113528 0.026665477570676895 0.02737893516454116 0.02541692678141443 0.02630874877374476 0.024792651386783198 0.02604120217604566 0.025862837777579594 0.026933024168375994 0.026576295371443858 0.02827075715687149 0.026219566574511726 0.025595291179880495 0.02604120217604566 0.026130384375278693 0.024703469187550165 0.024346740390618033 0.026487113172210825 0.025506108980647462 0.025060197984482297 0.027824846160706324 0.024346740390618033 0.025506108980647462 0.025238562382948363 0.025684473379113528 0.0245251047890841 0.02541692678141443 0.0245251047890841 0.026487113172210825 0.0245251047890841 0.026219566574511726 0.026576295371443858 0.024971015785249264 0.0239900115936859 0.025862837777579594 0.024435922589851066 0.027824846160706324 0.02630874877374476 0.024792651386783198 0.023454918398287703 0.023454918398287703 0.027200570766075093 0.025595291179880495 0.022117185409792205 0.024614286988317132 0.027022206367609027 0.0245251047890841 0.025595291179880495 0.024703469187550165 0.029073396949968786 0.02684384196914296 0.02514938018371533 0.025327744582181396 0.029965218942299116 0.02737893516454116 0.024346740390618033 0.024703469187550165 0.026933024168375994 0.02336573619905467 0.025952019976812627 0.024079193792918934 0.02488183358601623 0.022117185409792205 0.024792651386783198 0.027824846160706324 0.029073396949968786 0.02737893516454116 0.025952019976812627 0.025506108980647462 0.02604120217604566 0.027646481762240258 0.025506108980647462 0.025684473379113528 0.02773566396147329 0.024971015785249264 0.026487113172210825 0.026754659769909928 0.03264068491929011 0.025506108980647462 0.026397930972977792 0.02684384196914296 0.02630874877374476 0.02773566396147329 0.025952019976812627 0.02488183358601623 0.027646481762240258 0.026933024168375994 0.02684384196914296 0.02684384196914296 0.025327744582181396 0.024971015785249264 0.027914028359939357 0.029073396949968786 0.02604120217604566 0.02684384196914296 0.023454918398287703 0.026219566574511726 0.025327744582181396 0.027914028359939357 0.02746811736377419 0.023900829394452868 0.024703469187550165 0.026933024168375994 0.025238562382948363 0.027914028359939357 0.024346740390618033 0.027200570766075093 0.024614286988317132 0.025952019976812627 0.022741460804423436 0.026487113172210825 0.028984214750735753 0.025327744582181396 0.02193882101132614 0.025238562382948363 0.02746811736377419 0.025595291179880495 0.02604120217604566 0.02746811736377419 0.027824846160706324 0.02577365557834656 0.02773566396147329 0.026754659769909928 0.024435922589851066 0.028092392758405423 0.025506108980647462 0.024079193792918934 0.02488183358601623 0.02746811736377419 0.025595291179880495 0.022473914206724337 0.02488183358601623 0.02577365557834656 0.024703469187550165 0.02363328279675377 0.025684473379113528 0.02800321055917239 0.027914028359939357 0.025060197984482297 0.024168375992151967 0.02541692678141443 0.02604120217604566 0.026933024168375994 0.02336573619905467 0.02630874877374476 0.025327744582181396 0.026130384375278693 0.025684473379113528 0.024614286988317132 0.02514938018371533 0.023900829394452868 0.027200570766075093 0.024079193792918934 0.02541692678141443 0.02256309640595737 0.023544100597520736 0.02773566396147329 0.02577365557834656 0.02746811736377419 0.027200570766075093 0.024346740390618033 0.02541692678141443 0.025952019976812627 0.02684384196914296 0.030678676536163383 0.02604120217604566 0.024435922589851066 0.026397930972977792 0.025506108980647462 0.026397930972977792 0.025327744582181396 0.027022206367609027 0.02684384196914296 0.025595291179880495 0.025238562382948363 0.024257558191385 0.0229198252028895 0.022652278605190403 0.027200570766075093 0.026933024168375994 0.02827075715687149 0.02630874877374476 0.026754659769909928 0.02604120217604566 0.026576295371443858 0.025595291179880495 0.02835993935610452 0.027646481762240258 0.027646481762240258 0.028092392758405423 0.02737893516454116 0.02541692678141443 0.024971015785249264 0.026754659769909928 0.025862837777579594 0.027200570766075093 0.025506108980647462 0.024971015785249264 0.02827075715687149 0.026219566574511726 0.027289752965308126 0.026219566574511726 0.024971015785249264 0.027557299563007225 0.02488183358601623 0.02541692678141443 0.0245251047890841 0.025684473379113528 0.025238562382948363 0.025952019976812627 0.025952019976812627 0.026130384375278693 0.024168375992151967 0.025595291179880495 0.024079193792918934 0.026397930972977792 0.02514938018371533 0.023454918398287703 0.024614286988317132 0.026933024168375994 0.028449121555337555 0.025862837777579594 0.02577365557834656 0.024435922589851066 0.02711138856684206 0.023900829394452868 0.026576295371443858 0.024792651386783198 0.02737893516454116 0.025327744582181396 0.02488183358601623 0.027289752965308126 0.025060197984482297 0.024435922589851066 0.024971015785249264 0.027914028359939357 0.026576295371443858 0.02827075715687149 0.024168375992151967 0.026487113172210825 0.024435922589851066 0.025952019976812627 0.025595291179880495 0.026219566574511726 0.025684473379113528 0.023454918398287703 0.027022206367609027 0.02827075715687149 0.025327744582181396 0.025506108980647462 0.027289752965308126 0.024703469187550165 0.027646481762240258 0.026219566574511726 0.02684384196914296 0.02773566396147329 0.025060197984482297 0.024435922589851066 0.028181574957638456 0.027200570766075093 0.02577365557834656 0.023722464995986802 0.025060197984482297 0.026130384375278693 0.024703469187550165 0.02862748595380362 0.025506108980647462 0.0245251047890841 0.024703469187550165 0.02630874877374476 0.023454918398287703 0.026754659769909928 0.026130384375278693 0.024614286988317132 0.024346740390618033 0.025060197984482297 0.024257558191385 0.02488183358601623 0.025238562382948363 0.02229554980825827 0.027914028359939357 0.025595291179880495 0.024346740390618033 0.02309818960135557 0.02604120217604566 0.027646481762240258 0.024614286988317132 0.026130384375278693 0.02604120217604566 0.022384732007491304 0.024792651386783198 0.028092392758405423 0.026219566574511726 0.03058949433693035 0.026219566574511726 0.024614286988317132 0.025327744582181396 0.025684473379113528 0.025595291179880495 0.024971015785249264 0.025684473379113528 0.025862837777579594 0.024257558191385 0.026397930972977792
