# Parameters:
n_avg = 1000000
meas_len_1 = 500
wait_for_initialization = 1500
wait_after_measure = 1000
NV_IF_freq = 70000000

# t_vec (Pulse Durations in clock cycles):
4 5 6 7 8 9 10 11 12 13 14 15 16 17 18 19 20 21 22 23 24 25 26 27 28 29 30 31 32 33 34 35 36 37 38 39 40 41 42 43 44 45 46 47 48 49 50 51 52 53 54 55 56 57 58 59 60 61 62 63 64 65 66 67 68 69 70 71 72 73 74 75 76 77 78 79 80 81 82 83 84 85 86 87 88 89 90 91 92 93 94 95 96 97 98 99 100 101 102 103 104 105 106 107 108 109 110 111 112 113 114 115 116 117 118 119 120 121 122 123 124 125 126 127 128 129 130 131 132 133 134 135 136 137 138 139 140 141 142 143 144 145 146 147 148 149 150 151 152 153 154 155 156 157 158 159 160 161 162 163 164 165 166 167 168 169 170 171 172 173 174 175 176 177 178 179 180 181 182 183 184 185 186 187 188 189 190 191 192 193 194 195 196 197 198 199 200 201 202 203 204 205 206 207 208 209 210 211 212 213 214 215 216 217 218 219 220 221 222 223 224 225 226 227 228 229 230 231 232 233 234 235 236 237 238 239 240 241 242 243 244 245 246 247 248 249 250 251 252 253 254 255 256 257 258 259 260 261 262 263 264 265 266 267 268 269 270 271 272 273 274 275 276 277 278 279 280 281 282 283 284 285 286 287 288 289 290 291 292 293 294 295 296 297 298 299 300 301 302 303 304 305 306 307 308 309 310 311 312 313 314 315 316 317 318 319 320 321 322 323 324 325 326 327 328 329 330 331 332 333 334 335 336 337 338 339 340 341 342 343 344 345 346 347 348 349 350 351 352 353 354 355 356 357 358 359 360 361 362 363 364 365 366 367 368 369 370 371 372 373 374 375 376 377 378 379 380 381 382 383 384 385 386 387 388 389 390 391 392 393 394 395 396 397 398 399

# Counts Data:
0.024529946457477275 0.023160254015689205 0.024280911468061262 0.026646743867513385 0.026895778856929398 0.02253766654214917 0.024156393973353257 0.023409289005105218 0.022413149047441166 0.022786701531565184 0.022786701531565184 0.021666044079193127 0.01979828165857303 0.019300211679741004 0.017432449259120908 0.02179056157390113 0.017556966753828913 0.019549246669157017 0.01942472917444901 0.01867762420620097 0.01768148424853692 0.01668534429087287 0.0173079317644129 0.017806001743244926 0.01581372182791682 0.02129249159506911 0.019922799153281035 0.018802141700908978 0.016934379280288882 0.015440169343792803 0.017432449259120908 0.018428589216784957 0.018428589216784957 0.019300211679741004 0.019673764163865022 0.019549246669157017 0.017432449259120908 0.018802141700908978 0.017183414269704895 0.018926659195616983 0.019175694185032996 0.0211679741003611 0.020794421616237083 0.01979828165857303 0.017930519237952934 0.02042086913211306 0.022786701531565184 0.01805503673266094 0.022288631552733158 0.02129249159506911 0.02266218403685718 0.017930519237952934 0.02540156892043332 0.02253766654214917 0.018802141700908978 0.01905117669032499 0.019549246669157017 0.02042086913211306 0.020047316647989043 0.018428589216784957 0.021666044079193127 0.020047316647989043 0.02179056157390113 0.021666044079193127 0.021666044079193127 0.023533806499813223 0.02440542896276927 0.023160254015689205 0.019549246669157017 0.02179056157390113 0.020918939110945087 0.02129249159506911 0.022288631552733158 0.019300211679741004 0.02179056157390113 0.024903498941601297 0.02129249159506911 0.02129249159506911 0.022288631552733158 0.023907358983937244 0.02515253393101731 0.023160254015689205 0.024654463952185283 0.021417009089777114 0.021417009089777114 0.023035736520981197 0.02129249159506911 0.022039596563317145 0.020171834142697048 0.02365832399452123 0.01805503673266094 0.020296351637405056 0.016934379280288882 0.022288631552733158 0.017806001743244926 0.022413149047441166 0.017432449259120908 0.020669904121529074 0.020171834142697048 0.021666044079193127 0.019175694185032996 0.017183414269704895 0.018428589216784957 0.01805503673266094 0.019300211679741004 0.020171834142697048 0.018926659195616983 0.01668534429087287 0.017183414269704895 0.021666044079193127 0.01979828165857303 0.02179056157390113 0.020171834142697048 0.023907358983937244 0.023533806499813223 0.02042086913211306 0.018553106711492965 0.021541526584485122 0.018304071722076952 0.022164114058025153 0.018304071722076952 0.021417009089777114 0.020047316647989043 0.022164114058025153 0.022164114058025153 0.022288631552733158 0.019922799153281035 0.017432449259120908 0.02365832399452123 0.019922799153281035 0.019549246669157017 0.020794421616237083 0.019549246669157017 0.022911219026273192 0.022786701531565184 0.02191507906860914 0.02253766654214917 0.019300211679741004 0.020296351637405056 0.019922799153281035 0.020171834142697048 0.0211679741003611 0.020794421616237083 0.017183414269704895 0.01905117669032499 0.019549246669157017 0.018304071722076952 0.020047316647989043 0.01979828165857303 0.021043456605653096 0.019673764163865022 0.018428589216784957 0.021417009089777114 0.019300211679741004 0.023160254015689205 0.020296351637405056 0.022413149047441166 0.018553106711492965 0.020171834142697048 0.020296351637405056 0.018179554227368944 0.020669904121529074 0.019673764163865022 0.0173079317644129 0.019549246669157017 0.020794421616237083 0.02042086913211306 0.023907358983937244 0.020171834142697048 0.020669904121529074 0.01905117669032499 0.022164114058025153 0.021666044079193127 0.023533806499813223 0.022288631552733158 0.020171834142697048 0.02253766654214917 0.021666044079193127 0.019300211679741004 0.020918939110945087 0.021666044079193127 0.02266218403685718 0.025277051425725314 0.023782841489229236 0.022288631552733158 0.02266218403685718 0.023160254015689205 0.02042086913211306 0.02129249159506911 0.02054538662682107 0.020794421616237083 0.01942472917444901 0.023035736520981197 0.0173079317644129 0.020296351637405056 0.02253766654214917 0.020047316647989043 0.021043456605653096 0.019175694185032996 0.020918939110945087 0.019673764163865022 0.020047316647989043 0.022786701531565184 0.018179554227368944 0.023409289005105218 0.018304071722076952 0.022911219026273192 0.022911219026273192 0.021417009089777114 0.01581372182791682 0.019673764163865022 0.01905117669032499 0.019300211679741004 0.019673764163865022 0.022911219026273192 0.022039596563317145 0.02042086913211306 0.020794421616237083 0.020794421616237083 0.01942472917444901 0.016809861785580874 0.021666044079193127 0.021666044079193127 0.020047316647989043 0.01867762420620097 0.019549246669157017 0.025526086415141327 0.021043456605653096 0.022911219026273192 0.025526086415141327 0.018802141700908978 0.018304071722076952 0.020047316647989043 0.02054538662682107 0.021417009089777114 0.022786701531565184 0.020047316647989043 0.018428589216784957 0.020794421616237083 0.020794421616237083 0.020918939110945087 0.020296351637405056 0.02191507906860914 0.01942472917444901 0.02191507906860914 0.021666044079193127 0.019300211679741004 0.01867762420620097 0.02042086913211306 0.018428589216784957 0.021666044079193127 0.02179056157390113 0.018553106711492965 0.019175694185032996 0.020171834142697048 0.021666044079193127 0.01867762420620097 0.022413149047441166 0.02191507906860914 0.0211679741003611 0.02129249159506911 0.022413149047441166 0.021666044079193127 0.02129249159506911 0.02440542896276927 0.01867762420620097 0.01905117669032499 0.021541526584485122 0.022164114058025153 0.021043456605653096 0.020669904121529074 0.02253766654214917 0.020047316647989043 0.01656082679616486 0.021541526584485122 0.020047316647989043 0.01942472917444901 0.02191507906860914 0.020669904121529074 0.017432449259120908 0.022039596563317145 0.021043456605653096 0.020918939110945087 0.022164114058025153 0.022413149047441166 0.01905117669032499 0.01867762420620097 0.021541526584485122 0.02129249159506911 0.020171834142697048 0.018802141700908978 0.019549246669157017 0.022413149047441166 0.020047316647989043 0.020296351637405056 0.01979828165857303 0.020296351637405056 0.015315651849084797 0.019175694185032996 0.02054538662682107 0.020296351637405056 0.018926659195616983 0.022786701531565184 0.02191507906860914 0.021043456605653096 0.023907358983937244 0.017806001743244926 0.022786701531565184 0.02266218403685718 0.020794421616237083 0.02328477151039721 0.021417009089777114 0.02266218403685718 0.022413149047441166 0.018926659195616983 0.021541526584485122 0.020669904121529074 0.022786701531565184 0.023409289005105218 0.023035736520981197 0.0250280164363093 0.02191507906860914 0.0211679741003611 0.019300211679741004 0.01979828165857303 0.022413149047441166 0.020296351637405056 0.0211679741003611 0.020669904121529074 0.022039596563317145 0.0211679741003611 0.020794421616237083 0.020171834142697048 0.02129249159506911 0.020794421616237083 0.020669904121529074 0.017432449259120908 0.02266218403685718 0.022288631552733158 0.019300211679741004 0.021666044079193127 0.020918939110945087 0.0173079317644129 0.018926659195616983 0.02054538662682107 0.0211679741003611 0.022288631552733158 0.022413149047441166 0.01979828165857303 0.020296351637405056 0.01942472917444901 0.0211679741003611 0.018304071722076952 0.01942472917444901 0.020296351637405056 0.02515253393101731 0.020794421616237083 0.02328477151039721 0.02042086913211306 0.022413149047441166 0.020794421616237083 0.022039596563317145 0.0211679741003611 0.022413149047441166 0.02042086913211306 0.02328477151039721 0.01867762420620097 0.022911219026273192 0.02477898144689329 0.022164114058025153 0.020918939110945087 0.020296351637405056 0.0211679741003611 0.019300211679741004 0.018428589216784957 0.01905117669032499 0.01768148424853692 0.01905117669032499 0.017556966753828913 0.019673764163865022 0.020669904121529074 0.018553106711492965 0.021043456605653096 0.021541526584485122 0.019922799153281035 0.020296351637405056 0.019549246669157017 0.021666044079193127 0.02179056157390113 0.02054538662682107 0.020171834142697048 0.020296351637405056 0.01979828165857303 0.019300211679741004 0.023035736520981197 0.023409289005105218

# Dark Counts Data:
0.025277051425725314 0.023409289005105218 0.0250280164363093 0.02614867388868136 0.023782841489229236 0.02266218403685718 0.022911219026273192 0.02540156892043332 0.02714481384634541 0.024156393973353257 0.023533806499813223 0.029510646245797533 0.025899638899265345 0.024280911468061262 0.02253766654214917 0.022413149047441166 0.02515253393101731 0.02577512140455734 0.025277051425725314 0.02440542896276927 0.027518366330469432 0.02266218403685718 0.022911219026273192 0.028389988793425476 0.023782841489229236 0.024903498941601297 0.023907358983937244 0.02054538662682107 0.023409289005105218 0.02403187647864525 0.023782841489229236 0.02540156892043332 0.02639770887809737 0.025277051425725314 0.024654463952185283 0.02477898144689329 0.025526086415141327 0.024903498941601297 0.02652222637280538 0.02515253393101731 0.026646743867513385 0.02515253393101731 0.024903498941601297 0.02863902378284149 0.027020296351637406 0.028016436309301458 0.027518366330469432 0.02639770887809737 0.025526086415141327 0.02540156892043332 0.02440542896276927 0.02577512140455734 0.026895778856929398 0.023409289005105218 0.027393848835761424 0.026024156393973354 0.02726933134105342 0.022786701531565184 0.027393848835761424 0.024280911468061262 0.021043456605653096 0.027020296351637406 0.025526086415141327 0.02540156892043332 0.025899638899265345 0.023533806499813223 0.026771261362221393 0.026024156393973354 0.02726933134105342 0.027020296351637406 0.0250280164363093 0.02477898144689329 0.02403187647864525 0.027767401319885445 0.023907358983937244 0.024654463952185283 0.03162744365583364 0.02477898144689329 0.02477898144689329 0.025899638899265345 0.020794421616237083 0.024654463952185283 0.02714481384634541 0.024529946457477275 0.02477898144689329 0.024529946457477275 0.02403187647864525 0.02714481384634541 0.026273191383389367 0.026024156393973354 0.026024156393973354 0.026024156393973354 0.02614867388868136 0.02515253393101731 0.02440542896276927 0.028389988793425476 0.028016436309301458 0.02863902378284149 0.021666044079193127 0.02540156892043332 0.024654463952185283 0.027393848835761424 0.023782841489229236 0.026771261362221393 0.0250280164363093 0.02639770887809737 0.02614867388868136 0.024903498941601297 0.028514506288133484 0.025650603909849332 0.024529946457477275 0.024654463952185283 0.029137093761673515 0.028763541277549497 0.025277051425725314 0.022786701531565184 0.023533806499813223 0.027020296351637406 0.023160254015689205 0.022786701531565184 0.028763541277549497 0.02726933134105342 0.026771261362221393 0.024529946457477275 0.022413149047441166 0.02477898144689329 0.02403187647864525 0.024903498941601297 0.02926161125638152 0.025526086415141327 0.024654463952185283 0.026771261362221393 0.024156393973353257 0.02328477151039721 0.024280911468061262 0.027393848835761424 0.026273191383389367 0.02365832399452123 0.029137093761673515 0.026273191383389367 0.025650603909849332 0.027518366330469432 0.0250280164363093 0.02714481384634541 0.02652222637280538 0.02714481384634541 0.026273191383389367 0.024903498941601297 0.026273191383389367 0.02714481384634541 0.02515253393101731 0.020794421616237083 0.024529946457477275 0.027020296351637406 0.02577512140455734 0.023409289005105218 0.025526086415141327 0.02577512140455734 0.02403187647864525 0.030631303698169594 0.02477898144689329 0.02614867388868136 0.02328477151039721 0.02577512140455734 0.02963516374050554 0.02577512140455734 0.029137093761673515 0.025899638899265345 0.02826547129871747 0.024280911468061262 0.026771261362221393 0.028016436309301458 0.025526086415141327 0.02639770887809737 0.027393848835761424 0.025526086415141327 0.026024156393973354 0.027642883825177437 0.02477898144689329 0.0211679741003611 0.025899638899265345 0.026771261362221393 0.023782841489229236 0.02440542896276927 0.02540156892043332 0.02726933134105342 0.02253766654214917 0.024903498941601297 0.024156393973353257 0.023907358983937244 0.02266218403685718 0.02440542896276927 0.027642883825177437 0.026024156393973354 0.026646743867513385 0.02540156892043332 0.02652222637280538 0.02863902378284149 0.026024156393973354 0.02614867388868136 0.026024156393973354 0.023907358983937244 0.02403187647864525 0.022413149047441166 0.02365832399452123 0.026273191383389367 0.026771261362221393 0.026771261362221393 0.023533806499813223 0.026024156393973354 0.026646743867513385 0.02515253393101731 0.024280911468061262 0.022786701531565184 0.02440542896276927 0.02403187647864525 0.02714481384634541 0.023035736520981197 0.027393848835761424 0.02440542896276927 0.02652222637280538 0.0250280164363093 0.026895778856929398 0.02477898144689329 0.02614867388868136 0.02253766654214917 0.02477898144689329 0.027393848835761424 0.02614867388868136 0.02614867388868136 0.027642883825177437 0.024903498941601297 0.02938612875108953 0.024654463952185283 0.02540156892043332 0.02577512140455734 0.029759681235213546 0.024654463952185283 0.024156393973353257 0.02614867388868136 0.02826547129871747 0.02328477151039721 0.023533806499813223 0.02652222637280538 0.024529946457477275 0.026646743867513385 0.02477898144689329 0.024903498941601297 0.0250280164363093 0.02440542896276927 0.026273191383389367 0.023907358983937244 0.022911219026273192 0.024280911468061262 0.0250280164363093 0.027518366330469432 0.028140953804009463 0.027767401319885445 0.02440542896276927 0.028016436309301458 0.024529946457477275 0.02515253393101731 0.026273191383389367 0.024280911468061262 0.02540156892043332 0.02826547129871747 0.026771261362221393 0.02577512140455734 0.025277051425725314 0.027767401319885445 0.0250280164363093 0.02577512140455734 0.02540156892043332 0.026024156393973354 0.02614867388868136 0.023782841489229236 0.026024156393973354 0.025899638899265345 0.024156393973353257 0.026895778856929398 0.024529946457477275 0.028016436309301458 0.025899638899265345 0.026646743867513385 0.028888058772257502 0.02266218403685718 0.026273191383389367 0.023782841489229236 0.02440542896276927 0.024280911468061262 0.027642883825177437 0.022786701531565184 0.02714481384634541 0.024654463952185283 0.02639770887809737 0.02365832399452123 0.026895778856929398 0.025899638899265345 0.02577512140455734 0.02191507906860914 0.026771261362221393 0.024529946457477275 0.024654463952185283 0.024280911468061262 0.02440542896276927 0.027020296351637406 0.02652222637280538 0.0250280164363093 0.027020296351637406 0.02403187647864525 0.02826547129871747 0.024280911468061262 0.020794421616237083 0.024280911468061262 0.023409289005105218 0.0250280164363093 0.0250280164363093 0.02652222637280538 0.02614867388868136 0.02403187647864525 0.02652222637280538 0.023907358983937244 0.027020296351637406 0.028514506288133484 0.02577512140455734 0.026646743867513385 0.02440542896276927 0.027020296351637406 0.026024156393973354 0.027393848835761424 0.024903498941601297 0.024654463952185283 0.027393848835761424 0.021666044079193127 0.030133233719337568 0.02577512140455734 0.02577512140455734 0.02639770887809737 0.021417009089777114 0.02577512140455734 0.02863902378284149 0.025526086415141327 0.022164114058025153 0.02726933134105342 0.026024156393973354 0.025899638899265345 0.025277051425725314 0.024903498941601297 0.023409289005105218 0.025526086415141327 0.027767401319885445 0.028888058772257502 0.02639770887809737 0.0250280164363093 0.023907358983937244 0.027642883825177437 0.024903498941601297 0.02440542896276927 0.024529946457477275 0.02477898144689329 0.022413149047441166 0.02477898144689329 0.02477898144689329 0.027642883825177437 0.02540156892043332 0.022288631552733158 0.028888058772257502 0.023409289005105218 0.027642883825177437 0.02403187647864525 0.022288631552733158 0.025526086415141327 0.02477898144689329 0.029137093761673515 0.025650603909849332 0.024654463952185283 0.024156393973353257 0.022786701531565184 0.026895778856929398 0.02577512140455734 0.02652222637280538 0.026895778856929398 0.025650603909849332 0.024280911468061262 0.025277051425725314 0.027518366330469432 0.02477898144689329 0.028514506288133484 0.026273191383389367 0.02253766654214917 0.02515253393101731 0.022288631552733158 0.024529946457477275 0.026646743867513385 0.028514506288133484 0.02614867388868136
