# Parameters:
n_avg = 1000000
meas_len_1 = 500
wait_for_initialization = 1500
wait_after_measure = 1000
NV_IF_freq = 70000000

# t_vec (Pulse Durations in clock cycles):
4 5 6 7 8 9 10 11 12 13 14 15 16 17 18 19 20 21 22 23 24 25 26 27 28 29 30 31 32 33 34 35 36 37 38 39 40 41 42 43 44 45 46 47 48 49 50 51 52 53 54 55 56 57 58 59 60 61 62 63 64 65 66 67 68 69 70 71 72 73 74 75 76 77 78 79 80 81 82 83 84 85 86 87 88 89 90 91 92 93 94 95 96 97 98 99 100 101 102 103 104 105 106 107 108 109 110 111 112 113 114 115 116 117 118 119 120 121 122 123 124 125 126 127 128 129 130 131 132 133 134 135 136 137 138 139 140 141 142 143 144 145 146 147 148 149 150 151 152 153 154 155 156 157 158 159 160 161 162 163 164 165 166 167 168 169 170 171 172 173 174 175 176 177 178 179 180 181 182 183 184 185 186 187 188 189 190 191 192 193 194 195 196 197 198 199 200 201 202 203 204 205 206 207 208 209 210 211 212 213 214 215 216 217 218 219 220 221 222 223 224 225 226 227 228 229 230 231 232 233 234 235 236 237 238 239 240 241 242 243 244 245 246 247 248 249 250 251 252 253 254 255 256 257 258 259 260 261 262 263 264 265 266 267 268 269 270 271 272 273 274 275 276 277 278 279 280 281 282 283 284 285 286 287 288 289 290 291 292 293 294 295 296 297 298 299 300 301 302 303 304 305 306 307 308 309 310 311 312 313 314 315 316 317 318 319 320 321 322 323 324 325 326 327 328 329 330 331 332 333 334 335 336 337 338 339 340 341 342 343 344 345 346 347 348 349 350 351 352 353 354 355 356 357 358 359 360 361 362 363 364 365 366 367 368 369 370 371 372 373 374 375 376 377 378 379 380 381 382 383 384 385 386 387 388 389 390 391 392 393 394 395 396 397 398 399

# Counts Data:
0.028854489164086686 0.02563467492260062 0.027987616099071206 0.02674922600619195 0.024891640866873066 0.024891640866873066 0.025510835913312692 0.02563467492260062 0.027492260061919505 0.023529411764705882 0.030340557275541795 0.02637770897832817 0.02563467492260062 0.02501547987616099 0.02476780185758514 0.023529411764705882 0.024891640866873066 0.025510835913312692 0.026006191950464396 0.024891640866873066 0.02526315789473684 0.028854489164086686 0.025510835913312692 0.02390092879256966 0.024272445820433437 0.02328173374613003 0.02637770897832817 0.024272445820433437 0.024643962848297212 0.02414860681114551 0.028978328173374614 0.02328173374613003 0.02736842105263158 0.02526315789473684 0.029226006191950465 0.024520123839009287 0.023653250773993807 0.02390092879256966 0.024891640866873066 0.02563467492260062 0.025510835913312692 0.024396284829721362 0.025758513931888546 0.025386996904024767 0.025758513931888546 0.024643962848297212 0.022291021671826627 0.02414860681114551 0.025139318885448916 0.027739938080495356 0.027120743034055726 0.024396284829721362 0.02414860681114551 0.02414860681114551 0.027120743034055726 0.022910216718266253 0.02414860681114551 0.02390092879256966 0.024643962848297212 0.02526315789473684 0.024891640866873066 0.023405572755417957 0.022538699690402477 0.023653250773993807 0.021795665634674923 0.024520123839009287 0.026873065015479876 0.02563467492260062 0.026006191950464396 0.020928792569659443 0.026873065015479876 0.02414860681114551 0.025758513931888546 0.02476780185758514 0.024272445820433437 0.027244582043343655 0.022043343653250773 0.02390092879256966 0.024272445820433437 0.024272445820433437 0.024396284829721362 0.022538699690402477 0.023777089783281732 0.026873065015479876 0.02736842105263158 0.02501547987616099 0.024891640866873066 0.02613003095975232 0.02501547987616099 0.025758513931888546 0.024272445820433437 0.022043343653250773 0.021671826625386997 0.02563467492260062 0.023157894736842106 0.023405572755417957 0.022043343653250773 0.025139318885448916 0.026253869969040246 0.021424148606811147 0.021795665634674923 0.022786377708978327 0.02563467492260062 0.024024767801857586 0.027120743034055726 0.021671826625386997 0.02637770897832817 0.024024767801857586 0.02476780185758514 0.021547987616099072 0.023529411764705882 0.022662538699690402 0.02414860681114551 0.026253869969040246 0.023529411764705882 0.024272445820433437 0.02501547987616099 0.026873065015479876 0.023653250773993807 0.022910216718266253 0.024024767801857586 0.026006191950464396 0.025139318885448916 0.024272445820433437 0.02303405572755418 0.022786377708978327 0.027739938080495356 0.024024767801857586 0.025386996904024767 0.026006191950464396 0.02414860681114551 0.022167182662538698 0.024272445820433437 0.022043343653250773 0.02303405572755418 0.023405572755417957 0.024520123839009287 0.024396284829721362 0.025758513931888546 0.023157894736842106 0.02637770897832817 0.022910216718266253 0.024272445820433437 0.022910216718266253 0.024891640866873066 0.02823529411764706 0.02130030959752322 0.02390092879256966 0.023405572755417957 0.023653250773993807 0.021424148606811147 0.025386996904024767 0.022662538699690402 0.02526315789473684 0.022291021671826627 0.022786377708978327 0.0265015479876161 0.023157894736842106 0.020309597523219813 0.024891640866873066 0.02414860681114551 0.026625386996904025 0.025139318885448916 0.023777089783281732 0.026006191950464396 0.020804953560371518 0.021919504643962848 0.023157894736842106 0.025139318885448916 0.022910216718266253 0.021671826625386997 0.024520123839009287 0.02674922600619195 0.02414860681114551 0.020185758513931888 0.026253869969040246 0.024272445820433437 0.02414860681114551 0.022662538699690402 0.022662538699690402 0.0265015479876161 0.022414860681114552 0.022538699690402477 0.022291021671826627 0.021919504643962848 0.024396284829721362 0.02563467492260062 0.02303405572755418 0.022786377708978327 0.023653250773993807 0.027120743034055726 0.019690402476780187 0.020681114551083592 0.022538699690402477 0.021919504643962848 0.019071207430340558 0.02563467492260062 0.0265015479876161 0.022910216718266253 0.02563467492260062 0.02328173374613003 0.025386996904024767 0.02328173374613003 0.020309597523219813 0.026006191950464396 0.022167182662538698 0.023529411764705882 0.02390092879256966 0.023777089783281732 0.02736842105263158 0.02476780185758514 0.023405572755417957 0.022167182662538698 0.022662538699690402 0.02613003095975232 0.024024767801857586 0.02390092879256966 0.0265015479876161 0.022786377708978327 0.02588235294117647 0.02303405572755418 0.021671826625386997 0.023777089783281732 0.018947368421052633 0.02414860681114551 0.022043343653250773 0.024643962848297212 0.02501547987616099 0.022786377708978327 0.02390092879256966 0.02637770897832817 0.02328173374613003 0.0265015479876161 0.023405572755417957 0.022662538699690402 0.022414860681114552 0.024024767801857586 0.023529411764705882 0.023777089783281732 0.023405572755417957 0.023157894736842106 0.02501547987616099 0.023653250773993807 0.020928792569659443 0.023157894736842106 0.02563467492260062 0.02501547987616099 0.02328173374613003 0.025386996904024767 0.02414860681114551 0.019071207430340558 0.02328173374613003 0.021547987616099072 0.025386996904024767 0.02526315789473684 0.022538699690402477 0.024396284829721362 0.024891640866873066 0.02563467492260062 0.02823529411764706 0.022910216718266253 0.022662538699690402 0.02613003095975232 0.026253869969040246 0.02414860681114551 0.023529411764705882 0.026253869969040246 0.026625386996904025 0.021671826625386997 0.02588235294117647 0.025386996904024767 0.025386996904024767 0.021795665634674923 0.02526315789473684 0.022786377708978327 0.024643962848297212 0.02761609907120743 0.023777089783281732 0.022414860681114552 0.025386996904024767 0.024643962848297212 0.020928792569659443 0.022538699690402477 0.0265015479876161 0.021919504643962848 0.022786377708978327 0.02390092879256966 0.021671826625386997 0.0269969040247678 0.025510835913312692 0.023529411764705882 0.023157894736842106 0.021671826625386997 0.022662538699690402 0.024643962848297212 0.0269969040247678 0.023157894736842106 0.024643962848297212 0.022910216718266253 0.02588235294117647 0.025139318885448916 0.025139318885448916 0.024520123839009287 0.023653250773993807 0.022291021671826627 0.022414860681114552 0.022291021671826627 0.02526315789473684 0.02414860681114551 0.024024767801857586 0.023777089783281732 0.024520123839009287 0.022910216718266253 0.025758513931888546 0.021671826625386997 0.02414860681114551 0.025758513931888546 0.021547987616099072 0.023777089783281732 0.022662538699690402 0.023157894736842106 0.025758513931888546 0.024396284829721362 0.024891640866873066 0.022291021671826627 0.024024767801857586 0.022167182662538698 0.022910216718266253 0.022167182662538698 0.02043343653250774 0.024643962848297212 0.025139318885448916 0.023653250773993807 0.030092879256965945 0.021795665634674923 0.023529411764705882 0.02303405572755418 0.023777089783281732 0.02476780185758514 0.022786377708978327 0.024643962848297212 0.023405572755417957 0.023653250773993807 0.024272445820433437 0.023405572755417957 0.025510835913312692 0.024520123839009287 0.024272445820433437 0.023529411764705882 0.023529411764705882 0.023777089783281732 0.022538699690402477 0.02526315789473684 0.028111455108359135 0.025386996904024767 0.02563467492260062 0.02588235294117647 0.02303405572755418 0.024396284829721362 0.02563467492260062 0.02414860681114551 0.022414860681114552 0.02390092879256966 0.0269969040247678 0.023405572755417957 0.022538699690402477 0.022414860681114552 0.024643962848297212 0.0269969040247678 0.02526315789473684 0.024891640866873066 0.022786377708978327 0.023405572755417957 0.02476780185758514 0.024643962848297212 0.02674922600619195 0.02674922600619195 0.02761609907120743 0.025386996904024767 0.02736842105263158 0.02414860681114551 0.023405572755417957 0.026253869969040246 0.023653250773993807 0.024396284829721362 0.02390092879256966 0.02303405572755418 0.02414860681114551 0.023777089783281732 0.021795665634674923 0.02823529411764706 0.023157894736842106 0.0265015479876161 0.022167182662538698 0.02328173374613003 0.020928792569659443

# Dark Counts Data:
0.024643962848297212 0.023529411764705882 0.027120743034055726 0.0265015479876161 0.024272445820433437 0.02786377708978328 0.02563467492260062 0.024891640866873066 0.02563467492260062 0.023529411764705882 0.027244582043343655 0.026006191950464396 0.02563467492260062 0.025758513931888546 0.0313312693498452 0.022910216718266253 0.0269969040247678 0.02613003095975232 0.0265015479876161 0.024643962848297212 0.026625386996904025 0.02761609907120743 0.02823529411764706 0.02476780185758514 0.025758513931888546 0.022538699690402477 0.022043343653250773 0.02563467492260062 0.028854489164086686 0.02526315789473684 0.024643962848297212 0.023405572755417957 0.02526315789473684 0.022043343653250773 0.026253869969040246 0.02303405572755418 0.025139318885448916 0.027120743034055726 0.02637770897832817 0.02501547987616099 0.026873065015479876 0.02674922600619195 0.022291021671826627 0.02526315789473684 0.025386996904024767 0.02848297213622291 0.024643962848297212 0.027739938080495356 0.024396284829721362 0.0269969040247678 0.026253869969040246 0.02613003095975232 0.025758513931888546 0.0269969040247678 0.02588235294117647 0.026006191950464396 0.026625386996904025 0.024891640866873066 0.026253869969040246 0.027120743034055726 0.025510835913312692 0.024396284829721362 0.024520123839009287 0.02674922600619195 0.023157894736842106 0.02563467492260062 0.02761609907120743 0.0265015479876161 0.025386996904024767 0.023653250773993807 0.023777089783281732 0.024643962848297212 0.020928792569659443 0.022538699690402477 0.02588235294117647 0.026253869969040246 0.025758513931888546 0.02476780185758514 0.02476780185758514 0.027739938080495356 0.026625386996904025 0.02563467492260062 0.02476780185758514 0.027739938080495356 0.02328173374613003 0.020557275541795667 0.026873065015479876 0.023653250773993807 0.024024767801857586 0.024891640866873066 0.02736842105263158 0.026253869969040246 0.022910216718266253 0.025139318885448916 0.025510835913312692 0.025139318885448916 0.023653250773993807 0.023777089783281732 0.027739938080495356 0.026625386996904025 0.026253869969040246 0.02476780185758514 0.027492260061919505 0.024272445820433437 0.022414860681114552 0.023405572755417957 0.021547987616099072 0.026873065015479876 0.023405572755417957 0.027739938080495356 0.025386996904024767 0.02823529411764706 0.027120743034055726 0.027492260061919505 0.02588235294117647 0.024891640866873066 0.028359133126934985 0.02390092879256966 0.022662538699690402 0.02761609907120743 0.02613003095975232 0.02501547987616099 0.021919504643962848 0.026006191950464396 0.023157894736842106 0.02588235294117647 0.027739938080495356 0.02476780185758514 0.02414860681114551 0.029721362229102165 0.02637770897832817 0.025386996904024767 0.026625386996904025 0.027244582043343655 0.024643962848297212 0.02786377708978328 0.023653250773993807 0.02761609907120743 0.026625386996904025 0.025758513931888546 0.024024767801857586 0.025386996904024767 0.025386996904024767 0.026873065015479876 0.02736842105263158 0.030340557275541795 0.026006191950464396 0.026006191950464396 0.022786377708978327 0.023777089783281732 0.025386996904024767 0.024396284829721362 0.02563467492260062 0.025758513931888546 0.025510835913312692 0.026006191950464396 0.02501547987616099 0.0265015479876161 0.025758513931888546 0.024520123839009287 0.0265015479876161 0.024024767801857586 0.0269969040247678 0.02873065015479876 0.020309597523219813 0.025758513931888546 0.027739938080495356 0.02588235294117647 0.02414860681114551 0.028854489164086686 0.02563467492260062 0.02736842105263158 0.026873065015479876 0.026873065015479876 0.02637770897832817 0.02414860681114551 0.026625386996904025 0.02390092879256966 0.026625386996904025 0.02501547987616099 0.026253869969040246 0.025139318885448916 0.024891640866873066 0.02414860681114551 0.027987616099071206 0.02328173374613003 0.025139318885448916 0.02328173374613003 0.023405572755417957 0.027492260061919505 0.02674922600619195 0.023529411764705882 0.024520123839009287 0.024520123839009287 0.02414860681114551 0.02526315789473684 0.022167182662538698 0.024396284829721362 0.02873065015479876 0.027987616099071206 0.02588235294117647 0.026006191950464396 0.027739938080495356 0.028606811145510835 0.026253869969040246 0.0265015479876161 0.02848297213622291 0.02786377708978328 0.023777089783281732 0.02637770897832817 0.025758513931888546 0.02959752321981424 0.024643962848297212 0.026625386996904025 0.02873065015479876 0.025386996904024767 0.026006191950464396 0.024520123839009287 0.027987616099071206 0.028978328173374614 0.023777089783281732 0.0265015479876161 0.02848297213622291 0.02613003095975232 0.02637770897832817 0.02501547987616099 0.020185758513931888 0.027244582043343655 0.0269969040247678 0.0269969040247678 0.025758513931888546 0.0269969040247678 0.025758513931888546 0.02526315789473684 0.029721362229102165 0.027492260061919505 0.02736842105263158 0.026253869969040246 0.02476780185758514 0.0265015479876161 0.025386996904024767 0.024643962848297212 0.027987616099071206 0.022291021671826627 0.02786377708978328 0.024643962848297212 0.02736842105263158 0.023777089783281732 0.023405572755417957 0.024520123839009287 0.024396284829721362 0.02414860681114551 0.02674922600619195 0.028359133126934985 0.026625386996904025 0.023405572755417957 0.02414860681114551 0.024396284829721362 0.027492260061919505 0.026873065015479876 0.025139318885448916 0.02501547987616099 0.02563467492260062 0.02501547987616099 0.024520123839009287 0.022910216718266253 0.024891640866873066 0.025510835913312692 0.026006191950464396 0.02414860681114551 0.02588235294117647 0.028111455108359135 0.028111455108359135 0.025139318885448916 0.0269969040247678 0.02390092879256966 0.02414860681114551 0.026625386996904025 0.022662538699690402 0.02848297213622291 0.02501547987616099 0.022167182662538698 0.027987616099071206 0.02736842105263158 0.023777089783281732 0.028111455108359135 0.02786377708978328 0.024520123839009287 0.024024767801857586 0.024024767801857586 0.02613003095975232 0.027120743034055726 0.02328173374613003 0.02328173374613003 0.026006191950464396 0.02588235294117647 0.020928792569659443 0.0265015479876161 0.023777089783281732 0.02526315789473684 0.025139318885448916 0.023405572755417957 0.02761609907120743 0.0269969040247678 0.02959752321981424 0.02613003095975232 0.025758513931888546 0.027120743034055726 0.023653250773993807 0.027244582043343655 0.025510835913312692 0.024024767801857586 0.023405572755417957 0.02674922600619195 0.022662538699690402 0.025386996904024767 0.02848297213622291 0.022167182662538698 0.025510835913312692 0.025139318885448916 0.02303405572755418 0.026253869969040246 0.02414860681114551 0.024520123839009287 0.02414860681114551 0.02501547987616099 0.026625386996904025 0.027120743034055726 0.026625386996904025 0.021671826625386997 0.025386996904024767 0.024024767801857586 0.02563467492260062 0.02848297213622291 0.02823529411764706 0.02848297213622291 0.024396284829721362 0.024891640866873066 0.02761609907120743 0.026253869969040246 0.027987616099071206 0.02786377708978328 0.025510835913312692 0.023653250773993807 0.027739938080495356 0.02328173374613003 0.029721362229102165 0.0269969040247678 0.023653250773993807 0.024396284829721362 0.024396284829721362 0.022414860681114552 0.02328173374613003 0.023529411764705882 0.026006191950464396 0.023529411764705882 0.024891640866873066 0.023157894736842106 0.024024767801857586 0.027120743034055726 0.026253869969040246 0.027739938080495356 0.02526315789473684 0.0265015479876161 0.024272445820433437 0.024643962848297212 0.030092879256965945 0.023777089783281732 0.02390092879256966 0.02414860681114551 0.027120743034055726 0.02328173374613003 0.024891640866873066 0.021176470588235293 0.025386996904024767 0.026625386996904025 0.02613003095975232 0.026625386996904025 0.02414860681114551 0.021795665634674923 0.025758513931888546 0.024643962848297212 0.027987616099071206 0.025510835913312692 0.02637770897832817 0.02637770897832817 0.022910216718266253 0.02501547987616099 0.02390092879256966 0.026625386996904025 0.028854489164086686 0.024891640866873066 0.02637770897832817 0.02303405572755418 0.024891640866873066 0.028111455108359135
