# Dark Counts
1.988155668358713990e-02
2.791878172588832530e-02
2.834179357021996554e-02
2.495769881556683667e-02
1.776649746192893523e-02
2.157360406091370433e-02
1.269035532994923846e-02
1.607445008460236732e-02
1.692047377326565127e-02
1.818950930626057547e-02
1.945854483925549966e-02
1.903553299492385942e-02
2.368866328257191248e-02
2.072758037225042385e-02
2.072758037225042385e-02
2.157360406091370433e-02
1.861252115059221571e-02
1.734348561759729151e-02
1.903553299492385942e-02
2.115059221658206409e-02
1.776649746192893523e-02
2.115059221658206409e-02
2.115059221658206409e-02
2.199661590524534804e-02
1.903553299492385942e-02
1.734348561759729151e-02
1.692047377326565127e-02
1.945854483925549966e-02
2.326565143824027224e-02
1.734348561759729151e-02
1.945854483925549966e-02
1.649746192893401103e-02
2.030456852791878014e-02
2.495769881556683667e-02
2.368866328257191248e-02
2.241962774957698828e-02
2.241962774957698828e-02
1.945854483925549966e-02
2.030456852791878014e-02
2.115059221658206409e-02
1.903553299492385942e-02
1.903553299492385942e-02
2.284263959390862853e-02
1.607445008460236732e-02
2.664974619289340110e-02
2.918781725888324949e-02
1.818950930626057547e-02
1.988155668358713990e-02
1.480541455160744486e-02
1.903553299492385942e-02
1.861252115059221571e-02
1.734348561759729151e-02
2.115059221658206409e-02
2.326565143824027224e-02
1.945854483925549966e-02
2.030456852791878014e-02
1.734348561759729151e-02
1.649746192893401103e-02
2.495769881556683667e-02
2.368866328257191248e-02
2.157360406091370433e-02
1.818950930626057547e-02
2.030456852791878014e-02
2.115059221658206409e-02
1.818950930626057547e-02
2.664974619289340110e-02
2.072758037225042385e-02
1.438240270727580289e-02
1.776649746192893523e-02
1.649746192893401103e-02
1.776649746192893523e-02
2.326565143824027224e-02
1.607445008460236732e-02
1.988155668358713990e-02
1.692047377326565127e-02
1.861252115059221571e-02
1.988155668358713990e-02
2.199661590524534804e-02
2.030456852791878014e-02
2.030456852791878014e-02
2.284263959390862853e-02
2.199661590524534804e-02
2.030456852791878014e-02
2.072758037225042385e-02
1.818950930626057547e-02
1.607445008460236732e-02
2.368866328257191248e-02
2.072758037225042385e-02
1.903553299492385942e-02
2.326565143824027224e-02
1.607445008460236732e-02
1.861252115059221571e-02
2.072758037225042385e-02
2.030456852791878014e-02
2.495769881556683667e-02
1.861252115059221571e-02
2.495769881556683667e-02
2.326565143824027224e-02
2.115059221658206409e-02
2.284263959390862853e-02
1.776649746192893523e-02
2.199661590524534804e-02
2.030456852791878014e-02
2.030456852791878014e-02
1.861252115059221571e-02
2.157360406091370433e-02
2.072758037225042385e-02
2.284263959390862853e-02
2.326565143824027224e-02
1.903553299492385942e-02
1.607445008460236732e-02
2.030456852791878014e-02
1.649746192893401103e-02
2.580372250423011715e-02
2.115059221658206409e-02
2.622673434856176086e-02
2.284263959390862853e-02
1.945854483925549966e-02
1.692047377326565127e-02
1.818950930626057547e-02
2.284263959390862853e-02
2.030456852791878014e-02
2.157360406091370433e-02
2.072758037225042385e-02
1.988155668358713990e-02
1.480541455160744486e-02
2.157360406091370433e-02
1.607445008460236732e-02
1.861252115059221571e-02
1.776649746192893523e-02
1.861252115059221571e-02
1.903553299492385942e-02
1.818950930626057547e-02
1.903553299492385942e-02
1.607445008460236732e-02
2.115059221658206409e-02
1.903553299492385942e-02
1.861252115059221571e-02
2.030456852791878014e-02
2.495769881556683667e-02
1.480541455160744486e-02
2.115059221658206409e-02
1.988155668358713990e-02
2.115059221658206409e-02
1.734348561759729151e-02
1.692047377326565127e-02
2.834179357021996554e-02
2.326565143824027224e-02
2.030456852791878014e-02
1.988155668358713990e-02
1.945854483925549966e-02
1.988155668358713990e-02
1.311336717428088043e-02
1.861252115059221571e-02
2.199661590524534804e-02
1.818950930626057547e-02
1.818950930626057547e-02
1.945854483925549966e-02
2.368866328257191248e-02
1.776649746192893523e-02
2.326565143824027224e-02
2.199661590524534804e-02
1.607445008460236732e-02
1.692047377326565127e-02
1.861252115059221571e-02
1.988155668358713990e-02
1.988155668358713990e-02
1.353637901861252067e-02
1.692047377326565127e-02
2.030456852791878014e-02
2.199661590524534804e-02
1.903553299492385942e-02
2.157360406091370433e-02
2.326565143824027224e-02
1.945854483925549966e-02
1.945854483925549966e-02
1.903553299492385942e-02
1.776649746192893523e-02
2.157360406091370433e-02
2.241962774957698828e-02
1.945854483925549966e-02
2.115059221658206409e-02
1.692047377326565127e-02
1.649746192893401103e-02
1.945854483925549966e-02
1.903553299492385942e-02
2.157360406091370433e-02
1.776649746192893523e-02
1.945854483925549966e-02
1.945854483925549966e-02
1.988155668358713990e-02
1.988155668358713990e-02
2.707275803722504134e-02
1.945854483925549966e-02
1.945854483925549966e-02
2.199661590524534804e-02
2.284263959390862853e-02
2.115059221658206409e-02
1.945854483925549966e-02
2.030456852791878014e-02
1.988155668358713990e-02
2.072758037225042385e-02
2.326565143824027224e-02
1.776649746192893523e-02
2.241962774957698828e-02
1.818950930626057547e-02
1.692047377326565127e-02
2.241962774957698828e-02
1.945854483925549966e-02
2.368866328257191248e-02
1.988155668358713990e-02
1.861252115059221571e-02
1.776649746192893523e-02
2.284263959390862853e-02
1.988155668358713990e-02
1.818950930626057547e-02
2.199661590524534804e-02
2.368866328257191248e-02
2.030456852791878014e-02
1.395939086294416265e-02
1.818950930626057547e-02
1.607445008460236732e-02
1.776649746192893523e-02
2.115059221658206409e-02
2.072758037225042385e-02
2.411167512690355272e-02
1.861252115059221571e-02
2.368866328257191248e-02
2.072758037225042385e-02
1.649746192893401103e-02
1.776649746192893523e-02
1.988155668358713990e-02
2.664974619289340110e-02
2.072758037225042385e-02
2.241962774957698828e-02
2.241962774957698828e-02
2.072758037225042385e-02
1.565143824027072708e-02
2.368866328257191248e-02
1.776649746192893523e-02
1.818950930626057547e-02
1.945854483925549966e-02
2.284263959390862853e-02
2.199661590524534804e-02
1.607445008460236732e-02
2.157360406091370433e-02
2.157360406091370433e-02
2.030456852791878014e-02
2.707275803722504134e-02
2.495769881556683667e-02
2.072758037225042385e-02
1.607445008460236732e-02
2.453468697123519296e-02
1.861252115059221571e-02
1.903553299492385942e-02
1.480541455160744486e-02
1.903553299492385942e-02
2.199661590524534804e-02
2.368866328257191248e-02
2.115059221658206409e-02
1.945854483925549966e-02
2.072758037225042385e-02
3.087986463620981392e-02
2.368866328257191248e-02
1.818950930626057547e-02
1.861252115059221571e-02
2.115059221658206409e-02
1.988155668358713990e-02
1.480541455160744486e-02
1.480541455160744486e-02
2.580372250423011715e-02
1.903553299492385942e-02
1.649746192893401103e-02
2.284263959390862853e-02
2.241962774957698828e-02
1.649746192893401103e-02
1.522842639593908684e-02
1.649746192893401103e-02
2.241962774957698828e-02
1.903553299492385942e-02
2.241962774957698828e-02
1.565143824027072708e-02
2.030456852791878014e-02
2.241962774957698828e-02
1.480541455160744486e-02
1.438240270727580289e-02
1.818950930626057547e-02
1.565143824027072708e-02
1.903553299492385942e-02
1.988155668358713990e-02
2.072758037225042385e-02
1.734348561759729151e-02
2.030456852791878014e-02
2.199661590524534804e-02
1.903553299492385942e-02
1.861252115059221571e-02
2.115059221658206409e-02
1.734348561759729151e-02
1.903553299492385942e-02
1.734348561759729151e-02
2.326565143824027224e-02
2.115059221658206409e-02
1.649746192893401103e-02
1.818950930626057547e-02
2.030456852791878014e-02
1.861252115059221571e-02
1.395939086294416265e-02
1.692047377326565127e-02
2.326565143824027224e-02
1.522842639593908684e-02
2.115059221658206409e-02
2.115059221658206409e-02
1.395939086294416265e-02
1.945854483925549966e-02
1.692047377326565127e-02
1.480541455160744486e-02
1.522842639593908684e-02
1.818950930626057547e-02
2.411167512690355272e-02
2.326565143824027224e-02
2.326565143824027224e-02
2.157360406091370433e-02
1.692047377326565127e-02
2.199661590524534804e-02
2.072758037225042385e-02
2.749576988155668505e-02
1.818950930626057547e-02
1.565143824027072708e-02
1.988155668358713990e-02
1.861252115059221571e-02
1.945854483925549966e-02
1.692047377326565127e-02
1.945854483925549966e-02
2.157360406091370433e-02
2.368866328257191248e-02
1.945854483925549966e-02
1.988155668358713990e-02
1.649746192893401103e-02
1.861252115059221571e-02
1.649746192893401103e-02
2.368866328257191248e-02
1.776649746192893523e-02
1.734348561759729151e-02
1.522842639593908684e-02
1.988155668358713990e-02
1.565143824027072708e-02
1.776649746192893523e-02
2.411167512690355272e-02
1.861252115059221571e-02
2.241962774957698828e-02
2.030456852791878014e-02
1.565143824027072708e-02
2.199661590524534804e-02
2.411167512690355272e-02
1.945854483925549966e-02
2.157360406091370433e-02
1.692047377326565127e-02
1.776649746192893523e-02
2.115059221658206409e-02
1.903553299492385942e-02
1.438240270727580289e-02
1.522842639593908684e-02
2.834179357021996554e-02
2.326565143824027224e-02
2.157360406091370433e-02
2.791878172588832530e-02
2.284263959390862853e-02
2.157360406091370433e-02
1.903553299492385942e-02
1.945854483925549966e-02
2.241962774957698828e-02
1.903553299492385942e-02
1.692047377326565127e-02
2.157360406091370433e-02
2.157360406091370433e-02
1.649746192893401103e-02
1.945854483925549966e-02
1.311336717428088043e-02
2.115059221658206409e-02
2.157360406091370433e-02
2.115059221658206409e-02
1.776649746192893523e-02
2.115059221658206409e-02
2.411167512690355272e-02
1.607445008460236732e-02
1.818950930626057547e-02
2.368866328257191248e-02
1.861252115059221571e-02
1.818950930626057547e-02
1.861252115059221571e-02
1.734348561759729151e-02
2.326565143824027224e-02
2.030456852791878014e-02
2.072758037225042385e-02
2.115059221658206409e-02
1.945854483925549966e-02
