# Parameters:
n_avg = 1000000
meas_len_1 = 500
wait_for_initialization = 1500
wait_after_measure = 1000
NV_IF_freq = 70000000

# t_vec (Pulse Durations in clock cycles):
4 5 6 7 8 9 10 11 12 13 14 15 16 17 18 19 20 21 22 23 24 25 26 27 28 29 30 31 32 33 34 35 36 37 38 39 40 41 42 43 44 45 46 47 48 49 50 51 52 53 54 55 56 57 58 59 60 61 62 63 64 65 66 67 68 69 70 71 72 73 74 75 76 77 78 79 80 81 82 83 84 85 86 87 88 89 90 91 92 93 94 95 96 97 98 99 100 101 102 103 104 105 106 107 108 109 110 111 112 113 114 115 116 117 118 119 120 121 122 123 124 125 126 127 128 129 130 131 132 133 134 135 136 137 138 139 140 141 142 143 144 145 146 147 148 149 150 151 152 153 154 155 156 157 158 159 160 161 162 163 164 165 166 167 168 169 170 171 172 173 174 175 176 177 178 179 180 181 182 183 184 185 186 187 188 189 190 191 192 193 194 195 196 197 198 199 200 201 202 203 204 205 206 207 208 209 210 211 212 213 214 215 216 217 218 219 220 221 222 223 224 225 226 227 228 229 230 231 232 233 234 235 236 237 238 239 240 241 242 243 244 245 246 247 248 249 250 251 252 253 254 255 256 257 258 259 260 261 262 263 264 265 266 267 268 269 270 271 272 273 274 275 276 277 278 279 280 281 282 283 284 285 286 287 288 289 290 291 292 293 294 295 296 297 298 299 300 301 302 303 304 305 306 307 308 309 310 311 312 313 314 315 316 317 318 319 320 321 322 323 324 325 326 327 328 329 330 331 332 333 334 335 336 337 338 339 340 341 342 343 344 345 346 347 348 349 350 351 352 353 354 355 356 357 358 359 360 361 362 363 364 365 366 367 368 369 370 371 372 373 374 375 376 377 378 379 380 381 382 383 384 385 386 387 388 389 390 391 392 393 394 395 396 397 398 399

# Counts Data:
0.030897195381894713 0.031562880331363175 0.03274632024152933 0.03128046853461898 0.031697362139336605 0.03076271357392129 0.03031892360760898 0.029834789098904645 0.02976082410451926 0.029828065008505975 0.027952043787276677 0.028664797369535835 0.027656183809735137 0.027636011538539125 0.02664084615953577 0.026472743899568985 0.02527585580860549 0.02613653937963542 0.026378606633987587 0.024986719921462622 0.024778273119103814 0.024717756305515773 0.02449586132235962 0.02416638089282472 0.02363517775132969 0.023500695943356263 0.024522757683954302 0.023621729570532345 0.024536205864751647 0.02252570283554892 0.023077078248239968 0.022915700078671858 0.023473799581761576 0.02278121827069843 0.02385034864408717 0.022915700078671858 0.022182774225216684 0.022861907355482488 0.023931037728871226 0.02329897323139612 0.02338638640657885 0.0238436245536885 0.023715866836113746 0.02415293271202738 0.024226897706412766 0.023904141367276543 0.02369569456491773 0.024428620418372904 0.023917589548073884 0.024798445390299826 0.024650515401529058 0.024690859943921086 0.025538095334153674 0.02579361076930318 0.024744652667110456 0.0256725771421271 0.02530947626059885 0.02584740349249255 0.026076022566047376 0.0255784398765457 0.026627397978738428 0.02587429985408724 0.02639205481478493 0.026479467989967656 0.026351710272392904 0.026822396600299895 0.02619705619322346 0.02706446385465206 0.027393944284186955 0.026929982046678635 0.02721239384342283 0.027595666996147097 0.025995333481263323 0.026782052057907867 0.02711153248744276 0.02680222432910388 0.02665429434033311 0.026674466611529127 0.027393944284186955 0.0263046416396022 0.02709808430664542 0.027636011538539125 0.02699722295066535 0.026553432984353042 0.026620673888339753 0.02680222432910388 0.027225842024220175 0.026829120690698566 0.027454461097775 0.02706446385465206 0.027548598363356398 0.02746118518817367 0.027299807018605557 0.027225842024220175 0.026869465233090594 0.027367047922592272 0.027373772012990943 0.027582218815349755 0.02803273287206073 0.02670136297312381 0.027077912035449403 0.028059629233655417 0.02700394704106402 0.027326703380200244 0.02781083788890458 0.027427564736180313 0.027898251064087307 0.026896361594685277 0.027306531109004228 0.026418951176379615 0.027024119312260033 0.02746118518817367 0.027757045165715206 0.027373772012990943 0.027232566114618845 0.026573605255549054 0.027730148804120523 0.02670136297312381 0.026882913413887936 0.026560157074751713 0.02578016258850584 0.026472743899568985 0.026264297097210176 0.02674843160591451 0.02654670889395437 0.026472743899568985 0.026203780283622132 0.025907920306080596 0.0265399848035557 0.02628446936840619 0.02577343849810717 0.02500689219265864 0.02527585580860549 0.025901196215681925 0.026049126204452693 0.025148098091030736 0.025618784418937727 0.02584740349249255 0.02542378579737626 0.025605336238140385 0.025336372622193532 0.02588102394448591 0.026002057571661994 0.02490603083667857 0.025235511266213463 0.026008781662060665 0.02589447212528325 0.02526240762780815 0.025201890814220106 0.025605336238140385 0.02593481666767528 0.025517923062957658 0.025813783040499198 0.025591888057343044 0.025390165345382902 0.024946375379070598 0.025531371243755 0.025854127582891226 0.02608274665644605 0.02578688667890451 0.026203780283622132 0.025739818046113812 0.026620673888339753 0.025618784418937727 0.026271021187608847 0.02674170751551584 0.026970326589070663 0.026506364351562343 0.026822396600299895 0.026681190701927798 0.026721535244319826 0.02695687840827332 0.026882913413887936 0.026123091198838076 0.02624412482601416 0.027420840645781642 0.027077912035449403 0.027272910657010874 0.027898251064087307 0.02665429434033311 0.028624452827143806 0.027246014295416187 0.027420840645781642 0.02634498618199423 0.027219117933821504 0.026331538001196888 0.026856017052293252 0.02761583926734311 0.02694343022747598 0.02674170751551584 0.02715187702983479 0.025645680780532414 0.026102918927642063 0.026203780283622132 0.026472743899568985 0.02588774803488458 0.026069298475648706 0.02664084615953577 0.026351710272392904 0.026519812532359684 0.02538344125498423 0.025800334859701853 0.026022229842858006 0.025296028079801504 0.025665853051728426 0.024388275875980876 0.025739818046113812 0.025188442633422764 0.025692749413323113 0.02593481666767528 0.025080857187044024 0.025450682158970946 0.025396889435781576 0.024932927198273253 0.025618784418937727 0.025712921684519125 0.025961713029269966 0.025854127582891226 0.025948264848472624 0.026486192080366327 0.026042402114054022 0.02623067664521682 0.02629119345880486 0.026418951176379615 0.0257667144077085 0.026096194837243392 0.02669463888272514 0.025686025322924442 0.026398778905183603 0.02665429434033311 0.02660050161714374 0.02756204654415374 0.02612981528923675 0.026109643018040734 0.026378606633987587 0.027091360216246748 0.027723424713721852 0.027239290205017516 0.026459295718771644 0.026869465233090594 0.027037567493057378 0.026856017052293252 0.026620673888339753 0.02787807879289129 0.02674170751551584 0.027703252442525837 0.027145152939436118 0.02716532521063213 0.026271021187608847 0.027662907900133808 0.026358434362791575 0.0265870534363464 0.026365158453190245 0.026398778905183603 0.02614326347003409 0.02619705619322346 0.02623067664521682 0.02594154075807395 0.026049126204452693 0.026028953933256677 0.02612981528923675 0.02587429985408724 0.02614326347003409 0.026788776148306537 0.026217228464419477 0.02536999307418689 0.0265399848035557 0.026513088441961014 0.02670136297312381 0.02584067940209388 0.026170159831628778 0.026734983425117168 0.02668791479232647 0.02639205481478493 0.02614326347003409 0.02578688667890451 0.026405502995582274 0.02669463888272514 0.026358434362791575 0.026042402114054022 0.026418951176379615 0.026022229842858006 0.026170159831628778 0.02617688392202745 0.02660050161714374 0.02741411655538297 0.025813783040499198 0.026203780283622132 0.026385330724386258 0.026445847537974302 0.027797389708107235 0.027804113798505906 0.026627397978738428 0.026620673888339753 0.026102918927642063 0.026096194837243392 0.025645680780532414 0.027232566114618845 0.026970326589070663 0.02582723122129654 0.02593481666767528 0.026492916170765 0.0265399848035557 0.02674843160591451 0.027091360216246748 0.02578016258850584 0.026674466611529127 0.025497750791761645 0.0263046416396022 0.026681190701927798 0.025564991695748357 0.026331538001196888 0.026856017052293252 0.026835844781097237 0.02715860112023346 0.025201890814220106 0.026042402114054022 0.02491275492707724 0.026365158453190245 0.025665853051728426 0.02582050713089787 0.025921368486877937 0.02537671716458556 0.025134649910233394 0.02619033210282479 0.025712921684519125 0.025759990317309824 0.02589447212528325 0.02532292444139619 0.025571715786147028 0.025968437119668637 0.025410337616578918 0.025087581277442695 0.02490603083667857 0.02567930123252577 0.02567930123252577 0.02660050161714374 0.026513088441961014 0.0257196457749178 0.02577343849810717 0.026116367108439405 0.026432399357176957 0.026573605255549054 0.026318089820399546 0.0266341220691371 0.02582050713089787 0.02625084891641283 0.026459295718771644 0.026923257956279964 0.026613949797941083 0.026970326589070663 0.026452571628372973 0.02741411655538297 0.027232566114618845 0.02752842609216038 0.02674170751551584 0.026452571628372973 0.027232566114618845 0.026506364351562343 0.027293082928206886 0.026889637504286606 0.02741411655538297 0.026439123447575628 0.02666101843073178 0.027474633368971012 0.026842568871495907 0.02699049886026668 0.026896361594685277 0.026620673888339753 0.027333427470598914 0.02675515569631318 0.026674466611529127 0.0265399848035557 0.026042402114054022 0.026405502995582274 0.02624412482601416 0.026513088441961014 0.025914644396479267 0.02658032934594773 0.026674466611529127 0.02660050161714374 0.025988609390864652 0.026862741142691923 0.02613653937963542 0.02619033210282479 0.026425675266778286 0.026815672509901224 0.025921368486877937 0.026795500238705208 0.025954988938871295 0.027272910657010874 0.026929982046678635 0.026049126204452693 0.026513088441961014 0.026829120690698566 0.027225842024220175

# Dark Counts Data:
0.03137460580020038 0.03191925712249275 0.03156960442176185 0.03172425850093129 0.03220166891923695 0.03175115486252597 0.031778051224120654 0.030950988105084086 0.03163012123534989 0.03189908485129674 0.03187891258010073 0.031683913958539256 0.03117960717863891 0.030998056737874785 0.031791499404918 0.03224201346162898 0.0328001129647187 0.03254459752956919 0.03169063804893793 0.03231597845601436 0.031697362139336605 0.03121995172103094 0.0319797739360808 0.030661852217941217 0.032470632535183806 0.031757878952924645 0.03166374168734325 0.031818395766512686 0.032537873439170514 0.0314620189753831 0.0314620189753831 0.031865464399303385 0.03163012123534989 0.032282358004021 0.03177132713372199 0.03213442801525024 0.031502363517775134 0.030729093121927932 0.031320813077011005 0.03183184394731003 0.0318856366704994 0.03156960442176185 0.03191925712249275 0.03152253578897115 0.03172425850093129 0.03135443352900436 0.03183184394731003 0.032369771179203734 0.031925981212891426 0.03187891258010073 0.03220166891923695 0.03229580618481835 0.03286062977830674 0.03211425574405422 0.032033566659270166 0.031576328512160516 0.031367881709801704 0.03214787619604758 0.03187891258010073 0.031455294884984435 0.031791499404918 0.03093753992428674 0.03166374168734325 0.031072021732260167 0.030991332647476114 0.032020118478472824 0.03200667029767548 0.030856850839502688 0.03190580894169541 0.031408226252193736 0.03142839852338975 0.030735817212326603 0.031347709438605695 0.03154270806016716 0.031394778071396394 0.03164356941614723 0.031562880331363175 0.03176460304332331 0.032262185732824994 0.032645458885549254 0.03252442525837317 0.032127703924851564 0.031804947585715344 0.03166374168734325 0.03167718986814059 0.030991332647476114 0.03140150216179506 0.0315561562409645 0.031623397144951215 0.031105642184253525 0.03142167443299108 0.03152253578897115 0.030836678568306672 0.032430287992791774 0.03213442801525024 0.03228908209441968 0.03183184394731003 0.03204029074966884 0.030668576308339888 0.0320268425688715 0.031925981212891426 0.031394778071396394 0.0316032248737552 0.0319797739360808 0.031515811698572475 0.031576328512160516 0.03147546715618045 0.03148891533697779 0.03165701759694457 0.03181167167611401 0.03228908209441968 0.03123339990182828 0.032060463020864856 0.03144857079458576 0.031925981212891426 0.0316032248737552 0.03154270806016716 0.0320268425688715 0.03195287757448611 0.03144184670418709 0.03129391671541632 0.03158977669295786 0.03169063804893793 0.032107531653655555 0.032477356625582474 0.03204701484006751 0.031260296263422964 0.031455294884984435 0.03158977669295786 0.03210080756325688 0.031818395766512686 0.031300640805814996 0.03133426125780835 0.03123339990182828 0.031697362139336605 0.03238994345039975 0.03193942939368877 0.03194615348408744 0.03167718986814059 0.03154943215056583 0.032080635292060865 0.03222184119043296 0.03175115486252597 0.032141152105648906 0.03152253578897115 0.03193942939368877 0.031199779449834923 0.031912533032094084 0.031502363517775134 0.032033566659270166 0.03183184394731003 0.032094083472858206 0.032383219360001075 0.031199779449834923 0.03187891258010073 0.031730982591329955 0.030843402658705343 0.03117960717863891 0.03144184670418709 0.03185874030890471 0.032127703924851564 0.03122667581142961 0.031078745822658838 0.03137460580020038 0.031730982591329955 0.031650293506545905 0.031925981212891426 0.03255804571036653 0.03124012399222695 0.031852016218506043 0.031246848082625622 0.032094083472858206 0.03142167443299108 0.03194615348408744 0.031347709438605695 0.03252442525837317 0.031394778071396394 0.031562880331363175 0.03316321384624695 0.03165701759694457 0.031125814455449537 0.03169063804893793 0.032060463020864856 0.031562880331363175 0.031791499404918 0.03148219124657912 0.032443736173589116 0.031145986726645553 0.0308770231106987 0.031562880331363175 0.031455294884984435 0.03128046853461898 0.03152253578897115 0.031515811698572475 0.031119090365050867 0.03251097707757583 0.032060463020864856 0.03169063804893793 0.032228565280831636 0.03187891258010073 0.0315561562409645 0.03220166891923695 0.031791499404918 0.03177132713372199 0.0323294266368117 0.031455294884984435 0.0318385680377087 0.032080635292060865 0.031744430772127304 0.0320739112016622 0.03152253578897115 0.03175115486252597 0.03156960442176185 0.03132753716740968 0.03167718986814059 0.031623397144951215 0.03263873479515059 0.03164356941614723 0.032779940693522684 0.03211425574405422 0.03154270806016716 0.03173770668172863 0.032517701167974505 0.032168048467243596 0.03154943215056583 0.031710810320133946 0.03199322211687814 0.0309711603762801 0.03148219124657912 0.03224873755202765 0.0321209798344529 0.03130736489621366 0.032060463020864856 0.031468743065781776 0.03230925436561569 0.03137460580020038 0.03220839300963562 0.031744430772127304 0.03199322211687814 0.03167718986814059 0.03195960166488478 0.031367881709801704 0.03240339163119709 0.03200667029767548 0.03263201070475191 0.03194615348408744 0.03148891533697779 0.03275976842232667 0.03205373893046618 0.03130736489621366 0.03143512261378842 0.03121995172103094 0.031778051224120654 0.03152253578897115 0.03218149664804094 0.03191925712249275 0.032127703924851564 0.031609948964153874 0.031515811698572475 0.03217477255764226 0.031045125370665484 0.031367881709801704 0.031576328512160516 0.031670465777741914 0.03140150216179506 0.03163012123534989 0.031670465777741914 0.032033566659270166 0.03275976842232667 0.031078745822658838 0.031139262636246882 0.031650293506545905 0.03231597845601436 0.032477356625582474 0.031112366274652196 0.03222184119043296 0.032094083472858206 0.032228565280831636 0.030964436285881428 0.03093081583388807 0.03147546715618045 0.03170408622973527 0.031730982591329955 0.03191925712249275 0.03124012399222695 0.03163684532574856 0.03143512261378842 0.031361157619403036 0.03189908485129674 0.03187218848970205 0.032094083472858206 0.0319327053032901 0.030964436285881428 0.03177132713372199 0.031912533032094084 0.030587887223555835 0.032107531653655555 0.031757878952924645 0.03275976842232667 0.0314620189753831 0.03172425850093129 0.03165701759694457 0.03082323038750933 0.03147546715618045 0.03263201070475191 0.031455294884984435 0.03175115486252597 0.0318385680377087 0.031697362139336605 0.03156960442176185 0.032020118478472824 0.031125814455449537 0.03156960442176185 0.03214787619604758 0.03187891258010073 0.031804947585715344 0.03234959890800772 0.03239666754079842 0.030836678568306672 0.03224873755202765 0.03236304708880506 0.03087029902030003 0.03189236076089807 0.03222184119043296 0.032322702546413035 0.03176460304332331 0.03225546164242632 0.032275633913622336 0.03137460580020038 0.031502363517775134 0.03130736489621366 0.031730982591329955 0.031650293506545905 0.03170408622973527 0.031092194003456183 0.031670465777741914 0.032235289371230304 0.031757878952924645 0.03161667305455255 0.032282358004021 0.03175115486252597 0.03144184670418709 0.03126702035382164 0.03076943766431996 0.031791499404918 0.03267907933754261 0.031125814455449537 0.03310942112305758 0.03181167167611401 0.03248408071598115 0.03229580618481835 0.032887526139901424 0.030950988105084086 0.031912533032094084 0.030668576308339888 0.031260296263422964 0.031818395766512686 0.03103167718986814 0.03148891533697779 0.03217477255764226 0.0320739112016622 0.03235632299840639 0.03200667029767548 0.0320739112016622 0.030856850839502688 0.03173770668172863 0.031051849461064155 0.03187891258010073 0.0314149503425924 0.03169063804893793 0.031683913958539256 0.031058573551462826 0.032094083472858206 0.03231597845601436 0.03179822349531667 0.031246848082625622 0.031576328512160516 0.031125814455449537 0.03175115486252597 0.03190580894169541 0.030910643562692058 0.031925981212891426 0.03242356390239311 0.031683913958539256 0.03183184394731003 0.03184529212810737 0.03094426401468541 0.03191925712249275 0.03124012399222695 0.03240339163119709 0.032060463020864856 0.0314620189753831 0.03047357768677842 0.03226890982322366 0.03117960717863891 0.03137460580020038
