# Parameters:
n_avg = 1000000
meas_len_1 = 500
wait_for_initialization = 1500
wait_after_measure = 1000
NV_IF_freq = 50000000

# t_vec (Pulse Durations in clock cycles):
4 5 6 7 8 9 10 11 12 13 14 15 16 17 18 19 20 21 22 23 24 25 26 27 28 29 30 31 32 33 34 35 36 37 38 39 40 41 42 43 44 45 46 47 48 49 50 51 52 53 54 55 56 57 58 59 60 61 62 63 64 65 66 67 68 69 70 71 72 73 74 75 76 77 78 79 80 81 82 83 84 85 86 87 88 89 90 91 92 93 94 95 96 97 98 99 100 101 102 103 104 105 106 107 108 109 110 111 112 113 114 115 116 117 118 119 120 121 122 123 124 125 126 127 128 129 130 131 132 133 134 135 136 137 138 139 140 141 142 143 144 145 146 147 148 149 150 151 152 153 154 155 156 157 158 159 160 161 162 163 164 165 166 167 168 169 170 171 172 173 174 175 176 177 178 179 180 181 182 183 184 185 186 187 188 189 190 191 192 193 194 195 196 197 198 199 200 201 202 203 204 205 206 207 208 209 210 211 212 213 214 215 216 217 218 219 220 221 222 223 224 225 226 227 228 229 230 231 232 233 234 235 236 237 238 239 240 241 242 243 244 245 246 247 248 249 250 251 252 253 254 255 256 257 258 259 260 261 262 263 264 265 266 267 268 269 270 271 272 273 274 275 276 277 278 279 280 281 282 283 284 285 286 287 288 289 290 291 292 293 294 295 296 297 298 299 300 301 302 303 304 305 306 307 308 309 310 311 312 313 314 315 316 317 318 319 320 321 322 323 324 325 326 327 328 329 330 331 332 333 334 335 336 337 338 339 340 341 342 343 344 345 346 347 348 349 350 351 352 353 354 355 356 357 358 359 360 361 362 363 364 365 366 367 368 369 370 371 372 373 374 375 376 377 378 379 380 381 382 383 384 385 386 387 388 389 390 391 392 393 394 395 396 397 398 399

# Counts Data:
0.027294621354027295 0.026491838373026492 0.026491838373026492 0.024975470520024974 0.025867451610025866 0.025243064847025244 0.028275800553028276 0.024707876193024707 0.025243064847025244 0.025778253501025777 0.027383819463027384 0.02452947997502453 0.024172687539024174 0.027294621354027295 0.025956649719025955 0.0280974043350281 0.022923914013022923 0.02551065917402551 0.025064668629025063 0.025243064847025244 0.026402640264026403 0.022923914013022923 0.02551065917402551 0.02238872535902239 0.024975470520024974 0.021496744269021498 0.0255998572830256 0.025956649719025955 0.022834715904022834 0.024975470520024974 0.0231023102310231 0.023905093212023904 0.02444028186602444 0.02345910266702346 0.023994291321023993 0.02568905539202569 0.024797074302024796 0.025153866738025155 0.020783159397020783 0.022745517795022745 0.022834715904022834 0.023191508340023193 0.024261885648024263 0.019801980198019802 0.023013112122023012 0.023013112122023012 0.02131834805102132 0.023280706449023282 0.023815895103023815 0.02336990455802337 0.020604763179020606 0.022567121577022568 0.0222995272500223 0.022567121577022568 0.020693961288020694 0.026313442155026314 0.02131834805102132 0.026045847828026047 0.020783159397020783 0.022923914013022923 0.02212113103202212 0.023905093212023904 0.02354830077602355 0.02113995183302114 0.022834715904022834 0.023013112122023012 0.020604763179020606 0.02203193292302203 0.02221032914102221 0.022656319686022657 0.0231023102310231 0.02212113103202212 0.022656319686022657 0.0231023102310231 0.02247792346802248 0.022834715904022834 0.022745517795022745 0.021942734814021942 0.020337168852020335 0.023280706449023282 0.020693961288020694 0.02140754616002141 0.020783159397020783 0.02140754616002141 0.021675140487021675 0.02140754616002141 0.024083489430024082 0.022923914013022923 0.02221032914102221 0.024261885648024263 0.02113995183302114 0.024351083757024352 0.021675140487021675 0.0231023102310231 0.023815895103023815 0.021853536705021853 0.01882080099901882 0.021853536705021853 0.020783159397020783 0.02354830077602355 0.021585942378021587 0.024261885648024263 0.023905093212023904 0.021764338596021764 0.021853536705021853 0.018999197217019 0.023726696994023726 0.02212113103202212 0.02105075372402105 0.02247792346802248 0.020158772634020158 0.02140754616002141 0.02113995183302114 0.021496744269021498 0.025421461065025422 0.020337168852020335 0.023637498885023638 0.01989117830701989 0.0222995272500223 0.02140754616002141 0.02096155561502096 0.02131834805102132 0.021675140487021675 0.022745517795022745 0.02354830077602355 0.018731602890018732 0.02345910266702346 0.02238872535902239 0.02444028186602444 0.021942734814021942 0.022923914013022923 0.02336990455802337 0.022834715904022834 0.0231023102310231 0.0222995272500223 0.02212113103202212 0.022834715904022834 0.02131834805102132 0.023280706449023282 0.022567121577022568 0.02551065917402551 0.021675140487021675 0.023280706449023282 0.024351083757024352 0.022656319686022657 0.020426366961020428 0.025064668629025063 0.02096155561502096 0.025332262956025333 0.021853536705021853 0.02105075372402105 0.0231023102310231 0.019801980198019802 0.021675140487021675 0.023013112122023012 0.024172687539024174 0.023815895103023815 0.02212113103202212 0.021675140487021675 0.021675140487021675 0.021229149942021228 0.022745517795022745 0.021853536705021853 0.022567121577022568 0.021585942378021587 0.02113995183302114 0.02096155561502096 0.02105075372402105 0.02452947997502453 0.023191508340023193 0.022656319686022657 0.021942734814021942 0.024975470520024974 0.020693961288020694 0.02444028186602444 0.023905093212023904 0.0231023102310231 0.0222995272500223 0.02140754616002141 0.021942734814021942 0.0231023102310231 0.02345910266702346 0.02345910266702346 0.025153866738025155 0.022745517795022745 0.025243064847025244 0.022745517795022745 0.024172687539024174 0.023013112122023012 0.022923914013022923 0.02336990455802337 0.02105075372402105 0.024261885648024263 0.020783159397020783 0.021853536705021853 0.023191508340023193 0.02221032914102221 0.020783159397020783 0.02444028186602444 0.022656319686022657 0.025421461065025422 0.023815895103023815 0.02238872535902239 0.02345910266702346 0.022567121577022568 0.021675140487021675 0.024172687539024174 0.021942734814021942 0.02354830077602355 0.024797074302024796 0.022923914013022923 0.021764338596021764 0.023815895103023815 0.024083489430024082 0.022834715904022834 0.02354830077602355 0.021942734814021942 0.022745517795022745 0.023637498885023638 0.02568905539202569 0.025153866738025155 0.024172687539024174 0.022567121577022568 0.025332262956025333 0.024261885648024263 0.02551065917402551 0.02238872535902239 0.026848630809026847 0.0255998572830256 0.025956649719025955 0.022923914013022923 0.02444028186602444 0.022656319686022657 0.022745517795022745 0.026045847828026047 0.023280706449023282 0.024351083757024352 0.023815895103023815 0.022745517795022745 0.022923914013022923 0.02336990455802337 0.024975470520024974 0.02461867808402462 0.023191508340023193 0.022834715904022834 0.023280706449023282 0.026313442155026314 0.02702702702702703 0.0231023102310231 0.02444028186602444 0.022834715904022834 0.02131834805102132 0.023280706449023282 0.0231023102310231 0.02461867808402462 0.026402640264026403 0.021496744269021498 0.02203193292302203 0.025778253501025777 0.022567121577022568 0.023815895103023815 0.022656319686022657 0.02551065917402551 0.023994291321023993 0.022656319686022657 0.02345910266702346 0.023815895103023815 0.023280706449023282 0.022834715904022834 0.02238872535902239 0.021675140487021675 0.024261885648024263 0.02096155561502096 0.02345910266702346 0.02452947997502453 0.023905093212023904 0.023191508340023193 0.023637498885023638 0.023637498885023638 0.0222995272500223 0.023637498885023638 0.02336990455802337 0.023637498885023638 0.024886272411024885 0.023013112122023012 0.025243064847025244 0.0222995272500223 0.024886272411024885 0.02444028186602444 0.024797074302024796 0.026135045937026136 0.02212113103202212 0.02461867808402462 0.02354830077602355 0.020604763179020606 0.02336990455802337 0.022567121577022568 0.022567121577022568 0.025153866738025155 0.024351083757024352 0.02131834805102132 0.02096155561502096 0.024172687539024174 0.02247792346802248 0.024351083757024352 0.02203193292302203 0.021942734814021942 0.02212113103202212 0.02354830077602355 0.020604763179020606 0.02212113103202212 0.02354830077602355 0.023013112122023012 0.023994291321023993 0.02336990455802337 0.02131834805102132 0.023280706449023282 0.021675140487021675 0.0231023102310231 0.0222995272500223 0.02444028186602444 0.02212113103202212 0.022923914013022923 0.023013112122023012 0.023994291321023993 0.023905093212023904 0.021675140487021675 0.02354830077602355 0.024083489430024082 0.02336990455802337 0.02105075372402105 0.019712782089019713 0.021942734814021942 0.022656319686022657 0.022567121577022568 0.02105075372402105 0.02354830077602355 0.023191508340023193 0.02203193292302203 0.022834715904022834 0.021764338596021764 0.02247792346802248 0.024975470520024974 0.02345910266702346 0.023013112122023012 0.025064668629025063 0.022567121577022568 0.019801980198019802 0.023815895103023815 0.02336990455802337 0.02354830077602355 0.021675140487021675 0.02131834805102132 0.022834715904022834 0.024083489430024082 0.022745517795022745 0.023905093212023904 0.025778253501025777 0.021853536705021853 0.02212113103202212 0.023280706449023282 0.024083489430024082 0.02131834805102132 0.021585942378021587 0.02354830077602355 0.021853536705021853 0.021585942378021587 0.023637498885023638 0.023905093212023904 0.021853536705021853 0.022745517795022745 0.021585942378021587 0.023013112122023012 0.022923914013022923 0.02354830077602355 0.023994291321023993 0.023013112122023012 0.02452947997502453 0.01989117830701989 0.024797074302024796 0.02221032914102221 0.02444028186602444 0.02221032914102221 0.024351083757024352 0.02105075372402105 0.022923914013022923 0.0231023102310231 0.024261885648024263 0.023191508340023193 0.025064668629025063 0.023191508340023193 0.023815895103023815 0.022834715904022834 0.0222995272500223 0.023013112122023012 0.01998037641601998

# Dark Counts Data:
0.022834715904022834 0.026491838373026492 0.024083489430024082 0.026402640264026403 0.024261885648024263 0.02774061189902774 0.026313442155026314 0.021496744269021498 0.026848630809026847 0.025867451610025866 0.027294621354027295 0.02354830077602355 0.02774061189902774 0.023815895103023815 0.024172687539024174 0.025064668629025063 0.02658103648202658 0.023726696994023726 0.024351083757024352 0.025064668629025063 0.02658103648202658 0.026135045937026136 0.024351083757024352 0.02568905539202569 0.023994291321023993 0.025064668629025063 0.02667023459102667 0.025956649719025955 0.02863259298902863 0.026135045937026136 0.028186602444028187 0.02667023459102667 0.025867451610025866 0.025332262956025333 0.027116225136027117 0.025064668629025063 0.025243064847025244 0.025867451610025866 0.025153866738025155 0.025867451610025866 0.027562215681027562 0.028454196771028454 0.025778253501025777 0.023994291321023993 0.023815895103023815 0.024797074302024796 0.02354830077602355 0.02658103648202658 0.025421461065025422 0.024886272411024885 0.02551065917402551 0.025421461065025422 0.026045847828026047 0.0255998572830256 0.024172687539024174 0.02800820622602801 0.024975470520024974 0.025064668629025063 0.026313442155026314 0.0222995272500223 0.024083489430024082 0.027383819463027384 0.026491838373026492 0.027562215681027562 0.02461867808402462 0.026224244046026225 0.024886272411024885 0.028364998662028365 0.02568905539202569 0.023905093212023904 0.025867451610025866 0.027294621354027295 0.02782981000802783 0.029256979752029257 0.024261885648024263 0.02444028186602444 0.025153866738025155 0.02675943270002676 0.02702702702702703 0.0255998572830256 0.027383819463027384 0.02872179109802872 0.02702702702702703 0.02345910266702346 0.02461867808402462 0.026045847828026047 0.027116225136027117 0.027562215681027562 0.02568905539202569 0.023994291321023993 0.025956649719025955 0.02551065917402551 0.02675943270002676 0.026045847828026047 0.025956649719025955 0.025778253501025777 0.025243064847025244 0.027473017572027473 0.026491838373026492 0.022567121577022568 0.024975470520024974 0.024975470520024974 0.02452947997502453 0.026224244046026225 0.025956649719025955 0.02568905539202569 0.02568905539202569 0.02774061189902774 0.025064668629025063 0.024975470520024974 0.028900187316028902 0.02765141379002765 0.025243064847025244 0.024797074302024796 0.0255998572830256 0.025956649719025955 0.026402640264026403 0.02452947997502453 0.024797074302024796 0.025867451610025866 0.02702702702702703 0.025867451610025866 0.026848630809026847 0.02452947997502453 0.027294621354027295 0.02444028186602444 0.023726696994023726 0.024351083757024352 0.026224244046026225 0.03023815895103024 0.02658103648202658 0.026045847828026047 0.02452947997502453 0.02336990455802337 0.026135045937026136 0.025421461065025422 0.02452947997502453 0.02345910266702346 0.027116225136027117 0.027383819463027384 0.025153866738025155 0.02452947997502453 0.025243064847025244 0.0231023102310231 0.027562215681027562 0.027473017572027473 0.026491838373026492 0.024351083757024352 0.02667023459102667 0.02354830077602355 0.026135045937026136 0.02916778164302917 0.02667023459102667 0.024351083757024352 0.027383819463027384 0.024886272411024885 0.02675943270002676 0.02345910266702346 0.025956649719025955 0.026135045937026136 0.026135045937026136 0.025243064847025244 0.0280974043350281 0.02461867808402462 0.025064668629025063 0.025064668629025063 0.026224244046026225 0.024083489430024082 0.02345910266702346 0.0255998572830256 0.025421461065025422 0.026224244046026225 0.02765141379002765 0.025867451610025866 0.025064668629025063 0.02345910266702346 0.025867451610025866 0.028275800553028276 0.02667023459102667 0.025421461065025422 0.02863259298902863 0.027205423245027206 0.025064668629025063 0.02444028186602444 0.02800820622602801 0.024083489430024082 0.026937828918026936 0.025778253501025777 0.024797074302024796 0.026135045937026136 0.02461867808402462 0.026135045937026136 0.0255998572830256 0.026848630809026847 0.02667023459102667 0.02675943270002676 0.02774061189902774 0.023726696994023726 0.026313442155026314 0.027205423245027206 0.025778253501025777 0.026224244046026225 0.027473017572027473 0.026135045937026136 0.025064668629025063 0.026937828918026936 0.02568905539202569 0.024351083757024352 0.023280706449023282 0.026313442155026314 0.026313442155026314 0.026224244046026225 0.02702702702702703 0.027473017572027473 0.023013112122023012 0.02774061189902774 0.021675140487021675 0.02452947997502453 0.024797074302024796 0.02667023459102667 0.02658103648202658 0.028186602444028187 0.026045847828026047 0.025778253501025777 0.02444028186602444 0.023637498885023638 0.026402640264026403 0.024351083757024352 0.0255998572830256 0.026402640264026403 0.02658103648202658 0.026045847828026047 0.02791900811702792 0.024083489430024082 0.023815895103023815 0.026313442155026314 0.02675943270002676 0.028543394880028543 0.023280706449023282 0.025243064847025244 0.02872179109802872 0.025153866738025155 0.026313442155026314 0.024975470520024974 0.02800820622602801 0.026135045937026136 0.024707876193024707 0.02863259298902863 0.023815895103023815 0.02461867808402462 0.023815895103023815 0.024261885648024263 0.02791900811702792 0.02568905539202569 0.026045847828026047 0.02782981000802783 0.026402640264026403 0.027473017572027473 0.02551065917402551 0.024261885648024263 0.02765141379002765 0.023726696994023726 0.029435375970029435 0.025867451610025866 0.027116225136027117 0.027383819463027384 0.029881366515029883 0.022567121577022568 0.024975470520024974 0.026045847828026047 0.026045847828026047 0.02551065917402551 0.025332262956025333 0.02765141379002765 0.027473017572027473 0.02658103648202658 0.026491838373026492 0.024351083757024352 0.02800820622602801 0.02461867808402462 0.023994291321023993 0.026045847828026047 0.025421461065025422 0.027205423245027206 0.0231023102310231 0.02551065917402551 0.024886272411024885 0.027562215681027562 0.029346177861029346 0.027205423245027206 0.026491838373026492 0.02568905539202569 0.028186602444028187 0.026491838373026492 0.027205423245027206 0.02774061189902774 0.026402640264026403 0.022656319686022657 0.02800820622602801 0.026848630809026847 0.025867451610025866 0.026045847828026047 0.02461867808402462 0.02791900811702792 0.02800820622602801 0.027116225136027117 0.02345910266702346 0.025421461065025422 0.027205423245027206 0.025956649719025955 0.025153866738025155 0.02675943270002676 0.02782981000802783 0.023280706449023282 0.026402640264026403 0.023815895103023815 0.025778253501025777 0.026313442155026314 0.023905093212023904 0.026045847828026047 0.025778253501025777 0.024261885648024263 0.023994291321023993 0.02461867808402462 0.025332262956025333 0.02765141379002765 0.026135045937026136 0.02551065917402551 0.026224244046026225 0.024975470520024974 0.02551065917402551 0.02336990455802337 0.026045847828026047 0.025064668629025063 0.02863259298902863 0.02452947997502453 0.027116225136027117 0.026937828918026936 0.026402640264026403 0.02461867808402462 0.02702702702702703 0.023994291321023993 0.02461867808402462 0.023815895103023815 0.026848630809026847 0.025956649719025955 0.029881366515029883 0.024261885648024263 0.025332262956025333 0.023815895103023815 0.027473017572027473 0.02444028186602444 0.026491838373026492 0.026224244046026225 0.024975470520024974 0.026491838373026492 0.025421461065025422 0.02774061189902774 0.026848630809026847 0.024797074302024796 0.024886272411024885 0.025421461065025422 0.02444028186602444 0.026135045937026136 0.02658103648202658 0.026937828918026936 0.02702702702702703 0.025421461065025422 0.02791900811702792 0.026313442155026314 0.0222995272500223 0.02774061189902774 0.02667023459102667 0.026937828918026936 0.02452947997502453 0.024707876193024707 0.026224244046026225 0.025778253501025777 0.02702702702702703 0.02791900811702792 0.023905093212023904 0.024083489430024082 0.024886272411024885 0.024261885648024263 0.025332262956025333 0.024351083757024352 0.02354830077602355 0.025332262956025333 0.022923914013022923 0.02658103648202658 0.025778253501025777 0.02800820622602801 0.024975470520024974 0.026135045937026136 0.025956649719025955 0.023637498885023638
