0.000000 0.000000 0.000000 0.000000 0.000000 0.000000
0.000000 0.000000 0.000000 0.000000 0.000000 0.000000
0.000000 0.000000 0.000000 0.000000 0.000000 0.000000
0.000000 0.000000 0.000000 0.000000 0.000000 0.000000
0.000000 0.000000 0.000000 0.000000 0.000000 0.000000
0.000000 0.000000 0.000000 0.000000 0.000000 0.000000
# Save Timestamp: 2024-11-19 16:41:21
17.000000 16.000000 14.000000 20.000000 16.000000 17.000000
25.000000 17.000000 20.000000 16.000000 13.000000 21.000000
18.000000 12.000000 20.000000 19.000000 14.000000 19.000000
14.000000 12.000000 20.000000 23.000000 14.000000 18.000000
20.000000 21.000000 18.000000 17.000000 23.000000 16.000000
14.000000 12.000000 23.000000 17.000000 14.000000 17.000000
# Save Timestamp: 2024-11-19 17:28:26
