#Date: 2024-11-29 15:07:17
#Total scanning time: 470.07702112197876
#Scan direction: X
#X range: 7.9998700000000005 - 21.999870000000012 um
#Y range: 8.00001 - 22.000010000000007 um
#X pixels: 15, pixelsize: 1e-06 um
#Y pixels: 15, pixelsize: 1e-06 um
#Integration time per pixel: 50.0 ms
#Columns: X [um], Y [um], counts, freq_center, fwhm, contrast, sensitivity
7.999870000000000481e+00	8.000009999999999621e+00	2.664000000000000057e+01	0.000000000000000000e+00	0.000000000000000000e+00	0.000000000000000000e+00	0.000000000000000000e+00
8.999870000000001369e+00	8.000009999999999621e+00	2.782000000000000028e+01	0.000000000000000000e+00	0.000000000000000000e+00	0.000000000000000000e+00	0.000000000000000000e+00
9.999870000000001369e+00	8.000009999999999621e+00	2.939999999999999858e+01	0.000000000000000000e+00	0.000000000000000000e+00	0.000000000000000000e+00	0.000000000000000000e+00
1.099987000000000315e+01	8.000009999999999621e+00	2.687999999999999901e+01	0.000000000000000000e+00	0.000000000000000000e+00	0.000000000000000000e+00	0.000000000000000000e+00
1.199987000000000315e+01	8.000009999999999621e+00	2.746000000000000085e+01	0.000000000000000000e+00	0.000000000000000000e+00	0.000000000000000000e+00	0.000000000000000000e+00
1.299987000000000315e+01	8.000009999999999621e+00	2.726000000000000156e+01	0.000000000000000000e+00	0.000000000000000000e+00	0.000000000000000000e+00	0.000000000000000000e+00
1.399987000000000492e+01	8.000009999999999621e+00	2.733999999999999986e+01	0.000000000000000000e+00	0.000000000000000000e+00	0.000000000000000000e+00	0.000000000000000000e+00
1.499987000000000492e+01	8.000009999999999621e+00	2.760000000000000142e+01	0.000000000000000000e+00	0.000000000000000000e+00	0.000000000000000000e+00	0.000000000000000000e+00
1.599987000000000670e+01	8.000009999999999621e+00	2.592000000000000171e+01	0.000000000000000000e+00	0.000000000000000000e+00	0.000000000000000000e+00	0.000000000000000000e+00
1.699987000000000492e+01	8.000009999999999621e+00	2.698000000000000043e+01	0.000000000000000000e+00	0.000000000000000000e+00	0.000000000000000000e+00	0.000000000000000000e+00
1.799987000000000847e+01	8.000009999999999621e+00	2.766000000000000014e+01	0.000000000000000000e+00	0.000000000000000000e+00	0.000000000000000000e+00	0.000000000000000000e+00
1.899987000000000492e+01	8.000009999999999621e+00	2.716000000000000014e+01	0.000000000000000000e+00	0.000000000000000000e+00	0.000000000000000000e+00	0.000000000000000000e+00
1.999987000000000847e+01	8.000009999999999621e+00	2.751999999999999957e+01	0.000000000000000000e+00	0.000000000000000000e+00	0.000000000000000000e+00	0.000000000000000000e+00
2.099987000000000492e+01	8.000009999999999621e+00	2.776000000000000156e+01	0.000000000000000000e+00	0.000000000000000000e+00	0.000000000000000000e+00	0.000000000000000000e+00
2.199987000000001203e+01	8.000009999999999621e+00	2.728000000000000114e+01	0.000000000000000000e+00	0.000000000000000000e+00	0.000000000000000000e+00	0.000000000000000000e+00
7.999870000000000481e+00	9.000010000000001398e+00	2.787999999999999901e+01	0.000000000000000000e+00	0.000000000000000000e+00	0.000000000000000000e+00	0.000000000000000000e+00
8.999870000000001369e+00	9.000010000000001398e+00	2.819999999999999929e+01	0.000000000000000000e+00	0.000000000000000000e+00	0.000000000000000000e+00	0.000000000000000000e+00
9.999870000000001369e+00	9.000010000000001398e+00	2.894000000000000128e+01	0.000000000000000000e+00	0.000000000000000000e+00	0.000000000000000000e+00	0.000000000000000000e+00
1.099987000000000315e+01	9.000010000000001398e+00	2.733999999999999986e+01	0.000000000000000000e+00	0.000000000000000000e+00	0.000000000000000000e+00	0.000000000000000000e+00
1.199987000000000315e+01	9.000010000000001398e+00	2.753999999999999915e+01	0.000000000000000000e+00	0.000000000000000000e+00	0.000000000000000000e+00	0.000000000000000000e+00
1.299987000000000315e+01	9.000010000000001398e+00	2.683999999999999986e+01	0.000000000000000000e+00	0.000000000000000000e+00	0.000000000000000000e+00	0.000000000000000000e+00
1.399987000000000492e+01	9.000010000000001398e+00	2.796000000000000085e+01	0.000000000000000000e+00	0.000000000000000000e+00	0.000000000000000000e+00	0.000000000000000000e+00
1.499987000000000492e+01	9.000010000000001398e+00	2.673999999999999844e+01	0.000000000000000000e+00	0.000000000000000000e+00	0.000000000000000000e+00	0.000000000000000000e+00
1.599987000000000670e+01	9.000010000000001398e+00	2.732000000000000028e+01	0.000000000000000000e+00	0.000000000000000000e+00	0.000000000000000000e+00	0.000000000000000000e+00
1.699987000000000492e+01	9.000010000000001398e+00	2.744000000000000128e+01	0.000000000000000000e+00	0.000000000000000000e+00	0.000000000000000000e+00	0.000000000000000000e+00
1.799987000000000847e+01	9.000010000000001398e+00	2.687999999999999901e+01	0.000000000000000000e+00	0.000000000000000000e+00	0.000000000000000000e+00	0.000000000000000000e+00
1.899987000000000492e+01	9.000010000000001398e+00	2.755999999999999872e+01	0.000000000000000000e+00	0.000000000000000000e+00	0.000000000000000000e+00	0.000000000000000000e+00
1.999987000000000847e+01	9.000010000000001398e+00	2.764000000000000057e+01	0.000000000000000000e+00	0.000000000000000000e+00	0.000000000000000000e+00	0.000000000000000000e+00
2.099987000000000492e+01	9.000010000000001398e+00	2.601999999999999957e+01	0.000000000000000000e+00	0.000000000000000000e+00	0.000000000000000000e+00	0.000000000000000000e+00
2.199987000000001203e+01	9.000010000000001398e+00	2.576000000000000156e+01	0.000000000000000000e+00	0.000000000000000000e+00	0.000000000000000000e+00	0.000000000000000000e+00
7.999870000000000481e+00	1.000001000000000140e+01	2.673999999999999844e+01	0.000000000000000000e+00	0.000000000000000000e+00	0.000000000000000000e+00	0.000000000000000000e+00
8.999870000000001369e+00	1.000001000000000140e+01	2.869999999999999929e+01	0.000000000000000000e+00	0.000000000000000000e+00	0.000000000000000000e+00	0.000000000000000000e+00
9.999870000000001369e+00	1.000001000000000140e+01	2.789999999999999858e+01	0.000000000000000000e+00	0.000000000000000000e+00	0.000000000000000000e+00	0.000000000000000000e+00
1.099987000000000315e+01	1.000001000000000140e+01	2.733999999999999986e+01	0.000000000000000000e+00	0.000000000000000000e+00	0.000000000000000000e+00	0.000000000000000000e+00
1.199987000000000315e+01	1.000001000000000140e+01	2.764000000000000057e+01	0.000000000000000000e+00	0.000000000000000000e+00	0.000000000000000000e+00	0.000000000000000000e+00
1.299987000000000315e+01	1.000001000000000140e+01	2.680000000000000071e+01	0.000000000000000000e+00	0.000000000000000000e+00	0.000000000000000000e+00	0.000000000000000000e+00
1.399987000000000492e+01	1.000001000000000140e+01	2.735999999999999943e+01	0.000000000000000000e+00	0.000000000000000000e+00	0.000000000000000000e+00	0.000000000000000000e+00
1.499987000000000492e+01	1.000001000000000140e+01	2.726000000000000156e+01	0.000000000000000000e+00	0.000000000000000000e+00	0.000000000000000000e+00	0.000000000000000000e+00
1.599987000000000670e+01	1.000001000000000140e+01	2.730000000000000071e+01	0.000000000000000000e+00	0.000000000000000000e+00	0.000000000000000000e+00	0.000000000000000000e+00
1.699987000000000492e+01	1.000001000000000140e+01	2.771999999999999886e+01	0.000000000000000000e+00	0.000000000000000000e+00	0.000000000000000000e+00	0.000000000000000000e+00
1.799987000000000847e+01	1.000001000000000140e+01	2.703999999999999915e+01	0.000000000000000000e+00	0.000000000000000000e+00	0.000000000000000000e+00	0.000000000000000000e+00
1.899987000000000492e+01	1.000001000000000140e+01	2.682000000000000028e+01	0.000000000000000000e+00	0.000000000000000000e+00	0.000000000000000000e+00	0.000000000000000000e+00
1.999987000000000847e+01	1.000001000000000140e+01	2.712000000000000099e+01	0.000000000000000000e+00	0.000000000000000000e+00	0.000000000000000000e+00	0.000000000000000000e+00
2.099987000000000492e+01	1.000001000000000140e+01	2.671999999999999886e+01	0.000000000000000000e+00	0.000000000000000000e+00	0.000000000000000000e+00	0.000000000000000000e+00
2.199987000000001203e+01	1.000001000000000140e+01	2.655999999999999872e+01	0.000000000000000000e+00	0.000000000000000000e+00	0.000000000000000000e+00	0.000000000000000000e+00
7.999870000000000481e+00	1.100001000000000140e+01	2.757999999999999829e+01	0.000000000000000000e+00	0.000000000000000000e+00	0.000000000000000000e+00	0.000000000000000000e+00
8.999870000000001369e+00	1.100001000000000140e+01	2.703999999999999915e+01	0.000000000000000000e+00	0.000000000000000000e+00	0.000000000000000000e+00	0.000000000000000000e+00
9.999870000000001369e+00	1.100001000000000140e+01	2.664000000000000057e+01	0.000000000000000000e+00	0.000000000000000000e+00	0.000000000000000000e+00	0.000000000000000000e+00
1.099987000000000315e+01	1.100001000000000140e+01	2.617999999999999972e+01	0.000000000000000000e+00	0.000000000000000000e+00	0.000000000000000000e+00	0.000000000000000000e+00
1.199987000000000315e+01	1.100001000000000140e+01	2.589999999999999858e+01	0.000000000000000000e+00	0.000000000000000000e+00	0.000000000000000000e+00	0.000000000000000000e+00
1.299987000000000315e+01	1.100001000000000140e+01	2.794000000000000128e+01	0.000000000000000000e+00	0.000000000000000000e+00	0.000000000000000000e+00	0.000000000000000000e+00
1.399987000000000492e+01	1.100001000000000140e+01	2.735999999999999943e+01	0.000000000000000000e+00	0.000000000000000000e+00	0.000000000000000000e+00	0.000000000000000000e+00
1.499987000000000492e+01	1.100001000000000140e+01	2.696000000000000085e+01	0.000000000000000000e+00	0.000000000000000000e+00	0.000000000000000000e+00	0.000000000000000000e+00
1.599987000000000670e+01	1.100001000000000140e+01	2.769999999999999929e+01	0.000000000000000000e+00	0.000000000000000000e+00	0.000000000000000000e+00	0.000000000000000000e+00
1.699987000000000492e+01	1.100001000000000140e+01	2.839999999999999858e+01	0.000000000000000000e+00	0.000000000000000000e+00	0.000000000000000000e+00	0.000000000000000000e+00
1.799987000000000847e+01	1.100001000000000140e+01	2.669999999999999929e+01	0.000000000000000000e+00	0.000000000000000000e+00	0.000000000000000000e+00	0.000000000000000000e+00
1.899987000000000492e+01	1.100001000000000140e+01	2.646000000000000085e+01	0.000000000000000000e+00	0.000000000000000000e+00	0.000000000000000000e+00	0.000000000000000000e+00
1.999987000000000847e+01	1.100001000000000140e+01	2.589999999999999858e+01	0.000000000000000000e+00	0.000000000000000000e+00	0.000000000000000000e+00	0.000000000000000000e+00
2.099987000000000492e+01	1.100001000000000140e+01	2.773999999999999844e+01	0.000000000000000000e+00	0.000000000000000000e+00	0.000000000000000000e+00	0.000000000000000000e+00
2.199987000000001203e+01	1.100001000000000140e+01	2.783999999999999986e+01	0.000000000000000000e+00	0.000000000000000000e+00	0.000000000000000000e+00	0.000000000000000000e+00
7.999870000000000481e+00	1.200001000000000317e+01	2.710000000000000142e+01	0.000000000000000000e+00	0.000000000000000000e+00	0.000000000000000000e+00	0.000000000000000000e+00
8.999870000000001369e+00	1.200001000000000317e+01	2.648000000000000043e+01	0.000000000000000000e+00	0.000000000000000000e+00	0.000000000000000000e+00	0.000000000000000000e+00
9.999870000000001369e+00	1.200001000000000317e+01	2.707999999999999829e+01	0.000000000000000000e+00	0.000000000000000000e+00	0.000000000000000000e+00	0.000000000000000000e+00
1.099987000000000315e+01	1.200001000000000317e+01	2.623999999999999844e+01	0.000000000000000000e+00	0.000000000000000000e+00	0.000000000000000000e+00	0.000000000000000000e+00
1.199987000000000315e+01	1.200001000000000317e+01	2.705999999999999872e+01	0.000000000000000000e+00	0.000000000000000000e+00	0.000000000000000000e+00	0.000000000000000000e+00
1.299987000000000315e+01	1.200001000000000317e+01	2.700000000000000000e+01	0.000000000000000000e+00	0.000000000000000000e+00	0.000000000000000000e+00	0.000000000000000000e+00
1.399987000000000492e+01	1.200001000000000317e+01	2.828000000000000114e+01	0.000000000000000000e+00	0.000000000000000000e+00	0.000000000000000000e+00	0.000000000000000000e+00
1.499987000000000492e+01	1.200001000000000317e+01	2.744000000000000128e+01	0.000000000000000000e+00	0.000000000000000000e+00	0.000000000000000000e+00	0.000000000000000000e+00
1.599987000000000670e+01	1.200001000000000317e+01	2.769999999999999929e+01	0.000000000000000000e+00	0.000000000000000000e+00	0.000000000000000000e+00	0.000000000000000000e+00
1.699987000000000492e+01	1.200001000000000317e+01	2.651999999999999957e+01	0.000000000000000000e+00	0.000000000000000000e+00	0.000000000000000000e+00	0.000000000000000000e+00
1.799987000000000847e+01	1.200001000000000317e+01	2.694000000000000128e+01	0.000000000000000000e+00	0.000000000000000000e+00	0.000000000000000000e+00	0.000000000000000000e+00
1.899987000000000492e+01	1.200001000000000317e+01	2.901999999999999957e+01	0.000000000000000000e+00	0.000000000000000000e+00	0.000000000000000000e+00	0.000000000000000000e+00
1.999987000000000847e+01	1.200001000000000317e+01	2.700000000000000000e+01	0.000000000000000000e+00	0.000000000000000000e+00	0.000000000000000000e+00	0.000000000000000000e+00
2.099987000000000492e+01	1.200001000000000317e+01	2.717999999999999972e+01	0.000000000000000000e+00	0.000000000000000000e+00	0.000000000000000000e+00	0.000000000000000000e+00
2.199987000000001203e+01	1.200001000000000317e+01	2.667999999999999972e+01	0.000000000000000000e+00	0.000000000000000000e+00	0.000000000000000000e+00	0.000000000000000000e+00
7.999870000000000481e+00	1.300001000000000317e+01	2.707999999999999829e+01	0.000000000000000000e+00	0.000000000000000000e+00	0.000000000000000000e+00	0.000000000000000000e+00
8.999870000000001369e+00	1.300001000000000317e+01	2.732000000000000028e+01	0.000000000000000000e+00	0.000000000000000000e+00	0.000000000000000000e+00	0.000000000000000000e+00
9.999870000000001369e+00	1.300001000000000317e+01	2.721999999999999886e+01	0.000000000000000000e+00	0.000000000000000000e+00	0.000000000000000000e+00	0.000000000000000000e+00
1.099987000000000315e+01	1.300001000000000317e+01	2.698000000000000043e+01	0.000000000000000000e+00	0.000000000000000000e+00	0.000000000000000000e+00	0.000000000000000000e+00
1.199987000000000315e+01	1.300001000000000317e+01	2.828000000000000114e+01	0.000000000000000000e+00	0.000000000000000000e+00	0.000000000000000000e+00	0.000000000000000000e+00
1.299987000000000315e+01	1.300001000000000317e+01	2.764000000000000057e+01	0.000000000000000000e+00	0.000000000000000000e+00	0.000000000000000000e+00	0.000000000000000000e+00
1.399987000000000492e+01	1.300001000000000317e+01	2.851999999999999957e+01	0.000000000000000000e+00	0.000000000000000000e+00	0.000000000000000000e+00	0.000000000000000000e+00
1.499987000000000492e+01	1.300001000000000317e+01	2.739999999999999858e+01	0.000000000000000000e+00	0.000000000000000000e+00	0.000000000000000000e+00	0.000000000000000000e+00
1.599987000000000670e+01	1.300001000000000317e+01	2.737999999999999901e+01	0.000000000000000000e+00	0.000000000000000000e+00	0.000000000000000000e+00	0.000000000000000000e+00
1.699987000000000492e+01	1.300001000000000317e+01	2.735999999999999943e+01	0.000000000000000000e+00	0.000000000000000000e+00	0.000000000000000000e+00	0.000000000000000000e+00
1.799987000000000847e+01	1.300001000000000317e+01	2.723999999999999844e+01	0.000000000000000000e+00	0.000000000000000000e+00	0.000000000000000000e+00	0.000000000000000000e+00
1.899987000000000492e+01	1.300001000000000317e+01	2.760000000000000142e+01	0.000000000000000000e+00	0.000000000000000000e+00	0.000000000000000000e+00	0.000000000000000000e+00
1.999987000000000847e+01	1.300001000000000317e+01	2.746000000000000085e+01	0.000000000000000000e+00	0.000000000000000000e+00	0.000000000000000000e+00	0.000000000000000000e+00
2.099987000000000492e+01	1.300001000000000317e+01	2.639999999999999858e+01	0.000000000000000000e+00	0.000000000000000000e+00	0.000000000000000000e+00	0.000000000000000000e+00
2.199987000000001203e+01	1.300001000000000317e+01	2.632000000000000028e+01	0.000000000000000000e+00	0.000000000000000000e+00	0.000000000000000000e+00	0.000000000000000000e+00
7.999870000000000481e+00	1.400001000000000317e+01	2.562000000000000099e+01	0.000000000000000000e+00	0.000000000000000000e+00	0.000000000000000000e+00	0.000000000000000000e+00
8.999870000000001369e+00	1.400001000000000317e+01	2.796000000000000085e+01	0.000000000000000000e+00	0.000000000000000000e+00	0.000000000000000000e+00	0.000000000000000000e+00
9.999870000000001369e+00	1.400001000000000317e+01	2.821999999999999886e+01	0.000000000000000000e+00	0.000000000000000000e+00	0.000000000000000000e+00	0.000000000000000000e+00
1.099987000000000315e+01	1.400001000000000317e+01	2.628000000000000114e+01	0.000000000000000000e+00	0.000000000000000000e+00	0.000000000000000000e+00	0.000000000000000000e+00
1.199987000000000315e+01	1.400001000000000317e+01	2.778000000000000114e+01	0.000000000000000000e+00	0.000000000000000000e+00	0.000000000000000000e+00	0.000000000000000000e+00
1.299987000000000315e+01	1.400001000000000317e+01	2.669999999999999929e+01	0.000000000000000000e+00	0.000000000000000000e+00	0.000000000000000000e+00	0.000000000000000000e+00
1.399987000000000492e+01	1.400001000000000317e+01	2.673999999999999844e+01	0.000000000000000000e+00	0.000000000000000000e+00	0.000000000000000000e+00	0.000000000000000000e+00
1.499987000000000492e+01	1.400001000000000317e+01	2.696000000000000085e+01	0.000000000000000000e+00	0.000000000000000000e+00	0.000000000000000000e+00	0.000000000000000000e+00
1.599987000000000670e+01	1.400001000000000317e+01	2.753999999999999915e+01	0.000000000000000000e+00	0.000000000000000000e+00	0.000000000000000000e+00	0.000000000000000000e+00
1.699987000000000492e+01	1.400001000000000317e+01	2.714000000000000057e+01	0.000000000000000000e+00	0.000000000000000000e+00	0.000000000000000000e+00	0.000000000000000000e+00
1.799987000000000847e+01	1.400001000000000317e+01	2.726000000000000156e+01	0.000000000000000000e+00	0.000000000000000000e+00	0.000000000000000000e+00	0.000000000000000000e+00
1.899987000000000492e+01	1.400001000000000317e+01	2.614000000000000057e+01	0.000000000000000000e+00	0.000000000000000000e+00	0.000000000000000000e+00	0.000000000000000000e+00
1.999987000000000847e+01	1.400001000000000317e+01	2.842000000000000171e+01	0.000000000000000000e+00	0.000000000000000000e+00	0.000000000000000000e+00	0.000000000000000000e+00
2.099987000000000492e+01	1.400001000000000317e+01	2.685999999999999943e+01	0.000000000000000000e+00	0.000000000000000000e+00	0.000000000000000000e+00	0.000000000000000000e+00
2.199987000000001203e+01	1.400001000000000317e+01	2.801999999999999957e+01	0.000000000000000000e+00	0.000000000000000000e+00	0.000000000000000000e+00	0.000000000000000000e+00
7.999870000000000481e+00	1.500001000000000495e+01	2.778000000000000114e+01	0.000000000000000000e+00	0.000000000000000000e+00	0.000000000000000000e+00	0.000000000000000000e+00
8.999870000000001369e+00	1.500001000000000495e+01	2.762000000000000099e+01	0.000000000000000000e+00	0.000000000000000000e+00	0.000000000000000000e+00	0.000000000000000000e+00
9.999870000000001369e+00	1.500001000000000495e+01	2.569999999999999929e+01	0.000000000000000000e+00	0.000000000000000000e+00	0.000000000000000000e+00	0.000000000000000000e+00
1.099987000000000315e+01	1.500001000000000495e+01	2.719999999999999929e+01	0.000000000000000000e+00	0.000000000000000000e+00	0.000000000000000000e+00	0.000000000000000000e+00
1.199987000000000315e+01	1.500001000000000495e+01	2.733999999999999986e+01	0.000000000000000000e+00	0.000000000000000000e+00	0.000000000000000000e+00	0.000000000000000000e+00
1.299987000000000315e+01	1.500001000000000495e+01	2.621999999999999886e+01	0.000000000000000000e+00	0.000000000000000000e+00	0.000000000000000000e+00	0.000000000000000000e+00
1.399987000000000492e+01	1.500001000000000495e+01	2.710000000000000142e+01	0.000000000000000000e+00	0.000000000000000000e+00	0.000000000000000000e+00	0.000000000000000000e+00
1.499987000000000492e+01	1.500001000000000495e+01	2.751999999999999957e+01	0.000000000000000000e+00	0.000000000000000000e+00	0.000000000000000000e+00	0.000000000000000000e+00
1.599987000000000670e+01	1.500001000000000495e+01	2.760000000000000142e+01	0.000000000000000000e+00	0.000000000000000000e+00	0.000000000000000000e+00	0.000000000000000000e+00
1.699987000000000492e+01	1.500001000000000495e+01	2.776000000000000156e+01	0.000000000000000000e+00	0.000000000000000000e+00	0.000000000000000000e+00	0.000000000000000000e+00
1.799987000000000847e+01	1.500001000000000495e+01	2.800000000000000000e+01	0.000000000000000000e+00	0.000000000000000000e+00	0.000000000000000000e+00	0.000000000000000000e+00
1.899987000000000492e+01	1.500001000000000495e+01	2.730000000000000071e+01	0.000000000000000000e+00	0.000000000000000000e+00	0.000000000000000000e+00	0.000000000000000000e+00
1.999987000000000847e+01	1.500001000000000495e+01	2.687999999999999901e+01	0.000000000000000000e+00	0.000000000000000000e+00	0.000000000000000000e+00	0.000000000000000000e+00
2.099987000000000492e+01	1.500001000000000495e+01	2.767999999999999972e+01	0.000000000000000000e+00	0.000000000000000000e+00	0.000000000000000000e+00	0.000000000000000000e+00
2.199987000000001203e+01	1.500001000000000495e+01	2.833999999999999986e+01	0.000000000000000000e+00	0.000000000000000000e+00	0.000000000000000000e+00	0.000000000000000000e+00
7.999870000000000481e+00	1.600001000000000317e+01	2.717999999999999972e+01	0.000000000000000000e+00	0.000000000000000000e+00	0.000000000000000000e+00	0.000000000000000000e+00
8.999870000000001369e+00	1.600001000000000317e+01	2.644000000000000128e+01	0.000000000000000000e+00	0.000000000000000000e+00	0.000000000000000000e+00	0.000000000000000000e+00
9.999870000000001369e+00	1.600001000000000317e+01	2.717999999999999972e+01	0.000000000000000000e+00	0.000000000000000000e+00	0.000000000000000000e+00	0.000000000000000000e+00
1.099987000000000315e+01	1.600001000000000317e+01	2.696000000000000085e+01	0.000000000000000000e+00	0.000000000000000000e+00	0.000000000000000000e+00	0.000000000000000000e+00
1.199987000000000315e+01	1.600001000000000317e+01	2.762000000000000099e+01	0.000000000000000000e+00	0.000000000000000000e+00	0.000000000000000000e+00	0.000000000000000000e+00
1.299987000000000315e+01	1.600001000000000317e+01	2.701999999999999957e+01	0.000000000000000000e+00	0.000000000000000000e+00	0.000000000000000000e+00	0.000000000000000000e+00
1.399987000000000492e+01	1.600001000000000317e+01	2.705999999999999872e+01	0.000000000000000000e+00	0.000000000000000000e+00	0.000000000000000000e+00	0.000000000000000000e+00
1.499987000000000492e+01	1.600001000000000317e+01	2.750000000000000000e+01	0.000000000000000000e+00	0.000000000000000000e+00	0.000000000000000000e+00	0.000000000000000000e+00
1.599987000000000670e+01	1.600001000000000317e+01	2.680000000000000071e+01	0.000000000000000000e+00	0.000000000000000000e+00	0.000000000000000000e+00	0.000000000000000000e+00
1.699987000000000492e+01	1.600001000000000317e+01	2.617999999999999972e+01	0.000000000000000000e+00	0.000000000000000000e+00	0.000000000000000000e+00	0.000000000000000000e+00
1.799987000000000847e+01	1.600001000000000317e+01	2.685999999999999943e+01	0.000000000000000000e+00	0.000000000000000000e+00	0.000000000000000000e+00	0.000000000000000000e+00
1.899987000000000492e+01	1.600001000000000317e+01	2.682000000000000028e+01	0.000000000000000000e+00	0.000000000000000000e+00	0.000000000000000000e+00	0.000000000000000000e+00
1.999987000000000847e+01	1.600001000000000317e+01	2.805999999999999872e+01	0.000000000000000000e+00	0.000000000000000000e+00	0.000000000000000000e+00	0.000000000000000000e+00
2.099987000000000492e+01	1.600001000000000317e+01	2.821999999999999886e+01	0.000000000000000000e+00	0.000000000000000000e+00	0.000000000000000000e+00	0.000000000000000000e+00
2.199987000000001203e+01	1.600001000000000317e+01	2.700000000000000000e+01	0.000000000000000000e+00	0.000000000000000000e+00	0.000000000000000000e+00	0.000000000000000000e+00
7.999870000000000481e+00	1.700001000000000673e+01	2.760000000000000142e+01	0.000000000000000000e+00	0.000000000000000000e+00	0.000000000000000000e+00	0.000000000000000000e+00
8.999870000000001369e+00	1.700001000000000673e+01	2.723999999999999844e+01	0.000000000000000000e+00	0.000000000000000000e+00	0.000000000000000000e+00	0.000000000000000000e+00
9.999870000000001369e+00	1.700001000000000673e+01	2.814000000000000057e+01	0.000000000000000000e+00	0.000000000000000000e+00	0.000000000000000000e+00	0.000000000000000000e+00
1.099987000000000315e+01	1.700001000000000673e+01	2.678000000000000114e+01	0.000000000000000000e+00	0.000000000000000000e+00	0.000000000000000000e+00	0.000000000000000000e+00
1.199987000000000315e+01	1.700001000000000673e+01	2.630000000000000071e+01	0.000000000000000000e+00	0.000000000000000000e+00	0.000000000000000000e+00	0.000000000000000000e+00
1.299987000000000315e+01	1.700001000000000673e+01	2.707999999999999829e+01	0.000000000000000000e+00	0.000000000000000000e+00	0.000000000000000000e+00	0.000000000000000000e+00
1.399987000000000492e+01	1.700001000000000673e+01	2.667999999999999972e+01	0.000000000000000000e+00	0.000000000000000000e+00	0.000000000000000000e+00	0.000000000000000000e+00
1.499987000000000492e+01	1.700001000000000673e+01	2.757999999999999829e+01	0.000000000000000000e+00	0.000000000000000000e+00	0.000000000000000000e+00	0.000000000000000000e+00
1.599987000000000670e+01	1.700001000000000673e+01	2.862000000000000099e+01	0.000000000000000000e+00	0.000000000000000000e+00	0.000000000000000000e+00	0.000000000000000000e+00
1.699987000000000492e+01	1.700001000000000673e+01	2.710000000000000142e+01	0.000000000000000000e+00	0.000000000000000000e+00	0.000000000000000000e+00	0.000000000000000000e+00
1.799987000000000847e+01	1.700001000000000673e+01	2.676000000000000156e+01	0.000000000000000000e+00	0.000000000000000000e+00	0.000000000000000000e+00	0.000000000000000000e+00
1.899987000000000492e+01	1.700001000000000673e+01	2.669999999999999929e+01	0.000000000000000000e+00	0.000000000000000000e+00	0.000000000000000000e+00	0.000000000000000000e+00
1.999987000000000847e+01	1.700001000000000673e+01	2.721999999999999886e+01	0.000000000000000000e+00	0.000000000000000000e+00	0.000000000000000000e+00	0.000000000000000000e+00
2.099987000000000492e+01	1.700001000000000673e+01	2.632000000000000028e+01	0.000000000000000000e+00	0.000000000000000000e+00	0.000000000000000000e+00	0.000000000000000000e+00
2.199987000000001203e+01	1.700001000000000673e+01	2.689999999999999858e+01	0.000000000000000000e+00	0.000000000000000000e+00	0.000000000000000000e+00	0.000000000000000000e+00
7.999870000000000481e+00	1.800001000000000317e+01	2.816000000000000014e+01	0.000000000000000000e+00	0.000000000000000000e+00	0.000000000000000000e+00	0.000000000000000000e+00
8.999870000000001369e+00	1.800001000000000317e+01	2.678000000000000114e+01	0.000000000000000000e+00	0.000000000000000000e+00	0.000000000000000000e+00	0.000000000000000000e+00
9.999870000000001369e+00	1.800001000000000317e+01	2.700000000000000000e+01	0.000000000000000000e+00	0.000000000000000000e+00	0.000000000000000000e+00	0.000000000000000000e+00
1.099987000000000315e+01	1.800001000000000317e+01	2.664000000000000057e+01	0.000000000000000000e+00	0.000000000000000000e+00	0.000000000000000000e+00	0.000000000000000000e+00
1.199987000000000315e+01	1.800001000000000317e+01	2.755999999999999872e+01	0.000000000000000000e+00	0.000000000000000000e+00	0.000000000000000000e+00	0.000000000000000000e+00
1.299987000000000315e+01	1.800001000000000317e+01	2.810000000000000142e+01	0.000000000000000000e+00	0.000000000000000000e+00	0.000000000000000000e+00	0.000000000000000000e+00
1.399987000000000492e+01	1.800001000000000317e+01	2.682000000000000028e+01	0.000000000000000000e+00	0.000000000000000000e+00	0.000000000000000000e+00	0.000000000000000000e+00
1.499987000000000492e+01	1.800001000000000317e+01	2.650000000000000000e+01	0.000000000000000000e+00	0.000000000000000000e+00	0.000000000000000000e+00	0.000000000000000000e+00
1.599987000000000670e+01	1.800001000000000317e+01	2.716000000000000014e+01	0.000000000000000000e+00	0.000000000000000000e+00	0.000000000000000000e+00	0.000000000000000000e+00
1.699987000000000492e+01	1.800001000000000317e+01	2.678000000000000114e+01	0.000000000000000000e+00	0.000000000000000000e+00	0.000000000000000000e+00	0.000000000000000000e+00
1.799987000000000847e+01	1.800001000000000317e+01	2.767999999999999972e+01	0.000000000000000000e+00	0.000000000000000000e+00	0.000000000000000000e+00	0.000000000000000000e+00
1.899987000000000492e+01	1.800001000000000317e+01	2.821999999999999886e+01	0.000000000000000000e+00	0.000000000000000000e+00	0.000000000000000000e+00	0.000000000000000000e+00
1.999987000000000847e+01	1.800001000000000317e+01	2.698000000000000043e+01	0.000000000000000000e+00	0.000000000000000000e+00	0.000000000000000000e+00	0.000000000000000000e+00
2.099987000000000492e+01	1.800001000000000317e+01	2.723999999999999844e+01	0.000000000000000000e+00	0.000000000000000000e+00	0.000000000000000000e+00	0.000000000000000000e+00
2.199987000000001203e+01	1.800001000000000317e+01	2.721999999999999886e+01	0.000000000000000000e+00	0.000000000000000000e+00	0.000000000000000000e+00	0.000000000000000000e+00
7.999870000000000481e+00	1.900001000000001028e+01	2.673999999999999844e+01	0.000000000000000000e+00	0.000000000000000000e+00	0.000000000000000000e+00	0.000000000000000000e+00
8.999870000000001369e+00	1.900001000000001028e+01	2.719999999999999929e+01	0.000000000000000000e+00	0.000000000000000000e+00	0.000000000000000000e+00	0.000000000000000000e+00
9.999870000000001369e+00	1.900001000000001028e+01	2.839999999999999858e+01	0.000000000000000000e+00	0.000000000000000000e+00	0.000000000000000000e+00	0.000000000000000000e+00
1.099987000000000315e+01	1.900001000000001028e+01	2.839999999999999858e+01	0.000000000000000000e+00	0.000000000000000000e+00	0.000000000000000000e+00	0.000000000000000000e+00
1.199987000000000315e+01	1.900001000000001028e+01	2.830000000000000071e+01	0.000000000000000000e+00	0.000000000000000000e+00	0.000000000000000000e+00	0.000000000000000000e+00
1.299987000000000315e+01	1.900001000000001028e+01	2.760000000000000142e+01	0.000000000000000000e+00	0.000000000000000000e+00	0.000000000000000000e+00	0.000000000000000000e+00
1.399987000000000492e+01	1.900001000000001028e+01	2.762000000000000099e+01	0.000000000000000000e+00	0.000000000000000000e+00	0.000000000000000000e+00	0.000000000000000000e+00
1.499987000000000492e+01	1.900001000000001028e+01	2.837999999999999901e+01	0.000000000000000000e+00	0.000000000000000000e+00	0.000000000000000000e+00	0.000000000000000000e+00
1.599987000000000670e+01	1.900001000000001028e+01	2.762000000000000099e+01	0.000000000000000000e+00	0.000000000000000000e+00	0.000000000000000000e+00	0.000000000000000000e+00
1.699987000000000492e+01	1.900001000000001028e+01	2.787999999999999901e+01	0.000000000000000000e+00	0.000000000000000000e+00	0.000000000000000000e+00	0.000000000000000000e+00
1.799987000000000847e+01	1.900001000000001028e+01	2.642000000000000171e+01	0.000000000000000000e+00	0.000000000000000000e+00	0.000000000000000000e+00	0.000000000000000000e+00
1.899987000000000492e+01	1.900001000000001028e+01	2.750000000000000000e+01	0.000000000000000000e+00	0.000000000000000000e+00	0.000000000000000000e+00	0.000000000000000000e+00
1.999987000000000847e+01	1.900001000000001028e+01	2.753999999999999915e+01	0.000000000000000000e+00	0.000000000000000000e+00	0.000000000000000000e+00	0.000000000000000000e+00
2.099987000000000492e+01	1.900001000000001028e+01	2.721999999999999886e+01	0.000000000000000000e+00	0.000000000000000000e+00	0.000000000000000000e+00	0.000000000000000000e+00
2.199987000000001203e+01	1.900001000000001028e+01	2.848000000000000043e+01	0.000000000000000000e+00	0.000000000000000000e+00	0.000000000000000000e+00	0.000000000000000000e+00
7.999870000000000481e+00	2.000001000000000673e+01	2.750000000000000000e+01	0.000000000000000000e+00	0.000000000000000000e+00	0.000000000000000000e+00	0.000000000000000000e+00
8.999870000000001369e+00	2.000001000000000673e+01	2.732000000000000028e+01	0.000000000000000000e+00	0.000000000000000000e+00	0.000000000000000000e+00	0.000000000000000000e+00
9.999870000000001369e+00	2.000001000000000673e+01	2.546000000000000085e+01	0.000000000000000000e+00	0.000000000000000000e+00	0.000000000000000000e+00	0.000000000000000000e+00
1.099987000000000315e+01	2.000001000000000673e+01	2.703999999999999915e+01	0.000000000000000000e+00	0.000000000000000000e+00	0.000000000000000000e+00	0.000000000000000000e+00
1.199987000000000315e+01	2.000001000000000673e+01	2.833999999999999986e+01	0.000000000000000000e+00	0.000000000000000000e+00	0.000000000000000000e+00	0.000000000000000000e+00
1.299987000000000315e+01	2.000001000000000673e+01	2.771999999999999886e+01	0.000000000000000000e+00	0.000000000000000000e+00	0.000000000000000000e+00	0.000000000000000000e+00
1.399987000000000492e+01	2.000001000000000673e+01	2.750000000000000000e+01	0.000000000000000000e+00	0.000000000000000000e+00	0.000000000000000000e+00	0.000000000000000000e+00
1.499987000000000492e+01	2.000001000000000673e+01	2.653999999999999915e+01	0.000000000000000000e+00	0.000000000000000000e+00	0.000000000000000000e+00	0.000000000000000000e+00
1.599987000000000670e+01	2.000001000000000673e+01	2.648000000000000043e+01	0.000000000000000000e+00	0.000000000000000000e+00	0.000000000000000000e+00	0.000000000000000000e+00
1.699987000000000492e+01	2.000001000000000673e+01	2.666000000000000014e+01	0.000000000000000000e+00	0.000000000000000000e+00	0.000000000000000000e+00	0.000000000000000000e+00
1.799987000000000847e+01	2.000001000000000673e+01	2.767999999999999972e+01	0.000000000000000000e+00	0.000000000000000000e+00	0.000000000000000000e+00	0.000000000000000000e+00
1.899987000000000492e+01	2.000001000000000673e+01	2.728000000000000114e+01	0.000000000000000000e+00	0.000000000000000000e+00	0.000000000000000000e+00	0.000000000000000000e+00
1.999987000000000847e+01	2.000001000000000673e+01	2.766000000000000014e+01	0.000000000000000000e+00	0.000000000000000000e+00	0.000000000000000000e+00	0.000000000000000000e+00
2.099987000000000492e+01	2.000001000000000673e+01	2.566000000000000014e+01	0.000000000000000000e+00	0.000000000000000000e+00	0.000000000000000000e+00	0.000000000000000000e+00
2.199987000000001203e+01	2.000001000000000673e+01	2.950000000000000000e+01	0.000000000000000000e+00	0.000000000000000000e+00	0.000000000000000000e+00	0.000000000000000000e+00
7.999870000000000481e+00	2.100001000000001028e+01	2.816000000000000014e+01	0.000000000000000000e+00	0.000000000000000000e+00	0.000000000000000000e+00	0.000000000000000000e+00
8.999870000000001369e+00	2.100001000000001028e+01	2.737999999999999901e+01	0.000000000000000000e+00	0.000000000000000000e+00	0.000000000000000000e+00	0.000000000000000000e+00
9.999870000000001369e+00	2.100001000000001028e+01	2.666000000000000014e+01	0.000000000000000000e+00	0.000000000000000000e+00	0.000000000000000000e+00	0.000000000000000000e+00
1.099987000000000315e+01	2.100001000000001028e+01	2.742000000000000171e+01	0.000000000000000000e+00	0.000000000000000000e+00	0.000000000000000000e+00	0.000000000000000000e+00
1.199987000000000315e+01	2.100001000000001028e+01	2.650000000000000000e+01	0.000000000000000000e+00	0.000000000000000000e+00	0.000000000000000000e+00	0.000000000000000000e+00
1.299987000000000315e+01	2.100001000000001028e+01	2.814000000000000057e+01	0.000000000000000000e+00	0.000000000000000000e+00	0.000000000000000000e+00	0.000000000000000000e+00
1.399987000000000492e+01	2.100001000000001028e+01	2.526000000000000156e+01	0.000000000000000000e+00	0.000000000000000000e+00	0.000000000000000000e+00	0.000000000000000000e+00
1.499987000000000492e+01	2.100001000000001028e+01	2.678000000000000114e+01	0.000000000000000000e+00	0.000000000000000000e+00	0.000000000000000000e+00	0.000000000000000000e+00
1.599987000000000670e+01	2.100001000000001028e+01	2.826000000000000156e+01	0.000000000000000000e+00	0.000000000000000000e+00	0.000000000000000000e+00	0.000000000000000000e+00
1.699987000000000492e+01	2.100001000000001028e+01	2.703999999999999915e+01	0.000000000000000000e+00	0.000000000000000000e+00	0.000000000000000000e+00	0.000000000000000000e+00
1.799987000000000847e+01	2.100001000000001028e+01	2.651999999999999957e+01	0.000000000000000000e+00	0.000000000000000000e+00	0.000000000000000000e+00	0.000000000000000000e+00
1.899987000000000492e+01	2.100001000000001028e+01	2.678000000000000114e+01	0.000000000000000000e+00	0.000000000000000000e+00	0.000000000000000000e+00	0.000000000000000000e+00
1.999987000000000847e+01	2.100001000000001028e+01	2.689999999999999858e+01	0.000000000000000000e+00	0.000000000000000000e+00	0.000000000000000000e+00	0.000000000000000000e+00
2.099987000000000492e+01	2.100001000000001028e+01	2.800000000000000000e+01	0.000000000000000000e+00	0.000000000000000000e+00	0.000000000000000000e+00	0.000000000000000000e+00
2.199987000000001203e+01	2.100001000000001028e+01	2.716000000000000014e+01	0.000000000000000000e+00	0.000000000000000000e+00	0.000000000000000000e+00	0.000000000000000000e+00
7.999870000000000481e+00	2.200001000000000673e+01	2.632000000000000028e+01	0.000000000000000000e+00	0.000000000000000000e+00	0.000000000000000000e+00	0.000000000000000000e+00
8.999870000000001369e+00	2.200001000000000673e+01	2.794000000000000128e+01	0.000000000000000000e+00	0.000000000000000000e+00	0.000000000000000000e+00	0.000000000000000000e+00
9.999870000000001369e+00	2.200001000000000673e+01	2.819999999999999929e+01	0.000000000000000000e+00	0.000000000000000000e+00	0.000000000000000000e+00	0.000000000000000000e+00
1.099987000000000315e+01	2.200001000000000673e+01	2.733999999999999986e+01	0.000000000000000000e+00	0.000000000000000000e+00	0.000000000000000000e+00	0.000000000000000000e+00
1.199987000000000315e+01	2.200001000000000673e+01	2.657999999999999829e+01	0.000000000000000000e+00	0.000000000000000000e+00	0.000000000000000000e+00	0.000000000000000000e+00
1.299987000000000315e+01	2.200001000000000673e+01	2.985999999999999943e+01	0.000000000000000000e+00	0.000000000000000000e+00	0.000000000000000000e+00	0.000000000000000000e+00
1.399987000000000492e+01	2.200001000000000673e+01	2.853999999999999915e+01	0.000000000000000000e+00	0.000000000000000000e+00	0.000000000000000000e+00	0.000000000000000000e+00
1.499987000000000492e+01	2.200001000000000673e+01	2.710000000000000142e+01	0.000000000000000000e+00	0.000000000000000000e+00	0.000000000000000000e+00	0.000000000000000000e+00
1.599987000000000670e+01	2.200001000000000673e+01	2.800000000000000000e+01	0.000000000000000000e+00	0.000000000000000000e+00	0.000000000000000000e+00	0.000000000000000000e+00
1.699987000000000492e+01	2.200001000000000673e+01	2.848000000000000043e+01	0.000000000000000000e+00	0.000000000000000000e+00	0.000000000000000000e+00	0.000000000000000000e+00
1.799987000000000847e+01	2.200001000000000673e+01	2.723999999999999844e+01	0.000000000000000000e+00	0.000000000000000000e+00	0.000000000000000000e+00	0.000000000000000000e+00
1.899987000000000492e+01	2.200001000000000673e+01	2.696000000000000085e+01	0.000000000000000000e+00	0.000000000000000000e+00	0.000000000000000000e+00	0.000000000000000000e+00
1.999987000000000847e+01	2.200001000000000673e+01	2.748000000000000043e+01	0.000000000000000000e+00	0.000000000000000000e+00	0.000000000000000000e+00	0.000000000000000000e+00
2.099987000000000492e+01	2.200001000000000673e+01	2.739999999999999858e+01	0.000000000000000000e+00	0.000000000000000000e+00	0.000000000000000000e+00	0.000000000000000000e+00
2.199987000000001203e+01	2.200001000000000673e+01	2.628000000000000114e+01	0.000000000000000000e+00	0.000000000000000000e+00	0.000000000000000000e+00	0.000000000000000000e+00
