#Date: 2024-12-02 10:40:58
#Total scanning time: 469.59406328201294
#Scan direction: X
#X range: 10.24908 - 19.749080000000003 um
#Y range: 10.25001 - 19.750010000000007 um
#X pixels: 20, pixelsize: 5e-07 um
#Y pixels: 20, pixelsize: 5e-07 um
#Integration time per pixel: 50.0 ms
#Columns: X [um], Y [um], counts, freq_center, fwhm, contrast, sensitivity
1.024907999999999930e+01	1.025000999999999962e+01	4.610000000000000142e+01	0.000000000000000000e+00	0.000000000000000000e+00	0.000000000000000000e+00	0.000000000000000000e+00
1.074907999999999930e+01	1.025000999999999962e+01	4.957999999999999829e+01	0.000000000000000000e+00	0.000000000000000000e+00	0.000000000000000000e+00	0.000000000000000000e+00
1.124907999999999930e+01	1.025000999999999962e+01	5.089999999999999858e+01	0.000000000000000000e+00	0.000000000000000000e+00	0.000000000000000000e+00	0.000000000000000000e+00
1.174907999999999930e+01	1.025000999999999962e+01	5.861999999999999744e+01	0.000000000000000000e+00	0.000000000000000000e+00	0.000000000000000000e+00	0.000000000000000000e+00
1.224907999999999930e+01	1.025000999999999962e+01	5.953999999999999915e+01	0.000000000000000000e+00	0.000000000000000000e+00	0.000000000000000000e+00	0.000000000000000000e+00
1.274907999999999930e+01	1.025000999999999962e+01	5.982000000000000028e+01	0.000000000000000000e+00	0.000000000000000000e+00	0.000000000000000000e+00	0.000000000000000000e+00
1.324908000000000108e+01	1.025000999999999962e+01	5.625999999999999801e+01	0.000000000000000000e+00	0.000000000000000000e+00	0.000000000000000000e+00	0.000000000000000000e+00
1.374908000000000108e+01	1.025000999999999962e+01	5.047999999999999687e+01	0.000000000000000000e+00	0.000000000000000000e+00	0.000000000000000000e+00	0.000000000000000000e+00
1.424908000000000108e+01	1.025000999999999962e+01	5.175999999999999801e+01	0.000000000000000000e+00	0.000000000000000000e+00	0.000000000000000000e+00	0.000000000000000000e+00
1.474908000000000108e+01	1.025000999999999962e+01	4.915999999999999659e+01	0.000000000000000000e+00	0.000000000000000000e+00	0.000000000000000000e+00	0.000000000000000000e+00
1.524908000000000108e+01	1.025000999999999962e+01	4.610000000000000142e+01	0.000000000000000000e+00	0.000000000000000000e+00	0.000000000000000000e+00	0.000000000000000000e+00
1.574907999999999930e+01	1.025000999999999962e+01	4.592000000000000171e+01	0.000000000000000000e+00	0.000000000000000000e+00	0.000000000000000000e+00	0.000000000000000000e+00
1.624908000000000285e+01	1.025000999999999962e+01	4.685999999999999943e+01	0.000000000000000000e+00	0.000000000000000000e+00	0.000000000000000000e+00	0.000000000000000000e+00
1.674908000000000285e+01	1.025000999999999962e+01	4.788000000000000256e+01	0.000000000000000000e+00	0.000000000000000000e+00	0.000000000000000000e+00	0.000000000000000000e+00
1.724908000000000285e+01	1.025000999999999962e+01	5.047999999999999687e+01	0.000000000000000000e+00	0.000000000000000000e+00	0.000000000000000000e+00	0.000000000000000000e+00
1.774908000000000285e+01	1.025000999999999962e+01	4.820000000000000284e+01	0.000000000000000000e+00	0.000000000000000000e+00	0.000000000000000000e+00	0.000000000000000000e+00
1.824908000000000285e+01	1.025000999999999962e+01	4.488000000000000256e+01	0.000000000000000000e+00	0.000000000000000000e+00	0.000000000000000000e+00	0.000000000000000000e+00
1.874908000000000641e+01	1.025000999999999962e+01	4.379999999999999716e+01	0.000000000000000000e+00	0.000000000000000000e+00	0.000000000000000000e+00	0.000000000000000000e+00
1.924908000000000285e+01	1.025000999999999962e+01	4.296000000000000085e+01	0.000000000000000000e+00	0.000000000000000000e+00	0.000000000000000000e+00	0.000000000000000000e+00
1.974908000000000285e+01	1.025000999999999962e+01	4.217999999999999972e+01	0.000000000000000000e+00	0.000000000000000000e+00	0.000000000000000000e+00	0.000000000000000000e+00
1.024907999999999930e+01	1.075000999999999962e+01	6.423999999999999488e+01	0.000000000000000000e+00	0.000000000000000000e+00	0.000000000000000000e+00	0.000000000000000000e+00
1.074907999999999930e+01	1.075000999999999962e+01	6.909999999999999432e+01	0.000000000000000000e+00	0.000000000000000000e+00	0.000000000000000000e+00	0.000000000000000000e+00
1.124907999999999930e+01	1.075000999999999962e+01	7.123999999999999488e+01	0.000000000000000000e+00	0.000000000000000000e+00	0.000000000000000000e+00	0.000000000000000000e+00
1.174907999999999930e+01	1.075000999999999962e+01	7.059999999999999432e+01	0.000000000000000000e+00	0.000000000000000000e+00	0.000000000000000000e+00	0.000000000000000000e+00
1.224907999999999930e+01	1.075000999999999962e+01	7.643999999999999773e+01	0.000000000000000000e+00	0.000000000000000000e+00	0.000000000000000000e+00	0.000000000000000000e+00
1.274907999999999930e+01	1.075000999999999962e+01	8.151999999999999602e+01	0.000000000000000000e+00	0.000000000000000000e+00	0.000000000000000000e+00	0.000000000000000000e+00
1.324908000000000108e+01	1.075000999999999962e+01	7.959999999999999432e+01	0.000000000000000000e+00	0.000000000000000000e+00	0.000000000000000000e+00	0.000000000000000000e+00
1.374908000000000108e+01	1.075000999999999962e+01	7.629999999999999716e+01	0.000000000000000000e+00	0.000000000000000000e+00	0.000000000000000000e+00	0.000000000000000000e+00
1.424908000000000108e+01	1.075000999999999962e+01	7.498000000000000398e+01	0.000000000000000000e+00	0.000000000000000000e+00	0.000000000000000000e+00	0.000000000000000000e+00
1.474908000000000108e+01	1.075000999999999962e+01	7.415999999999999659e+01	0.000000000000000000e+00	0.000000000000000000e+00	0.000000000000000000e+00	0.000000000000000000e+00
1.524908000000000108e+01	1.075000999999999962e+01	6.945999999999999375e+01	0.000000000000000000e+00	0.000000000000000000e+00	0.000000000000000000e+00	0.000000000000000000e+00
1.574907999999999930e+01	1.075000999999999962e+01	6.406000000000000227e+01	0.000000000000000000e+00	0.000000000000000000e+00	0.000000000000000000e+00	0.000000000000000000e+00
1.624908000000000285e+01	1.075000999999999962e+01	6.314000000000000057e+01	0.000000000000000000e+00	0.000000000000000000e+00	0.000000000000000000e+00	0.000000000000000000e+00
1.674908000000000285e+01	1.075000999999999962e+01	6.353999999999999915e+01	0.000000000000000000e+00	0.000000000000000000e+00	0.000000000000000000e+00	0.000000000000000000e+00
1.724908000000000285e+01	1.075000999999999962e+01	6.545999999999999375e+01	0.000000000000000000e+00	0.000000000000000000e+00	0.000000000000000000e+00	0.000000000000000000e+00
1.774908000000000285e+01	1.075000999999999962e+01	5.942000000000000171e+01	0.000000000000000000e+00	0.000000000000000000e+00	0.000000000000000000e+00	0.000000000000000000e+00
1.824908000000000285e+01	1.075000999999999962e+01	6.128000000000000114e+01	0.000000000000000000e+00	0.000000000000000000e+00	0.000000000000000000e+00	0.000000000000000000e+00
1.874908000000000641e+01	1.075000999999999962e+01	5.815999999999999659e+01	0.000000000000000000e+00	0.000000000000000000e+00	0.000000000000000000e+00	0.000000000000000000e+00
1.924908000000000285e+01	1.075000999999999962e+01	5.692000000000000171e+01	0.000000000000000000e+00	0.000000000000000000e+00	0.000000000000000000e+00	0.000000000000000000e+00
1.974908000000000285e+01	1.075000999999999962e+01	5.700000000000000000e+01	0.000000000000000000e+00	0.000000000000000000e+00	0.000000000000000000e+00	0.000000000000000000e+00
1.024907999999999930e+01	1.125000999999999962e+01	9.593999999999999773e+01	0.000000000000000000e+00	0.000000000000000000e+00	0.000000000000000000e+00	0.000000000000000000e+00
1.074907999999999930e+01	1.125000999999999962e+01	9.701999999999999602e+01	0.000000000000000000e+00	0.000000000000000000e+00	0.000000000000000000e+00	0.000000000000000000e+00
1.124907999999999930e+01	1.125000999999999962e+01	1.093799999999999955e+02	0.000000000000000000e+00	0.000000000000000000e+00	0.000000000000000000e+00	0.000000000000000000e+00
1.174907999999999930e+01	1.125000999999999962e+01	1.206599999999999966e+02	0.000000000000000000e+00	0.000000000000000000e+00	0.000000000000000000e+00	0.000000000000000000e+00
1.224907999999999930e+01	1.125000999999999962e+01	1.463199999999999932e+02	0.000000000000000000e+00	0.000000000000000000e+00	0.000000000000000000e+00	0.000000000000000000e+00
1.274907999999999930e+01	1.125000999999999962e+01	1.622800000000000011e+02	0.000000000000000000e+00	0.000000000000000000e+00	0.000000000000000000e+00	0.000000000000000000e+00
1.324908000000000108e+01	1.125000999999999962e+01	1.658400000000000034e+02	0.000000000000000000e+00	0.000000000000000000e+00	0.000000000000000000e+00	0.000000000000000000e+00
1.374908000000000108e+01	1.125000999999999962e+01	1.582400000000000091e+02	0.000000000000000000e+00	0.000000000000000000e+00	0.000000000000000000e+00	0.000000000000000000e+00
1.424908000000000108e+01	1.125000999999999962e+01	1.463600000000000136e+02	0.000000000000000000e+00	0.000000000000000000e+00	0.000000000000000000e+00	0.000000000000000000e+00
1.474908000000000108e+01	1.125000999999999962e+01	1.518199999999999932e+02	0.000000000000000000e+00	0.000000000000000000e+00	0.000000000000000000e+00	0.000000000000000000e+00
1.524908000000000108e+01	1.125000999999999962e+01	1.420000000000000000e+02	0.000000000000000000e+00	0.000000000000000000e+00	0.000000000000000000e+00	0.000000000000000000e+00
1.574907999999999930e+01	1.125000999999999962e+01	1.353400000000000034e+02	0.000000000000000000e+00	0.000000000000000000e+00	0.000000000000000000e+00	0.000000000000000000e+00
1.624908000000000285e+01	1.125000999999999962e+01	1.273799999999999955e+02	0.000000000000000000e+00	0.000000000000000000e+00	0.000000000000000000e+00	0.000000000000000000e+00
1.674908000000000285e+01	1.125000999999999962e+01	1.289799999999999898e+02	0.000000000000000000e+00	0.000000000000000000e+00	0.000000000000000000e+00	0.000000000000000000e+00
1.724908000000000285e+01	1.125000999999999962e+01	1.321800000000000068e+02	0.000000000000000000e+00	0.000000000000000000e+00	0.000000000000000000e+00	0.000000000000000000e+00
1.774908000000000285e+01	1.125000999999999962e+01	1.361399999999999864e+02	0.000000000000000000e+00	0.000000000000000000e+00	0.000000000000000000e+00	0.000000000000000000e+00
1.824908000000000285e+01	1.125000999999999962e+01	1.319199999999999875e+02	0.000000000000000000e+00	0.000000000000000000e+00	0.000000000000000000e+00	0.000000000000000000e+00
1.874908000000000641e+01	1.125000999999999962e+01	1.281999999999999886e+02	0.000000000000000000e+00	0.000000000000000000e+00	0.000000000000000000e+00	0.000000000000000000e+00
1.924908000000000285e+01	1.125000999999999962e+01	1.279800000000000040e+02	0.000000000000000000e+00	0.000000000000000000e+00	0.000000000000000000e+00	0.000000000000000000e+00
1.974908000000000285e+01	1.125000999999999962e+01	1.246200000000000045e+02	0.000000000000000000e+00	0.000000000000000000e+00	0.000000000000000000e+00	0.000000000000000000e+00
1.024907999999999930e+01	1.175000999999999962e+01	1.241599999999999966e+02	0.000000000000000000e+00	0.000000000000000000e+00	0.000000000000000000e+00	0.000000000000000000e+00
1.074907999999999930e+01	1.175000999999999962e+01	1.323600000000000136e+02	0.000000000000000000e+00	0.000000000000000000e+00	0.000000000000000000e+00	0.000000000000000000e+00
1.124907999999999930e+01	1.175000999999999962e+01	1.397800000000000011e+02	0.000000000000000000e+00	0.000000000000000000e+00	0.000000000000000000e+00	0.000000000000000000e+00
1.174907999999999930e+01	1.175000999999999962e+01	1.714600000000000080e+02	0.000000000000000000e+00	0.000000000000000000e+00	0.000000000000000000e+00	0.000000000000000000e+00
1.224907999999999930e+01	1.175000999999999962e+01	1.835999999999999943e+02	0.000000000000000000e+00	0.000000000000000000e+00	0.000000000000000000e+00	0.000000000000000000e+00
1.274907999999999930e+01	1.175000999999999962e+01	1.806999999999999886e+02	0.000000000000000000e+00	0.000000000000000000e+00	0.000000000000000000e+00	0.000000000000000000e+00
1.324908000000000108e+01	1.175000999999999962e+01	1.840600000000000023e+02	0.000000000000000000e+00	0.000000000000000000e+00	0.000000000000000000e+00	0.000000000000000000e+00
1.374908000000000108e+01	1.175000999999999962e+01	1.755399999999999920e+02	0.000000000000000000e+00	0.000000000000000000e+00	0.000000000000000000e+00	0.000000000000000000e+00
1.424908000000000108e+01	1.175000999999999962e+01	1.735600000000000023e+02	0.000000000000000000e+00	0.000000000000000000e+00	0.000000000000000000e+00	0.000000000000000000e+00
1.474908000000000108e+01	1.175000999999999962e+01	1.665999999999999943e+02	0.000000000000000000e+00	0.000000000000000000e+00	0.000000000000000000e+00	0.000000000000000000e+00
1.524908000000000108e+01	1.175000999999999962e+01	1.729799999999999898e+02	0.000000000000000000e+00	0.000000000000000000e+00	0.000000000000000000e+00	0.000000000000000000e+00
1.574907999999999930e+01	1.175000999999999962e+01	1.760800000000000125e+02	0.000000000000000000e+00	0.000000000000000000e+00	0.000000000000000000e+00	0.000000000000000000e+00
1.624908000000000285e+01	1.175000999999999962e+01	1.736800000000000068e+02	0.000000000000000000e+00	0.000000000000000000e+00	0.000000000000000000e+00	0.000000000000000000e+00
1.674908000000000285e+01	1.175000999999999962e+01	1.689799999999999898e+02	0.000000000000000000e+00	0.000000000000000000e+00	0.000000000000000000e+00	0.000000000000000000e+00
1.724908000000000285e+01	1.175000999999999962e+01	1.775800000000000125e+02	0.000000000000000000e+00	0.000000000000000000e+00	0.000000000000000000e+00	0.000000000000000000e+00
1.774908000000000285e+01	1.175000999999999962e+01	1.748400000000000034e+02	0.000000000000000000e+00	0.000000000000000000e+00	0.000000000000000000e+00	0.000000000000000000e+00
1.824908000000000285e+01	1.175000999999999962e+01	1.765800000000000125e+02	0.000000000000000000e+00	0.000000000000000000e+00	0.000000000000000000e+00	0.000000000000000000e+00
1.874908000000000641e+01	1.175000999999999962e+01	1.719600000000000080e+02	0.000000000000000000e+00	0.000000000000000000e+00	0.000000000000000000e+00	0.000000000000000000e+00
1.924908000000000285e+01	1.175000999999999962e+01	1.681599999999999966e+02	0.000000000000000000e+00	0.000000000000000000e+00	0.000000000000000000e+00	0.000000000000000000e+00
1.974908000000000285e+01	1.175000999999999962e+01	1.643600000000000136e+02	0.000000000000000000e+00	0.000000000000000000e+00	0.000000000000000000e+00	0.000000000000000000e+00
1.024907999999999930e+01	1.225000999999999962e+01	1.194399999999999977e+02	0.000000000000000000e+00	0.000000000000000000e+00	0.000000000000000000e+00	0.000000000000000000e+00
1.074907999999999930e+01	1.225000999999999962e+01	1.337800000000000011e+02	0.000000000000000000e+00	0.000000000000000000e+00	0.000000000000000000e+00	0.000000000000000000e+00
1.124907999999999930e+01	1.225000999999999962e+01	1.348600000000000136e+02	0.000000000000000000e+00	0.000000000000000000e+00	0.000000000000000000e+00	0.000000000000000000e+00
1.174907999999999930e+01	1.225000999999999962e+01	1.807400000000000091e+02	0.000000000000000000e+00	0.000000000000000000e+00	0.000000000000000000e+00	0.000000000000000000e+00
1.224907999999999930e+01	1.225000999999999962e+01	1.951200000000000045e+02	0.000000000000000000e+00	0.000000000000000000e+00	0.000000000000000000e+00	0.000000000000000000e+00
1.274907999999999930e+01	1.225000999999999962e+01	1.787800000000000011e+02	0.000000000000000000e+00	0.000000000000000000e+00	0.000000000000000000e+00	0.000000000000000000e+00
1.324908000000000108e+01	1.225000999999999962e+01	1.791999999999999886e+02	0.000000000000000000e+00	0.000000000000000000e+00	0.000000000000000000e+00	0.000000000000000000e+00
1.374908000000000108e+01	1.225000999999999962e+01	1.719199999999999875e+02	0.000000000000000000e+00	0.000000000000000000e+00	0.000000000000000000e+00	0.000000000000000000e+00
1.424908000000000108e+01	1.225000999999999962e+01	1.694799999999999898e+02	0.000000000000000000e+00	0.000000000000000000e+00	0.000000000000000000e+00	0.000000000000000000e+00
1.474908000000000108e+01	1.225000999999999962e+01	1.693199999999999932e+02	0.000000000000000000e+00	0.000000000000000000e+00	0.000000000000000000e+00	0.000000000000000000e+00
1.524908000000000108e+01	1.225000999999999962e+01	1.640600000000000023e+02	0.000000000000000000e+00	0.000000000000000000e+00	0.000000000000000000e+00	0.000000000000000000e+00
1.574907999999999930e+01	1.225000999999999962e+01	1.644000000000000057e+02	0.000000000000000000e+00	0.000000000000000000e+00	0.000000000000000000e+00	0.000000000000000000e+00
1.624908000000000285e+01	1.225000999999999962e+01	1.695600000000000023e+02	0.000000000000000000e+00	0.000000000000000000e+00	0.000000000000000000e+00	0.000000000000000000e+00
1.674908000000000285e+01	1.225000999999999962e+01	1.658600000000000136e+02	0.000000000000000000e+00	0.000000000000000000e+00	0.000000000000000000e+00	0.000000000000000000e+00
1.724908000000000285e+01	1.225000999999999962e+01	1.678600000000000136e+02	0.000000000000000000e+00	0.000000000000000000e+00	0.000000000000000000e+00	0.000000000000000000e+00
1.774908000000000285e+01	1.225000999999999962e+01	1.664600000000000080e+02	0.000000000000000000e+00	0.000000000000000000e+00	0.000000000000000000e+00	0.000000000000000000e+00
1.824908000000000285e+01	1.225000999999999962e+01	1.675200000000000102e+02	0.000000000000000000e+00	0.000000000000000000e+00	0.000000000000000000e+00	0.000000000000000000e+00
1.874908000000000641e+01	1.225000999999999962e+01	1.675200000000000102e+02	0.000000000000000000e+00	0.000000000000000000e+00	0.000000000000000000e+00	0.000000000000000000e+00
1.924908000000000285e+01	1.225000999999999962e+01	1.614799999999999898e+02	0.000000000000000000e+00	0.000000000000000000e+00	0.000000000000000000e+00	0.000000000000000000e+00
1.974908000000000285e+01	1.225000999999999962e+01	1.602599999999999909e+02	0.000000000000000000e+00	0.000000000000000000e+00	0.000000000000000000e+00	0.000000000000000000e+00
1.024907999999999930e+01	1.275001000000000140e+01	1.003799999999999955e+02	0.000000000000000000e+00	0.000000000000000000e+00	0.000000000000000000e+00	0.000000000000000000e+00
1.074907999999999930e+01	1.275001000000000140e+01	1.089399999999999977e+02	0.000000000000000000e+00	0.000000000000000000e+00	0.000000000000000000e+00	0.000000000000000000e+00
1.124907999999999930e+01	1.275001000000000140e+01	1.343799999999999955e+02	0.000000000000000000e+00	0.000000000000000000e+00	0.000000000000000000e+00	0.000000000000000000e+00
1.174907999999999930e+01	1.275001000000000140e+01	1.691800000000000068e+02	0.000000000000000000e+00	0.000000000000000000e+00	0.000000000000000000e+00	0.000000000000000000e+00
1.224907999999999930e+01	1.275001000000000140e+01	1.940000000000000000e+02	0.000000000000000000e+00	0.000000000000000000e+00	0.000000000000000000e+00	0.000000000000000000e+00
1.274907999999999930e+01	1.275001000000000140e+01	1.835999999999999943e+02	0.000000000000000000e+00	0.000000000000000000e+00	0.000000000000000000e+00	0.000000000000000000e+00
1.324908000000000108e+01	1.275001000000000140e+01	1.835000000000000000e+02	0.000000000000000000e+00	0.000000000000000000e+00	0.000000000000000000e+00	0.000000000000000000e+00
1.374908000000000108e+01	1.275001000000000140e+01	1.799000000000000057e+02	0.000000000000000000e+00	0.000000000000000000e+00	0.000000000000000000e+00	0.000000000000000000e+00
1.424908000000000108e+01	1.275001000000000140e+01	1.789000000000000057e+02	0.000000000000000000e+00	0.000000000000000000e+00	0.000000000000000000e+00	0.000000000000000000e+00
1.474908000000000108e+01	1.275001000000000140e+01	1.750399999999999920e+02	0.000000000000000000e+00	0.000000000000000000e+00	0.000000000000000000e+00	0.000000000000000000e+00
1.524908000000000108e+01	1.275001000000000140e+01	1.691200000000000045e+02	0.000000000000000000e+00	0.000000000000000000e+00	0.000000000000000000e+00	0.000000000000000000e+00
1.574907999999999930e+01	1.275001000000000140e+01	1.714799999999999898e+02	0.000000000000000000e+00	0.000000000000000000e+00	0.000000000000000000e+00	0.000000000000000000e+00
1.624908000000000285e+01	1.275001000000000140e+01	1.678600000000000136e+02	0.000000000000000000e+00	0.000000000000000000e+00	0.000000000000000000e+00	0.000000000000000000e+00
1.674908000000000285e+01	1.275001000000000140e+01	1.653000000000000114e+02	0.000000000000000000e+00	0.000000000000000000e+00	0.000000000000000000e+00	0.000000000000000000e+00
1.724908000000000285e+01	1.275001000000000140e+01	1.671999999999999886e+02	0.000000000000000000e+00	0.000000000000000000e+00	0.000000000000000000e+00	0.000000000000000000e+00
1.774908000000000285e+01	1.275001000000000140e+01	1.675399999999999920e+02	0.000000000000000000e+00	0.000000000000000000e+00	0.000000000000000000e+00	0.000000000000000000e+00
1.824908000000000285e+01	1.275001000000000140e+01	1.600999999999999943e+02	0.000000000000000000e+00	0.000000000000000000e+00	0.000000000000000000e+00	0.000000000000000000e+00
1.874908000000000641e+01	1.275001000000000140e+01	1.593000000000000114e+02	0.000000000000000000e+00	0.000000000000000000e+00	0.000000000000000000e+00	0.000000000000000000e+00
1.924908000000000285e+01	1.275001000000000140e+01	1.593400000000000034e+02	0.000000000000000000e+00	0.000000000000000000e+00	0.000000000000000000e+00	0.000000000000000000e+00
1.974908000000000285e+01	1.275001000000000140e+01	1.605800000000000125e+02	0.000000000000000000e+00	0.000000000000000000e+00	0.000000000000000000e+00	0.000000000000000000e+00
1.024907999999999930e+01	1.325001000000000140e+01	8.292000000000000171e+01	0.000000000000000000e+00	0.000000000000000000e+00	0.000000000000000000e+00	0.000000000000000000e+00
1.074907999999999930e+01	1.325001000000000140e+01	9.890000000000000568e+01	0.000000000000000000e+00	0.000000000000000000e+00	0.000000000000000000e+00	0.000000000000000000e+00
1.124907999999999930e+01	1.325001000000000140e+01	1.357800000000000011e+02	0.000000000000000000e+00	0.000000000000000000e+00	0.000000000000000000e+00	0.000000000000000000e+00
1.174907999999999930e+01	1.325001000000000140e+01	1.846200000000000045e+02	0.000000000000000000e+00	0.000000000000000000e+00	0.000000000000000000e+00	0.000000000000000000e+00
1.224907999999999930e+01	1.325001000000000140e+01	1.935600000000000023e+02	0.000000000000000000e+00	0.000000000000000000e+00	0.000000000000000000e+00	0.000000000000000000e+00
1.274907999999999930e+01	1.325001000000000140e+01	1.975999999999999943e+02	0.000000000000000000e+00	0.000000000000000000e+00	0.000000000000000000e+00	0.000000000000000000e+00
1.324908000000000108e+01	1.325001000000000140e+01	1.941200000000000045e+02	0.000000000000000000e+00	0.000000000000000000e+00	0.000000000000000000e+00	0.000000000000000000e+00
1.374908000000000108e+01	1.325001000000000140e+01	1.915000000000000000e+02	0.000000000000000000e+00	0.000000000000000000e+00	0.000000000000000000e+00	0.000000000000000000e+00
1.424908000000000108e+01	1.325001000000000140e+01	1.924799999999999898e+02	0.000000000000000000e+00	0.000000000000000000e+00	0.000000000000000000e+00	0.000000000000000000e+00
1.474908000000000108e+01	1.325001000000000140e+01	1.860800000000000125e+02	0.000000000000000000e+00	0.000000000000000000e+00	0.000000000000000000e+00	0.000000000000000000e+00
1.524908000000000108e+01	1.325001000000000140e+01	1.770999999999999943e+02	0.000000000000000000e+00	0.000000000000000000e+00	0.000000000000000000e+00	0.000000000000000000e+00
1.574907999999999930e+01	1.325001000000000140e+01	1.713799999999999955e+02	0.000000000000000000e+00	0.000000000000000000e+00	0.000000000000000000e+00	0.000000000000000000e+00
1.624908000000000285e+01	1.325001000000000140e+01	1.793400000000000034e+02	0.000000000000000000e+00	0.000000000000000000e+00	0.000000000000000000e+00	0.000000000000000000e+00
1.674908000000000285e+01	1.325001000000000140e+01	1.688000000000000114e+02	0.000000000000000000e+00	0.000000000000000000e+00	0.000000000000000000e+00	0.000000000000000000e+00
1.724908000000000285e+01	1.325001000000000140e+01	1.736999999999999886e+02	0.000000000000000000e+00	0.000000000000000000e+00	0.000000000000000000e+00	0.000000000000000000e+00
1.774908000000000285e+01	1.325001000000000140e+01	1.739399999999999977e+02	0.000000000000000000e+00	0.000000000000000000e+00	0.000000000000000000e+00	0.000000000000000000e+00
1.824908000000000285e+01	1.325001000000000140e+01	1.726599999999999966e+02	0.000000000000000000e+00	0.000000000000000000e+00	0.000000000000000000e+00	0.000000000000000000e+00
1.874908000000000641e+01	1.325001000000000140e+01	1.679199999999999875e+02	0.000000000000000000e+00	0.000000000000000000e+00	0.000000000000000000e+00	0.000000000000000000e+00
1.924908000000000285e+01	1.325001000000000140e+01	1.654399999999999977e+02	0.000000000000000000e+00	0.000000000000000000e+00	0.000000000000000000e+00	0.000000000000000000e+00
1.974908000000000285e+01	1.325001000000000140e+01	1.636800000000000068e+02	0.000000000000000000e+00	0.000000000000000000e+00	0.000000000000000000e+00	0.000000000000000000e+00
1.024907999999999930e+01	1.375001000000000140e+01	6.507999999999999829e+01	0.000000000000000000e+00	0.000000000000000000e+00	0.000000000000000000e+00	0.000000000000000000e+00
1.074907999999999930e+01	1.375001000000000140e+01	9.234000000000000341e+01	0.000000000000000000e+00	0.000000000000000000e+00	0.000000000000000000e+00	0.000000000000000000e+00
1.124907999999999930e+01	1.375001000000000140e+01	1.230799999999999983e+02	0.000000000000000000e+00	0.000000000000000000e+00	0.000000000000000000e+00	0.000000000000000000e+00
1.174907999999999930e+01	1.375001000000000140e+01	1.820999999999999943e+02	0.000000000000000000e+00	0.000000000000000000e+00	0.000000000000000000e+00	0.000000000000000000e+00
1.224907999999999930e+01	1.375001000000000140e+01	1.939799999999999898e+02	0.000000000000000000e+00	0.000000000000000000e+00	0.000000000000000000e+00	0.000000000000000000e+00
1.274907999999999930e+01	1.375001000000000140e+01	1.955399999999999920e+02	0.000000000000000000e+00	0.000000000000000000e+00	0.000000000000000000e+00	0.000000000000000000e+00
1.324908000000000108e+01	1.375001000000000140e+01	1.961399999999999864e+02	0.000000000000000000e+00	0.000000000000000000e+00	0.000000000000000000e+00	0.000000000000000000e+00
1.374908000000000108e+01	1.375001000000000140e+01	1.970800000000000125e+02	0.000000000000000000e+00	0.000000000000000000e+00	0.000000000000000000e+00	0.000000000000000000e+00
1.424908000000000108e+01	1.375001000000000140e+01	1.884799999999999898e+02	0.000000000000000000e+00	0.000000000000000000e+00	0.000000000000000000e+00	0.000000000000000000e+00
1.474908000000000108e+01	1.375001000000000140e+01	1.856200000000000045e+02	0.000000000000000000e+00	0.000000000000000000e+00	0.000000000000000000e+00	0.000000000000000000e+00
1.524908000000000108e+01	1.375001000000000140e+01	1.829399999999999977e+02	0.000000000000000000e+00	0.000000000000000000e+00	0.000000000000000000e+00	0.000000000000000000e+00
1.574907999999999930e+01	1.375001000000000140e+01	1.843400000000000034e+02	0.000000000000000000e+00	0.000000000000000000e+00	0.000000000000000000e+00	0.000000000000000000e+00
1.624908000000000285e+01	1.375001000000000140e+01	1.761999999999999886e+02	0.000000000000000000e+00	0.000000000000000000e+00	0.000000000000000000e+00	0.000000000000000000e+00
1.674908000000000285e+01	1.375001000000000140e+01	1.823799999999999955e+02	0.000000000000000000e+00	0.000000000000000000e+00	0.000000000000000000e+00	0.000000000000000000e+00
1.724908000000000285e+01	1.375001000000000140e+01	1.804600000000000080e+02	0.000000000000000000e+00	0.000000000000000000e+00	0.000000000000000000e+00	0.000000000000000000e+00
1.774908000000000285e+01	1.375001000000000140e+01	1.807599999999999909e+02	0.000000000000000000e+00	0.000000000000000000e+00	0.000000000000000000e+00	0.000000000000000000e+00
1.824908000000000285e+01	1.375001000000000140e+01	1.799000000000000057e+02	0.000000000000000000e+00	0.000000000000000000e+00	0.000000000000000000e+00	0.000000000000000000e+00
1.874908000000000641e+01	1.375001000000000140e+01	1.791599999999999966e+02	0.000000000000000000e+00	0.000000000000000000e+00	0.000000000000000000e+00	0.000000000000000000e+00
1.924908000000000285e+01	1.375001000000000140e+01	1.756200000000000045e+02	0.000000000000000000e+00	0.000000000000000000e+00	0.000000000000000000e+00	0.000000000000000000e+00
1.974908000000000285e+01	1.375001000000000140e+01	1.725200000000000102e+02	0.000000000000000000e+00	0.000000000000000000e+00	0.000000000000000000e+00	0.000000000000000000e+00
1.024907999999999930e+01	1.425001000000000140e+01	5.338000000000000256e+01	0.000000000000000000e+00	0.000000000000000000e+00	0.000000000000000000e+00	0.000000000000000000e+00
1.074907999999999930e+01	1.425001000000000140e+01	8.084000000000000341e+01	0.000000000000000000e+00	0.000000000000000000e+00	0.000000000000000000e+00	0.000000000000000000e+00
1.124907999999999930e+01	1.425001000000000140e+01	1.200999999999999943e+02	0.000000000000000000e+00	0.000000000000000000e+00	0.000000000000000000e+00	0.000000000000000000e+00
1.174907999999999930e+01	1.425001000000000140e+01	1.856599999999999966e+02	0.000000000000000000e+00	0.000000000000000000e+00	0.000000000000000000e+00	0.000000000000000000e+00
1.224907999999999930e+01	1.425001000000000140e+01	1.896999999999999886e+02	0.000000000000000000e+00	0.000000000000000000e+00	0.000000000000000000e+00	0.000000000000000000e+00
1.274907999999999930e+01	1.425001000000000140e+01	1.950999999999999943e+02	0.000000000000000000e+00	0.000000000000000000e+00	0.000000000000000000e+00	0.000000000000000000e+00
1.324908000000000108e+01	1.425001000000000140e+01	1.992800000000000011e+02	0.000000000000000000e+00	0.000000000000000000e+00	0.000000000000000000e+00	0.000000000000000000e+00
1.374908000000000108e+01	1.425001000000000140e+01	2.015399999999999920e+02	0.000000000000000000e+00	0.000000000000000000e+00	0.000000000000000000e+00	0.000000000000000000e+00
1.424908000000000108e+01	1.425001000000000140e+01	1.958600000000000136e+02	0.000000000000000000e+00	0.000000000000000000e+00	0.000000000000000000e+00	0.000000000000000000e+00
1.474908000000000108e+01	1.425001000000000140e+01	1.939799999999999898e+02	0.000000000000000000e+00	0.000000000000000000e+00	0.000000000000000000e+00	0.000000000000000000e+00
1.524908000000000108e+01	1.425001000000000140e+01	1.890999999999999943e+02	0.000000000000000000e+00	0.000000000000000000e+00	0.000000000000000000e+00	0.000000000000000000e+00
1.574907999999999930e+01	1.425001000000000140e+01	1.890000000000000000e+02	0.000000000000000000e+00	0.000000000000000000e+00	0.000000000000000000e+00	0.000000000000000000e+00
1.624908000000000285e+01	1.425001000000000140e+01	1.905000000000000000e+02	0.000000000000000000e+00	0.000000000000000000e+00	0.000000000000000000e+00	0.000000000000000000e+00
1.674908000000000285e+01	1.425001000000000140e+01	1.879199999999999875e+02	0.000000000000000000e+00	0.000000000000000000e+00	0.000000000000000000e+00	0.000000000000000000e+00
1.724908000000000285e+01	1.425001000000000140e+01	1.883799999999999955e+02	0.000000000000000000e+00	0.000000000000000000e+00	0.000000000000000000e+00	0.000000000000000000e+00
1.774908000000000285e+01	1.425001000000000140e+01	1.790200000000000102e+02	0.000000000000000000e+00	0.000000000000000000e+00	0.000000000000000000e+00	0.000000000000000000e+00
1.824908000000000285e+01	1.425001000000000140e+01	1.814399999999999977e+02	0.000000000000000000e+00	0.000000000000000000e+00	0.000000000000000000e+00	0.000000000000000000e+00
1.874908000000000641e+01	1.425001000000000140e+01	1.817400000000000091e+02	0.000000000000000000e+00	0.000000000000000000e+00	0.000000000000000000e+00	0.000000000000000000e+00
1.924908000000000285e+01	1.425001000000000140e+01	1.815999999999999943e+02	0.000000000000000000e+00	0.000000000000000000e+00	0.000000000000000000e+00	0.000000000000000000e+00
1.974908000000000285e+01	1.425001000000000140e+01	1.757400000000000091e+02	0.000000000000000000e+00	0.000000000000000000e+00	0.000000000000000000e+00	0.000000000000000000e+00
1.024907999999999930e+01	1.475001000000000140e+01	5.152000000000000313e+01	0.000000000000000000e+00	0.000000000000000000e+00	0.000000000000000000e+00	0.000000000000000000e+00
1.074907999999999930e+01	1.475001000000000140e+01	7.804000000000000625e+01	0.000000000000000000e+00	0.000000000000000000e+00	0.000000000000000000e+00	0.000000000000000000e+00
1.124907999999999930e+01	1.475001000000000140e+01	1.161200000000000045e+02	0.000000000000000000e+00	0.000000000000000000e+00	0.000000000000000000e+00	0.000000000000000000e+00
1.174907999999999930e+01	1.475001000000000140e+01	1.830999999999999943e+02	0.000000000000000000e+00	0.000000000000000000e+00	0.000000000000000000e+00	0.000000000000000000e+00
1.224907999999999930e+01	1.475001000000000140e+01	1.884799999999999898e+02	0.000000000000000000e+00	0.000000000000000000e+00	0.000000000000000000e+00	0.000000000000000000e+00
1.274907999999999930e+01	1.475001000000000140e+01	1.948400000000000034e+02	0.000000000000000000e+00	0.000000000000000000e+00	0.000000000000000000e+00	0.000000000000000000e+00
1.324908000000000108e+01	1.475001000000000140e+01	2.012400000000000091e+02	0.000000000000000000e+00	0.000000000000000000e+00	0.000000000000000000e+00	0.000000000000000000e+00
1.374908000000000108e+01	1.475001000000000140e+01	1.972599999999999909e+02	0.000000000000000000e+00	0.000000000000000000e+00	0.000000000000000000e+00	0.000000000000000000e+00
1.424908000000000108e+01	1.475001000000000140e+01	1.990000000000000000e+02	0.000000000000000000e+00	0.000000000000000000e+00	0.000000000000000000e+00	0.000000000000000000e+00
1.474908000000000108e+01	1.475001000000000140e+01	2.000999999999999943e+02	0.000000000000000000e+00	0.000000000000000000e+00	0.000000000000000000e+00	0.000000000000000000e+00
1.524908000000000108e+01	1.475001000000000140e+01	2.009600000000000080e+02	0.000000000000000000e+00	0.000000000000000000e+00	0.000000000000000000e+00	0.000000000000000000e+00
1.574907999999999930e+01	1.475001000000000140e+01	2.076800000000000068e+02	0.000000000000000000e+00	0.000000000000000000e+00	0.000000000000000000e+00	0.000000000000000000e+00
1.624908000000000285e+01	1.475001000000000140e+01	2.053600000000000136e+02	0.000000000000000000e+00	0.000000000000000000e+00	0.000000000000000000e+00	0.000000000000000000e+00
1.674908000000000285e+01	1.475001000000000140e+01	1.899600000000000080e+02	0.000000000000000000e+00	0.000000000000000000e+00	0.000000000000000000e+00	0.000000000000000000e+00
1.724908000000000285e+01	1.475001000000000140e+01	1.874199999999999875e+02	0.000000000000000000e+00	0.000000000000000000e+00	0.000000000000000000e+00	0.000000000000000000e+00
1.774908000000000285e+01	1.475001000000000140e+01	1.858000000000000114e+02	0.000000000000000000e+00	0.000000000000000000e+00	0.000000000000000000e+00	0.000000000000000000e+00
1.824908000000000285e+01	1.475001000000000140e+01	1.820800000000000125e+02	0.000000000000000000e+00	0.000000000000000000e+00	0.000000000000000000e+00	0.000000000000000000e+00
1.874908000000000641e+01	1.475001000000000140e+01	1.820200000000000102e+02	0.000000000000000000e+00	0.000000000000000000e+00	0.000000000000000000e+00	0.000000000000000000e+00
1.924908000000000285e+01	1.475001000000000140e+01	1.790600000000000023e+02	0.000000000000000000e+00	0.000000000000000000e+00	0.000000000000000000e+00	0.000000000000000000e+00
1.974908000000000285e+01	1.475001000000000140e+01	1.738199999999999932e+02	0.000000000000000000e+00	0.000000000000000000e+00	0.000000000000000000e+00	0.000000000000000000e+00
1.024907999999999930e+01	1.525001000000000140e+01	5.178000000000000114e+01	0.000000000000000000e+00	0.000000000000000000e+00	0.000000000000000000e+00	0.000000000000000000e+00
1.074907999999999930e+01	1.525001000000000140e+01	7.785999999999999943e+01	0.000000000000000000e+00	0.000000000000000000e+00	0.000000000000000000e+00	0.000000000000000000e+00
1.124907999999999930e+01	1.525001000000000140e+01	1.178799999999999955e+02	0.000000000000000000e+00	0.000000000000000000e+00	0.000000000000000000e+00	0.000000000000000000e+00
1.174907999999999930e+01	1.525001000000000140e+01	1.734000000000000057e+02	0.000000000000000000e+00	0.000000000000000000e+00	0.000000000000000000e+00	0.000000000000000000e+00
1.224907999999999930e+01	1.525001000000000140e+01	1.926599999999999966e+02	0.000000000000000000e+00	0.000000000000000000e+00	0.000000000000000000e+00	0.000000000000000000e+00
1.274907999999999930e+01	1.525001000000000140e+01	1.964799999999999898e+02	0.000000000000000000e+00	0.000000000000000000e+00	0.000000000000000000e+00	0.000000000000000000e+00
1.324908000000000108e+01	1.525001000000000140e+01	1.936999999999999886e+02	0.000000000000000000e+00	0.000000000000000000e+00	0.000000000000000000e+00	0.000000000000000000e+00
1.374908000000000108e+01	1.525001000000000140e+01	1.978000000000000114e+02	0.000000000000000000e+00	0.000000000000000000e+00	0.000000000000000000e+00	0.000000000000000000e+00
1.424908000000000108e+01	1.525001000000000140e+01	2.009000000000000057e+02	0.000000000000000000e+00	0.000000000000000000e+00	0.000000000000000000e+00	0.000000000000000000e+00
1.474908000000000108e+01	1.525001000000000140e+01	2.094199999999999875e+02	0.000000000000000000e+00	0.000000000000000000e+00	0.000000000000000000e+00	0.000000000000000000e+00
1.524908000000000108e+01	1.525001000000000140e+01	2.172199999999999989e+02	0.000000000000000000e+00	0.000000000000000000e+00	0.000000000000000000e+00	0.000000000000000000e+00
1.574907999999999930e+01	1.525001000000000140e+01	2.245600000000000023e+02	0.000000000000000000e+00	0.000000000000000000e+00	0.000000000000000000e+00	0.000000000000000000e+00
1.624908000000000285e+01	1.525001000000000140e+01	2.210600000000000023e+02	0.000000000000000000e+00	0.000000000000000000e+00	0.000000000000000000e+00	0.000000000000000000e+00
1.674908000000000285e+01	1.525001000000000140e+01	1.914199999999999875e+02	0.000000000000000000e+00	0.000000000000000000e+00	0.000000000000000000e+00	0.000000000000000000e+00
1.724908000000000285e+01	1.525001000000000140e+01	1.879000000000000057e+02	0.000000000000000000e+00	0.000000000000000000e+00	0.000000000000000000e+00	0.000000000000000000e+00
1.774908000000000285e+01	1.525001000000000140e+01	1.870600000000000023e+02	0.000000000000000000e+00	0.000000000000000000e+00	0.000000000000000000e+00	0.000000000000000000e+00
1.824908000000000285e+01	1.525001000000000140e+01	1.860999999999999943e+02	0.000000000000000000e+00	0.000000000000000000e+00	0.000000000000000000e+00	0.000000000000000000e+00
1.874908000000000641e+01	1.525001000000000140e+01	1.748799999999999955e+02	0.000000000000000000e+00	0.000000000000000000e+00	0.000000000000000000e+00	0.000000000000000000e+00
1.924908000000000285e+01	1.525001000000000140e+01	1.771800000000000068e+02	0.000000000000000000e+00	0.000000000000000000e+00	0.000000000000000000e+00	0.000000000000000000e+00
1.974908000000000285e+01	1.525001000000000140e+01	1.768600000000000136e+02	0.000000000000000000e+00	0.000000000000000000e+00	0.000000000000000000e+00	0.000000000000000000e+00
1.024907999999999930e+01	1.575001000000000495e+01	5.014000000000000057e+01	0.000000000000000000e+00	0.000000000000000000e+00	0.000000000000000000e+00	0.000000000000000000e+00
1.074907999999999930e+01	1.575001000000000495e+01	7.721999999999999886e+01	0.000000000000000000e+00	0.000000000000000000e+00	0.000000000000000000e+00	0.000000000000000000e+00
1.124907999999999930e+01	1.575001000000000495e+01	1.131200000000000045e+02	0.000000000000000000e+00	0.000000000000000000e+00	0.000000000000000000e+00	0.000000000000000000e+00
1.174907999999999930e+01	1.575001000000000495e+01	1.760200000000000102e+02	0.000000000000000000e+00	0.000000000000000000e+00	0.000000000000000000e+00	0.000000000000000000e+00
1.224907999999999930e+01	1.575001000000000495e+01	1.846599999999999966e+02	0.000000000000000000e+00	0.000000000000000000e+00	0.000000000000000000e+00	0.000000000000000000e+00
1.274907999999999930e+01	1.575001000000000495e+01	1.915600000000000023e+02	0.000000000000000000e+00	0.000000000000000000e+00	0.000000000000000000e+00	0.000000000000000000e+00
1.324908000000000108e+01	1.575001000000000495e+01	1.977199999999999989e+02	0.000000000000000000e+00	0.000000000000000000e+00	0.000000000000000000e+00	0.000000000000000000e+00
1.374908000000000108e+01	1.575001000000000495e+01	1.919399999999999977e+02	0.000000000000000000e+00	0.000000000000000000e+00	0.000000000000000000e+00	0.000000000000000000e+00
1.424908000000000108e+01	1.575001000000000495e+01	1.958600000000000136e+02	0.000000000000000000e+00	0.000000000000000000e+00	0.000000000000000000e+00	0.000000000000000000e+00
1.474908000000000108e+01	1.575001000000000495e+01	1.939600000000000080e+02	0.000000000000000000e+00	0.000000000000000000e+00	0.000000000000000000e+00	0.000000000000000000e+00
1.524908000000000108e+01	1.575001000000000495e+01	2.185399999999999920e+02	0.000000000000000000e+00	0.000000000000000000e+00	0.000000000000000000e+00	0.000000000000000000e+00
1.574907999999999930e+01	1.575001000000000495e+01	2.260200000000000102e+02	0.000000000000000000e+00	0.000000000000000000e+00	0.000000000000000000e+00	0.000000000000000000e+00
1.624908000000000285e+01	1.575001000000000495e+01	2.211200000000000045e+02	0.000000000000000000e+00	0.000000000000000000e+00	0.000000000000000000e+00	0.000000000000000000e+00
1.674908000000000285e+01	1.575001000000000495e+01	1.923199999999999932e+02	0.000000000000000000e+00	0.000000000000000000e+00	0.000000000000000000e+00	0.000000000000000000e+00
1.724908000000000285e+01	1.575001000000000495e+01	1.860200000000000102e+02	0.000000000000000000e+00	0.000000000000000000e+00	0.000000000000000000e+00	0.000000000000000000e+00
1.774908000000000285e+01	1.575001000000000495e+01	1.858400000000000034e+02	0.000000000000000000e+00	0.000000000000000000e+00	0.000000000000000000e+00	0.000000000000000000e+00
1.824908000000000285e+01	1.575001000000000495e+01	1.768799999999999955e+02	0.000000000000000000e+00	0.000000000000000000e+00	0.000000000000000000e+00	0.000000000000000000e+00
1.874908000000000641e+01	1.575001000000000495e+01	1.791800000000000068e+02	0.000000000000000000e+00	0.000000000000000000e+00	0.000000000000000000e+00	0.000000000000000000e+00
1.924908000000000285e+01	1.575001000000000495e+01	1.777800000000000011e+02	0.000000000000000000e+00	0.000000000000000000e+00	0.000000000000000000e+00	0.000000000000000000e+00
1.974908000000000285e+01	1.575001000000000495e+01	1.702599999999999909e+02	0.000000000000000000e+00	0.000000000000000000e+00	0.000000000000000000e+00	0.000000000000000000e+00
1.024907999999999930e+01	1.625001000000000317e+01	4.938000000000000256e+01	0.000000000000000000e+00	0.000000000000000000e+00	0.000000000000000000e+00	0.000000000000000000e+00
1.074907999999999930e+01	1.625001000000000317e+01	7.600000000000000000e+01	0.000000000000000000e+00	0.000000000000000000e+00	0.000000000000000000e+00	0.000000000000000000e+00
1.124907999999999930e+01	1.625001000000000317e+01	1.160000000000000000e+02	0.000000000000000000e+00	0.000000000000000000e+00	0.000000000000000000e+00	0.000000000000000000e+00
1.174907999999999930e+01	1.625001000000000317e+01	1.777400000000000091e+02	0.000000000000000000e+00	0.000000000000000000e+00	0.000000000000000000e+00	0.000000000000000000e+00
1.224907999999999930e+01	1.625001000000000317e+01	1.871399999999999864e+02	0.000000000000000000e+00	0.000000000000000000e+00	0.000000000000000000e+00	0.000000000000000000e+00
1.274907999999999930e+01	1.625001000000000317e+01	1.884600000000000080e+02	0.000000000000000000e+00	0.000000000000000000e+00	0.000000000000000000e+00	0.000000000000000000e+00
1.324908000000000108e+01	1.625001000000000317e+01	1.886999999999999886e+02	0.000000000000000000e+00	0.000000000000000000e+00	0.000000000000000000e+00	0.000000000000000000e+00
1.374908000000000108e+01	1.625001000000000317e+01	1.874399999999999977e+02	0.000000000000000000e+00	0.000000000000000000e+00	0.000000000000000000e+00	0.000000000000000000e+00
1.424908000000000108e+01	1.625001000000000317e+01	1.849399999999999977e+02	0.000000000000000000e+00	0.000000000000000000e+00	0.000000000000000000e+00	0.000000000000000000e+00
1.474908000000000108e+01	1.625001000000000317e+01	1.905800000000000125e+02	0.000000000000000000e+00	0.000000000000000000e+00	0.000000000000000000e+00	0.000000000000000000e+00
1.524908000000000108e+01	1.625001000000000317e+01	1.972599999999999909e+02	0.000000000000000000e+00	0.000000000000000000e+00	0.000000000000000000e+00	0.000000000000000000e+00
1.574907999999999930e+01	1.625001000000000317e+01	2.234199999999999875e+02	0.000000000000000000e+00	0.000000000000000000e+00	0.000000000000000000e+00	0.000000000000000000e+00
1.624908000000000285e+01	1.625001000000000317e+01	2.142400000000000091e+02	0.000000000000000000e+00	0.000000000000000000e+00	0.000000000000000000e+00	0.000000000000000000e+00
1.674908000000000285e+01	1.625001000000000317e+01	1.876200000000000045e+02	0.000000000000000000e+00	0.000000000000000000e+00	0.000000000000000000e+00	0.000000000000000000e+00
1.724908000000000285e+01	1.625001000000000317e+01	1.846999999999999886e+02	0.000000000000000000e+00	0.000000000000000000e+00	0.000000000000000000e+00	0.000000000000000000e+00
1.774908000000000285e+01	1.625001000000000317e+01	1.806800000000000068e+02	0.000000000000000000e+00	0.000000000000000000e+00	0.000000000000000000e+00	0.000000000000000000e+00
1.824908000000000285e+01	1.625001000000000317e+01	1.814799999999999898e+02	0.000000000000000000e+00	0.000000000000000000e+00	0.000000000000000000e+00	0.000000000000000000e+00
1.874908000000000641e+01	1.625001000000000317e+01	1.783600000000000136e+02	0.000000000000000000e+00	0.000000000000000000e+00	0.000000000000000000e+00	0.000000000000000000e+00
1.924908000000000285e+01	1.625001000000000317e+01	1.752599999999999909e+02	0.000000000000000000e+00	0.000000000000000000e+00	0.000000000000000000e+00	0.000000000000000000e+00
1.974908000000000285e+01	1.625001000000000317e+01	1.714199999999999875e+02	0.000000000000000000e+00	0.000000000000000000e+00	0.000000000000000000e+00	0.000000000000000000e+00
1.024907999999999930e+01	1.675000999999999962e+01	4.935999999999999943e+01	0.000000000000000000e+00	0.000000000000000000e+00	0.000000000000000000e+00	0.000000000000000000e+00
1.074907999999999930e+01	1.675000999999999962e+01	7.521999999999999886e+01	0.000000000000000000e+00	0.000000000000000000e+00	0.000000000000000000e+00	0.000000000000000000e+00
1.124907999999999930e+01	1.675000999999999962e+01	1.167600000000000051e+02	0.000000000000000000e+00	0.000000000000000000e+00	0.000000000000000000e+00	0.000000000000000000e+00
1.174907999999999930e+01	1.675000999999999962e+01	1.711599999999999966e+02	0.000000000000000000e+00	0.000000000000000000e+00	0.000000000000000000e+00	0.000000000000000000e+00
1.224907999999999930e+01	1.675000999999999962e+01	1.775000000000000000e+02	0.000000000000000000e+00	0.000000000000000000e+00	0.000000000000000000e+00	0.000000000000000000e+00
1.274907999999999930e+01	1.675000999999999962e+01	1.808000000000000114e+02	0.000000000000000000e+00	0.000000000000000000e+00	0.000000000000000000e+00	0.000000000000000000e+00
1.324908000000000108e+01	1.675000999999999962e+01	1.869399999999999977e+02	0.000000000000000000e+00	0.000000000000000000e+00	0.000000000000000000e+00	0.000000000000000000e+00
1.374908000000000108e+01	1.675000999999999962e+01	1.841599999999999966e+02	0.000000000000000000e+00	0.000000000000000000e+00	0.000000000000000000e+00	0.000000000000000000e+00
1.424908000000000108e+01	1.675000999999999962e+01	1.849600000000000080e+02	0.000000000000000000e+00	0.000000000000000000e+00	0.000000000000000000e+00	0.000000000000000000e+00
1.474908000000000108e+01	1.675000999999999962e+01	1.844799999999999898e+02	0.000000000000000000e+00	0.000000000000000000e+00	0.000000000000000000e+00	0.000000000000000000e+00
1.524908000000000108e+01	1.675000999999999962e+01	1.822199999999999989e+02	0.000000000000000000e+00	0.000000000000000000e+00	0.000000000000000000e+00	0.000000000000000000e+00
1.574907999999999930e+01	1.675000999999999962e+01	1.850399999999999920e+02	0.000000000000000000e+00	0.000000000000000000e+00	0.000000000000000000e+00	0.000000000000000000e+00
1.624908000000000285e+01	1.675000999999999962e+01	1.829199999999999875e+02	0.000000000000000000e+00	0.000000000000000000e+00	0.000000000000000000e+00	0.000000000000000000e+00
1.674908000000000285e+01	1.675000999999999962e+01	1.832599999999999909e+02	0.000000000000000000e+00	0.000000000000000000e+00	0.000000000000000000e+00	0.000000000000000000e+00
1.724908000000000285e+01	1.675000999999999962e+01	1.775999999999999943e+02	0.000000000000000000e+00	0.000000000000000000e+00	0.000000000000000000e+00	0.000000000000000000e+00
1.774908000000000285e+01	1.675000999999999962e+01	1.782599999999999909e+02	0.000000000000000000e+00	0.000000000000000000e+00	0.000000000000000000e+00	0.000000000000000000e+00
1.824908000000000285e+01	1.675000999999999962e+01	1.775800000000000125e+02	0.000000000000000000e+00	0.000000000000000000e+00	0.000000000000000000e+00	0.000000000000000000e+00
1.874908000000000641e+01	1.675000999999999962e+01	1.753799999999999955e+02	0.000000000000000000e+00	0.000000000000000000e+00	0.000000000000000000e+00	0.000000000000000000e+00
1.924908000000000285e+01	1.675000999999999962e+01	1.702199999999999989e+02	0.000000000000000000e+00	0.000000000000000000e+00	0.000000000000000000e+00	0.000000000000000000e+00
1.974908000000000285e+01	1.675000999999999962e+01	1.695800000000000125e+02	0.000000000000000000e+00	0.000000000000000000e+00	0.000000000000000000e+00	0.000000000000000000e+00
1.024907999999999930e+01	1.725001000000000317e+01	5.007999999999999829e+01	0.000000000000000000e+00	0.000000000000000000e+00	0.000000000000000000e+00	0.000000000000000000e+00
1.074907999999999930e+01	1.725001000000000317e+01	7.735999999999999943e+01	0.000000000000000000e+00	0.000000000000000000e+00	0.000000000000000000e+00	0.000000000000000000e+00
1.124907999999999930e+01	1.725001000000000317e+01	1.165999999999999943e+02	0.000000000000000000e+00	0.000000000000000000e+00	0.000000000000000000e+00	0.000000000000000000e+00
1.174907999999999930e+01	1.725001000000000317e+01	1.732400000000000091e+02	0.000000000000000000e+00	0.000000000000000000e+00	0.000000000000000000e+00	0.000000000000000000e+00
1.224907999999999930e+01	1.725001000000000317e+01	1.803000000000000114e+02	0.000000000000000000e+00	0.000000000000000000e+00	0.000000000000000000e+00	0.000000000000000000e+00
1.274907999999999930e+01	1.725001000000000317e+01	1.804799999999999898e+02	0.000000000000000000e+00	0.000000000000000000e+00	0.000000000000000000e+00	0.000000000000000000e+00
1.324908000000000108e+01	1.725001000000000317e+01	1.871999999999999886e+02	0.000000000000000000e+00	0.000000000000000000e+00	0.000000000000000000e+00	0.000000000000000000e+00
1.374908000000000108e+01	1.725001000000000317e+01	1.839000000000000057e+02	0.000000000000000000e+00	0.000000000000000000e+00	0.000000000000000000e+00	0.000000000000000000e+00
1.424908000000000108e+01	1.725001000000000317e+01	1.848600000000000136e+02	0.000000000000000000e+00	0.000000000000000000e+00	0.000000000000000000e+00	0.000000000000000000e+00
1.474908000000000108e+01	1.725001000000000317e+01	1.769600000000000080e+02	0.000000000000000000e+00	0.000000000000000000e+00	0.000000000000000000e+00	0.000000000000000000e+00
1.524908000000000108e+01	1.725001000000000317e+01	1.834799999999999898e+02	0.000000000000000000e+00	0.000000000000000000e+00	0.000000000000000000e+00	0.000000000000000000e+00
1.574907999999999930e+01	1.725001000000000317e+01	1.822800000000000011e+02	0.000000000000000000e+00	0.000000000000000000e+00	0.000000000000000000e+00	0.000000000000000000e+00
1.624908000000000285e+01	1.725001000000000317e+01	1.785200000000000102e+02	0.000000000000000000e+00	0.000000000000000000e+00	0.000000000000000000e+00	0.000000000000000000e+00
1.674908000000000285e+01	1.725001000000000317e+01	1.743400000000000034e+02	0.000000000000000000e+00	0.000000000000000000e+00	0.000000000000000000e+00	0.000000000000000000e+00
1.724908000000000285e+01	1.725001000000000317e+01	1.768600000000000136e+02	0.000000000000000000e+00	0.000000000000000000e+00	0.000000000000000000e+00	0.000000000000000000e+00
1.774908000000000285e+01	1.725001000000000317e+01	1.781999999999999886e+02	0.000000000000000000e+00	0.000000000000000000e+00	0.000000000000000000e+00	0.000000000000000000e+00
1.824908000000000285e+01	1.725001000000000317e+01	1.789000000000000057e+02	0.000000000000000000e+00	0.000000000000000000e+00	0.000000000000000000e+00	0.000000000000000000e+00
1.874908000000000641e+01	1.725001000000000317e+01	1.756800000000000068e+02	0.000000000000000000e+00	0.000000000000000000e+00	0.000000000000000000e+00	0.000000000000000000e+00
1.924908000000000285e+01	1.725001000000000317e+01	1.695999999999999943e+02	0.000000000000000000e+00	0.000000000000000000e+00	0.000000000000000000e+00	0.000000000000000000e+00
1.974908000000000285e+01	1.725001000000000317e+01	1.653000000000000114e+02	0.000000000000000000e+00	0.000000000000000000e+00	0.000000000000000000e+00	0.000000000000000000e+00
1.024907999999999930e+01	1.775001000000000673e+01	4.293999999999999773e+01	0.000000000000000000e+00	0.000000000000000000e+00	0.000000000000000000e+00	0.000000000000000000e+00
1.074907999999999930e+01	1.775001000000000673e+01	6.962000000000000455e+01	0.000000000000000000e+00	0.000000000000000000e+00	0.000000000000000000e+00	0.000000000000000000e+00
1.124907999999999930e+01	1.775001000000000673e+01	1.130000000000000000e+02	0.000000000000000000e+00	0.000000000000000000e+00	0.000000000000000000e+00	0.000000000000000000e+00
1.174907999999999930e+01	1.775001000000000673e+01	1.596200000000000045e+02	0.000000000000000000e+00	0.000000000000000000e+00	0.000000000000000000e+00	0.000000000000000000e+00
1.224907999999999930e+01	1.775001000000000673e+01	1.704000000000000057e+02	0.000000000000000000e+00	0.000000000000000000e+00	0.000000000000000000e+00	0.000000000000000000e+00
1.274907999999999930e+01	1.775001000000000673e+01	1.697199999999999989e+02	0.000000000000000000e+00	0.000000000000000000e+00	0.000000000000000000e+00	0.000000000000000000e+00
1.324908000000000108e+01	1.775001000000000673e+01	1.729799999999999898e+02	0.000000000000000000e+00	0.000000000000000000e+00	0.000000000000000000e+00	0.000000000000000000e+00
1.374908000000000108e+01	1.775001000000000673e+01	1.760999999999999943e+02	0.000000000000000000e+00	0.000000000000000000e+00	0.000000000000000000e+00	0.000000000000000000e+00
1.424908000000000108e+01	1.775001000000000673e+01	1.712800000000000011e+02	0.000000000000000000e+00	0.000000000000000000e+00	0.000000000000000000e+00	0.000000000000000000e+00
1.474908000000000108e+01	1.775001000000000673e+01	1.686200000000000045e+02	0.000000000000000000e+00	0.000000000000000000e+00	0.000000000000000000e+00	0.000000000000000000e+00
1.524908000000000108e+01	1.775001000000000673e+01	1.624399999999999977e+02	0.000000000000000000e+00	0.000000000000000000e+00	0.000000000000000000e+00	0.000000000000000000e+00
1.574907999999999930e+01	1.775001000000000673e+01	1.630999999999999943e+02	0.000000000000000000e+00	0.000000000000000000e+00	0.000000000000000000e+00	0.000000000000000000e+00
1.624908000000000285e+01	1.775001000000000673e+01	1.732199999999999989e+02	0.000000000000000000e+00	0.000000000000000000e+00	0.000000000000000000e+00	0.000000000000000000e+00
1.674908000000000285e+01	1.775001000000000673e+01	1.708400000000000034e+02	0.000000000000000000e+00	0.000000000000000000e+00	0.000000000000000000e+00	0.000000000000000000e+00
1.724908000000000285e+01	1.775001000000000673e+01	1.667800000000000011e+02	0.000000000000000000e+00	0.000000000000000000e+00	0.000000000000000000e+00	0.000000000000000000e+00
1.774908000000000285e+01	1.775001000000000673e+01	1.719799999999999898e+02	0.000000000000000000e+00	0.000000000000000000e+00	0.000000000000000000e+00	0.000000000000000000e+00
1.824908000000000285e+01	1.775001000000000673e+01	1.739799999999999898e+02	0.000000000000000000e+00	0.000000000000000000e+00	0.000000000000000000e+00	0.000000000000000000e+00
1.874908000000000641e+01	1.775001000000000673e+01	1.690999999999999943e+02	0.000000000000000000e+00	0.000000000000000000e+00	0.000000000000000000e+00	0.000000000000000000e+00
1.924908000000000285e+01	1.775001000000000673e+01	1.633400000000000034e+02	0.000000000000000000e+00	0.000000000000000000e+00	0.000000000000000000e+00	0.000000000000000000e+00
1.974908000000000285e+01	1.775001000000000673e+01	1.624000000000000057e+02	0.000000000000000000e+00	0.000000000000000000e+00	0.000000000000000000e+00	0.000000000000000000e+00
1.024907999999999930e+01	1.825001000000000317e+01	3.335999999999999943e+01	0.000000000000000000e+00	0.000000000000000000e+00	0.000000000000000000e+00	0.000000000000000000e+00
1.074907999999999930e+01	1.825001000000000317e+01	6.170000000000000284e+01	0.000000000000000000e+00	0.000000000000000000e+00	0.000000000000000000e+00	0.000000000000000000e+00
1.124907999999999930e+01	1.825001000000000317e+01	1.027199999999999989e+02	0.000000000000000000e+00	0.000000000000000000e+00	0.000000000000000000e+00	0.000000000000000000e+00
1.174907999999999930e+01	1.825001000000000317e+01	1.511200000000000045e+02	0.000000000000000000e+00	0.000000000000000000e+00	0.000000000000000000e+00	0.000000000000000000e+00
1.224907999999999930e+01	1.825001000000000317e+01	1.711800000000000068e+02	0.000000000000000000e+00	0.000000000000000000e+00	0.000000000000000000e+00	0.000000000000000000e+00
1.274907999999999930e+01	1.825001000000000317e+01	1.708400000000000034e+02	0.000000000000000000e+00	0.000000000000000000e+00	0.000000000000000000e+00	0.000000000000000000e+00
1.324908000000000108e+01	1.825001000000000317e+01	1.735999999999999943e+02	0.000000000000000000e+00	0.000000000000000000e+00	0.000000000000000000e+00	0.000000000000000000e+00
1.374908000000000108e+01	1.825001000000000317e+01	1.750000000000000000e+02	0.000000000000000000e+00	0.000000000000000000e+00	0.000000000000000000e+00	0.000000000000000000e+00
1.424908000000000108e+01	1.825001000000000317e+01	1.711999999999999886e+02	0.000000000000000000e+00	0.000000000000000000e+00	0.000000000000000000e+00	0.000000000000000000e+00
1.474908000000000108e+01	1.825001000000000317e+01	1.736399999999999864e+02	0.000000000000000000e+00	0.000000000000000000e+00	0.000000000000000000e+00	0.000000000000000000e+00
1.524908000000000108e+01	1.825001000000000317e+01	1.721599999999999966e+02	0.000000000000000000e+00	0.000000000000000000e+00	0.000000000000000000e+00	0.000000000000000000e+00
1.574907999999999930e+01	1.825001000000000317e+01	1.748400000000000034e+02	0.000000000000000000e+00	0.000000000000000000e+00	0.000000000000000000e+00	0.000000000000000000e+00
1.624908000000000285e+01	1.825001000000000317e+01	1.760200000000000102e+02	0.000000000000000000e+00	0.000000000000000000e+00	0.000000000000000000e+00	0.000000000000000000e+00
1.674908000000000285e+01	1.825001000000000317e+01	1.775399999999999920e+02	0.000000000000000000e+00	0.000000000000000000e+00	0.000000000000000000e+00	0.000000000000000000e+00
1.724908000000000285e+01	1.825001000000000317e+01	1.783600000000000136e+02	0.000000000000000000e+00	0.000000000000000000e+00	0.000000000000000000e+00	0.000000000000000000e+00
1.774908000000000285e+01	1.825001000000000317e+01	1.768000000000000114e+02	0.000000000000000000e+00	0.000000000000000000e+00	0.000000000000000000e+00	0.000000000000000000e+00
1.824908000000000285e+01	1.825001000000000317e+01	1.842599999999999909e+02	0.000000000000000000e+00	0.000000000000000000e+00	0.000000000000000000e+00	0.000000000000000000e+00
1.874908000000000641e+01	1.825001000000000317e+01	1.787599999999999909e+02	0.000000000000000000e+00	0.000000000000000000e+00	0.000000000000000000e+00	0.000000000000000000e+00
1.924908000000000285e+01	1.825001000000000317e+01	1.768400000000000034e+02	0.000000000000000000e+00	0.000000000000000000e+00	0.000000000000000000e+00	0.000000000000000000e+00
1.974908000000000285e+01	1.825001000000000317e+01	1.735200000000000102e+02	0.000000000000000000e+00	0.000000000000000000e+00	0.000000000000000000e+00	0.000000000000000000e+00
1.024907999999999930e+01	1.875001000000000317e+01	2.710000000000000142e+01	0.000000000000000000e+00	0.000000000000000000e+00	0.000000000000000000e+00	0.000000000000000000e+00
1.074907999999999930e+01	1.875001000000000317e+01	4.235999999999999943e+01	0.000000000000000000e+00	0.000000000000000000e+00	0.000000000000000000e+00	0.000000000000000000e+00
1.124907999999999930e+01	1.875001000000000317e+01	7.221999999999999886e+01	0.000000000000000000e+00	0.000000000000000000e+00	0.000000000000000000e+00	0.000000000000000000e+00
1.174907999999999930e+01	1.875001000000000317e+01	1.201599999999999966e+02	0.000000000000000000e+00	0.000000000000000000e+00	0.000000000000000000e+00	0.000000000000000000e+00
1.224907999999999930e+01	1.875001000000000317e+01	1.426399999999999864e+02	0.000000000000000000e+00	0.000000000000000000e+00	0.000000000000000000e+00	0.000000000000000000e+00
1.274907999999999930e+01	1.875001000000000317e+01	1.427199999999999989e+02	0.000000000000000000e+00	0.000000000000000000e+00	0.000000000000000000e+00	0.000000000000000000e+00
1.324908000000000108e+01	1.875001000000000317e+01	1.341599999999999966e+02	0.000000000000000000e+00	0.000000000000000000e+00	0.000000000000000000e+00	0.000000000000000000e+00
1.374908000000000108e+01	1.875001000000000317e+01	1.306399999999999864e+02	0.000000000000000000e+00	0.000000000000000000e+00	0.000000000000000000e+00	0.000000000000000000e+00
1.424908000000000108e+01	1.875001000000000317e+01	1.232000000000000028e+02	0.000000000000000000e+00	0.000000000000000000e+00	0.000000000000000000e+00	0.000000000000000000e+00
1.474908000000000108e+01	1.875001000000000317e+01	1.315200000000000102e+02	0.000000000000000000e+00	0.000000000000000000e+00	0.000000000000000000e+00	0.000000000000000000e+00
1.524908000000000108e+01	1.875001000000000317e+01	1.310000000000000000e+02	0.000000000000000000e+00	0.000000000000000000e+00	0.000000000000000000e+00	0.000000000000000000e+00
1.574907999999999930e+01	1.875001000000000317e+01	1.240799999999999983e+02	0.000000000000000000e+00	0.000000000000000000e+00	0.000000000000000000e+00	0.000000000000000000e+00
1.624908000000000285e+01	1.875001000000000317e+01	1.277999999999999972e+02	0.000000000000000000e+00	0.000000000000000000e+00	0.000000000000000000e+00	0.000000000000000000e+00
1.674908000000000285e+01	1.875001000000000317e+01	1.471399999999999864e+02	0.000000000000000000e+00	0.000000000000000000e+00	0.000000000000000000e+00	0.000000000000000000e+00
1.724908000000000285e+01	1.875001000000000317e+01	1.451800000000000068e+02	0.000000000000000000e+00	0.000000000000000000e+00	0.000000000000000000e+00	0.000000000000000000e+00
1.774908000000000285e+01	1.875001000000000317e+01	1.544399999999999977e+02	0.000000000000000000e+00	0.000000000000000000e+00	0.000000000000000000e+00	0.000000000000000000e+00
1.824908000000000285e+01	1.875001000000000317e+01	1.605399999999999920e+02	0.000000000000000000e+00	0.000000000000000000e+00	0.000000000000000000e+00	0.000000000000000000e+00
1.874908000000000641e+01	1.875001000000000317e+01	1.576200000000000045e+02	0.000000000000000000e+00	0.000000000000000000e+00	0.000000000000000000e+00	0.000000000000000000e+00
1.924908000000000285e+01	1.875001000000000317e+01	1.618400000000000034e+02	0.000000000000000000e+00	0.000000000000000000e+00	0.000000000000000000e+00	0.000000000000000000e+00
1.974908000000000285e+01	1.875001000000000317e+01	1.606999999999999886e+02	0.000000000000000000e+00	0.000000000000000000e+00	0.000000000000000000e+00	0.000000000000000000e+00
1.024907999999999930e+01	1.925001000000000317e+01	2.169999999999999929e+01	0.000000000000000000e+00	0.000000000000000000e+00	0.000000000000000000e+00	0.000000000000000000e+00
1.074907999999999930e+01	1.925001000000000317e+01	3.396000000000000085e+01	0.000000000000000000e+00	0.000000000000000000e+00	0.000000000000000000e+00	0.000000000000000000e+00
1.124907999999999930e+01	1.925001000000000317e+01	4.388000000000000256e+01	0.000000000000000000e+00	0.000000000000000000e+00	0.000000000000000000e+00	0.000000000000000000e+00
1.174907999999999930e+01	1.925001000000000317e+01	5.878000000000000114e+01	0.000000000000000000e+00	0.000000000000000000e+00	0.000000000000000000e+00	0.000000000000000000e+00
1.224907999999999930e+01	1.925001000000000317e+01	6.604000000000000625e+01	0.000000000000000000e+00	0.000000000000000000e+00	0.000000000000000000e+00	0.000000000000000000e+00
1.274907999999999930e+01	1.925001000000000317e+01	6.481999999999999318e+01	0.000000000000000000e+00	0.000000000000000000e+00	0.000000000000000000e+00	0.000000000000000000e+00
1.324908000000000108e+01	1.925001000000000317e+01	6.487999999999999545e+01	0.000000000000000000e+00	0.000000000000000000e+00	0.000000000000000000e+00	0.000000000000000000e+00
1.374908000000000108e+01	1.925001000000000317e+01	6.568000000000000682e+01	0.000000000000000000e+00	0.000000000000000000e+00	0.000000000000000000e+00	0.000000000000000000e+00
1.424908000000000108e+01	1.925001000000000317e+01	6.590000000000000568e+01	0.000000000000000000e+00	0.000000000000000000e+00	0.000000000000000000e+00	0.000000000000000000e+00
1.474908000000000108e+01	1.925001000000000317e+01	6.812000000000000455e+01	0.000000000000000000e+00	0.000000000000000000e+00	0.000000000000000000e+00	0.000000000000000000e+00
1.524908000000000108e+01	1.925001000000000317e+01	7.081999999999999318e+01	0.000000000000000000e+00	0.000000000000000000e+00	0.000000000000000000e+00	0.000000000000000000e+00
1.574907999999999930e+01	1.925001000000000317e+01	7.368000000000000682e+01	0.000000000000000000e+00	0.000000000000000000e+00	0.000000000000000000e+00	0.000000000000000000e+00
1.624908000000000285e+01	1.925001000000000317e+01	7.735999999999999943e+01	0.000000000000000000e+00	0.000000000000000000e+00	0.000000000000000000e+00	0.000000000000000000e+00
1.674908000000000285e+01	1.925001000000000317e+01	7.935999999999999943e+01	0.000000000000000000e+00	0.000000000000000000e+00	0.000000000000000000e+00	0.000000000000000000e+00
1.724908000000000285e+01	1.925001000000000317e+01	8.243999999999999773e+01	0.000000000000000000e+00	0.000000000000000000e+00	0.000000000000000000e+00	0.000000000000000000e+00
1.774908000000000285e+01	1.925001000000000317e+01	8.578000000000000114e+01	0.000000000000000000e+00	0.000000000000000000e+00	0.000000000000000000e+00	0.000000000000000000e+00
1.824908000000000285e+01	1.925001000000000317e+01	8.854000000000000625e+01	0.000000000000000000e+00	0.000000000000000000e+00	0.000000000000000000e+00	0.000000000000000000e+00
1.874908000000000641e+01	1.925001000000000317e+01	8.935999999999999943e+01	0.000000000000000000e+00	0.000000000000000000e+00	0.000000000000000000e+00	0.000000000000000000e+00
1.924908000000000285e+01	1.925001000000000317e+01	9.062000000000000455e+01	0.000000000000000000e+00	0.000000000000000000e+00	0.000000000000000000e+00	0.000000000000000000e+00
1.974908000000000285e+01	1.925001000000000317e+01	9.278000000000000114e+01	0.000000000000000000e+00	0.000000000000000000e+00	0.000000000000000000e+00	0.000000000000000000e+00
1.024907999999999930e+01	1.975001000000000673e+01	1.511999999999999922e+01	0.000000000000000000e+00	0.000000000000000000e+00	0.000000000000000000e+00	0.000000000000000000e+00
1.074907999999999930e+01	1.975001000000000673e+01	1.757999999999999829e+01	0.000000000000000000e+00	0.000000000000000000e+00	0.000000000000000000e+00	0.000000000000000000e+00
1.124907999999999930e+01	1.975001000000000673e+01	1.917999999999999972e+01	0.000000000000000000e+00	0.000000000000000000e+00	0.000000000000000000e+00	0.000000000000000000e+00
1.174907999999999930e+01	1.975001000000000673e+01	2.021999999999999886e+01	0.000000000000000000e+00	0.000000000000000000e+00	0.000000000000000000e+00	0.000000000000000000e+00
1.224907999999999930e+01	1.975001000000000673e+01	2.283999999999999986e+01	0.000000000000000000e+00	0.000000000000000000e+00	0.000000000000000000e+00	0.000000000000000000e+00
1.274907999999999930e+01	1.975001000000000673e+01	2.448000000000000043e+01	0.000000000000000000e+00	0.000000000000000000e+00	0.000000000000000000e+00	0.000000000000000000e+00
1.324908000000000108e+01	1.975001000000000673e+01	2.439999999999999858e+01	0.000000000000000000e+00	0.000000000000000000e+00	0.000000000000000000e+00	0.000000000000000000e+00
1.374908000000000108e+01	1.975001000000000673e+01	2.592000000000000171e+01	0.000000000000000000e+00	0.000000000000000000e+00	0.000000000000000000e+00	0.000000000000000000e+00
1.424908000000000108e+01	1.975001000000000673e+01	2.582000000000000028e+01	0.000000000000000000e+00	0.000000000000000000e+00	0.000000000000000000e+00	0.000000000000000000e+00
1.474908000000000108e+01	1.975001000000000673e+01	2.714000000000000057e+01	0.000000000000000000e+00	0.000000000000000000e+00	0.000000000000000000e+00	0.000000000000000000e+00
1.524908000000000108e+01	1.975001000000000673e+01	3.076000000000000156e+01	0.000000000000000000e+00	0.000000000000000000e+00	0.000000000000000000e+00	0.000000000000000000e+00
1.574907999999999930e+01	1.975001000000000673e+01	3.210000000000000142e+01	0.000000000000000000e+00	0.000000000000000000e+00	0.000000000000000000e+00	0.000000000000000000e+00
1.624908000000000285e+01	1.975001000000000673e+01	3.148000000000000043e+01	0.000000000000000000e+00	0.000000000000000000e+00	0.000000000000000000e+00	0.000000000000000000e+00
1.674908000000000285e+01	1.975001000000000673e+01	3.346000000000000085e+01	0.000000000000000000e+00	0.000000000000000000e+00	0.000000000000000000e+00	0.000000000000000000e+00
1.724908000000000285e+01	1.975001000000000673e+01	3.461999999999999744e+01	0.000000000000000000e+00	0.000000000000000000e+00	0.000000000000000000e+00	0.000000000000000000e+00
1.774908000000000285e+01	1.975001000000000673e+01	3.546000000000000085e+01	0.000000000000000000e+00	0.000000000000000000e+00	0.000000000000000000e+00	0.000000000000000000e+00
1.824908000000000285e+01	1.975001000000000673e+01	3.800000000000000000e+01	0.000000000000000000e+00	0.000000000000000000e+00	0.000000000000000000e+00	0.000000000000000000e+00
1.874908000000000641e+01	1.975001000000000673e+01	3.578000000000000114e+01	0.000000000000000000e+00	0.000000000000000000e+00	0.000000000000000000e+00	0.000000000000000000e+00
1.924908000000000285e+01	1.975001000000000673e+01	3.784000000000000341e+01	0.000000000000000000e+00	0.000000000000000000e+00	0.000000000000000000e+00	0.000000000000000000e+00
1.974908000000000285e+01	1.975001000000000673e+01	3.864000000000000057e+01	0.000000000000000000e+00	0.000000000000000000e+00	0.000000000000000000e+00	0.000000000000000000e+00
