#Date: 2024-12-02 14:04:45
#Total scanning time: 485.33188676834106
#Scan direction: X
#X range: 10.248879999999998 - 19.748880000000003 um
#Y range: 10.25001 - 19.750010000000007 um
#X pixels: 20, pixelsize: 5e-07 um
#Y pixels: 20, pixelsize: 5e-07 um
#Integration time per pixel: 0.05 ms
#Columns: X [um], Y [um], counts, freq_center, fwhm, contrast, sensitivity
1.024887999999999799e+01	1.025000999999999962e+01	3.356600000000000250e+01	0.000000000000000000e+00	0.000000000000000000e+00	0.000000000000000000e+00	0.000000000000000000e+00
1.074887999999999799e+01	1.025000999999999962e+01	4.479200000000000159e+01	0.000000000000000000e+00	0.000000000000000000e+00	0.000000000000000000e+00	0.000000000000000000e+00
1.124887999999999799e+01	1.025000999999999962e+01	5.725000000000000000e+01	0.000000000000000000e+00	0.000000000000000000e+00	0.000000000000000000e+00	0.000000000000000000e+00
1.174887999999999977e+01	1.025000999999999962e+01	6.348199999999999932e+01	0.000000000000000000e+00	0.000000000000000000e+00	0.000000000000000000e+00	0.000000000000000000e+00
1.224887999999999977e+01	1.025000999999999962e+01	6.870000000000000284e+01	0.000000000000000000e+00	0.000000000000000000e+00	0.000000000000000000e+00	0.000000000000000000e+00
1.274887999999999977e+01	1.025000999999999962e+01	7.365200000000000102e+01	0.000000000000000000e+00	0.000000000000000000e+00	0.000000000000000000e+00	0.000000000000000000e+00
1.324887999999999977e+01	1.025000999999999962e+01	7.978400000000000603e+01	0.000000000000000000e+00	0.000000000000000000e+00	0.000000000000000000e+00	0.000000000000000000e+00
1.374887999999999977e+01	1.025000999999999962e+01	8.765399999999999636e+01	0.000000000000000000e+00	0.000000000000000000e+00	0.000000000000000000e+00	0.000000000000000000e+00
1.424887999999999977e+01	1.025000999999999962e+01	8.779399999999999693e+01	0.000000000000000000e+00	0.000000000000000000e+00	0.000000000000000000e+00	0.000000000000000000e+00
1.474888000000000154e+01	1.025000999999999962e+01	8.607399999999999807e+01	0.000000000000000000e+00	0.000000000000000000e+00	0.000000000000000000e+00	0.000000000000000000e+00
1.524888000000000154e+01	1.025000999999999962e+01	7.976200000000000045e+01	0.000000000000000000e+00	0.000000000000000000e+00	0.000000000000000000e+00	0.000000000000000000e+00
1.574887999999999977e+01	1.025000999999999962e+01	7.659600000000000364e+01	0.000000000000000000e+00	0.000000000000000000e+00	0.000000000000000000e+00	0.000000000000000000e+00
1.624887999999999977e+01	1.025000999999999962e+01	7.181600000000000250e+01	0.000000000000000000e+00	0.000000000000000000e+00	0.000000000000000000e+00	0.000000000000000000e+00
1.674888000000000332e+01	1.025000999999999962e+01	6.826200000000000045e+01	0.000000000000000000e+00	0.000000000000000000e+00	0.000000000000000000e+00	0.000000000000000000e+00
1.724888000000000332e+01	1.025000999999999962e+01	7.252400000000000091e+01	0.000000000000000000e+00	0.000000000000000000e+00	0.000000000000000000e+00	0.000000000000000000e+00
1.774887999999999977e+01	1.025000999999999962e+01	7.426800000000000068e+01	0.000000000000000000e+00	0.000000000000000000e+00	0.000000000000000000e+00	0.000000000000000000e+00
1.824888000000000332e+01	1.025000999999999962e+01	7.168399999999999750e+01	0.000000000000000000e+00	0.000000000000000000e+00	0.000000000000000000e+00	0.000000000000000000e+00
1.874888000000000332e+01	1.025000999999999962e+01	6.995000000000000284e+01	0.000000000000000000e+00	0.000000000000000000e+00	0.000000000000000000e+00	0.000000000000000000e+00
1.924888000000000332e+01	1.025000999999999962e+01	6.730200000000000671e+01	0.000000000000000000e+00	0.000000000000000000e+00	0.000000000000000000e+00	0.000000000000000000e+00
1.974888000000000332e+01	1.025000999999999962e+01	6.357200000000000273e+01	0.000000000000000000e+00	0.000000000000000000e+00	0.000000000000000000e+00	0.000000000000000000e+00
1.024887999999999799e+01	1.075000999999999962e+01	3.240999999999999659e+01	0.000000000000000000e+00	0.000000000000000000e+00	0.000000000000000000e+00	0.000000000000000000e+00
1.074887999999999799e+01	1.075000999999999962e+01	4.029399999999999693e+01	0.000000000000000000e+00	0.000000000000000000e+00	0.000000000000000000e+00	0.000000000000000000e+00
1.124887999999999799e+01	1.075000999999999962e+01	5.565800000000000125e+01	0.000000000000000000e+00	0.000000000000000000e+00	0.000000000000000000e+00	0.000000000000000000e+00
1.174887999999999977e+01	1.075000999999999962e+01	6.813400000000000034e+01	0.000000000000000000e+00	0.000000000000000000e+00	0.000000000000000000e+00	0.000000000000000000e+00
1.224887999999999977e+01	1.075000999999999962e+01	7.447799999999999443e+01	0.000000000000000000e+00	0.000000000000000000e+00	0.000000000000000000e+00	0.000000000000000000e+00
1.274887999999999977e+01	1.075000999999999962e+01	8.023399999999999466e+01	0.000000000000000000e+00	0.000000000000000000e+00	0.000000000000000000e+00	0.000000000000000000e+00
1.324887999999999977e+01	1.075000999999999962e+01	8.781600000000000250e+01	0.000000000000000000e+00	0.000000000000000000e+00	0.000000000000000000e+00	0.000000000000000000e+00
1.374887999999999977e+01	1.075000999999999962e+01	9.756999999999999318e+01	0.000000000000000000e+00	0.000000000000000000e+00	0.000000000000000000e+00	0.000000000000000000e+00
1.424887999999999977e+01	1.075000999999999962e+01	1.017740000000000009e+02	0.000000000000000000e+00	0.000000000000000000e+00	0.000000000000000000e+00	0.000000000000000000e+00
1.474888000000000154e+01	1.075000999999999962e+01	1.008220000000000027e+02	0.000000000000000000e+00	0.000000000000000000e+00	0.000000000000000000e+00	0.000000000000000000e+00
1.524888000000000154e+01	1.075000999999999962e+01	9.744400000000000261e+01	0.000000000000000000e+00	0.000000000000000000e+00	0.000000000000000000e+00	0.000000000000000000e+00
1.574887999999999977e+01	1.075000999999999962e+01	9.103400000000000603e+01	0.000000000000000000e+00	0.000000000000000000e+00	0.000000000000000000e+00	0.000000000000000000e+00
1.624887999999999977e+01	1.075000999999999962e+01	8.796800000000000352e+01	0.000000000000000000e+00	0.000000000000000000e+00	0.000000000000000000e+00	0.000000000000000000e+00
1.674888000000000332e+01	1.075000999999999962e+01	8.249399999999999977e+01	0.000000000000000000e+00	0.000000000000000000e+00	0.000000000000000000e+00	0.000000000000000000e+00
1.724888000000000332e+01	1.075000999999999962e+01	8.181999999999999318e+01	0.000000000000000000e+00	0.000000000000000000e+00	0.000000000000000000e+00	0.000000000000000000e+00
1.774887999999999977e+01	1.075000999999999962e+01	8.691200000000000614e+01	0.000000000000000000e+00	0.000000000000000000e+00	0.000000000000000000e+00	0.000000000000000000e+00
1.824888000000000332e+01	1.075000999999999962e+01	8.603000000000000114e+01	0.000000000000000000e+00	0.000000000000000000e+00	0.000000000000000000e+00	0.000000000000000000e+00
1.874888000000000332e+01	1.075000999999999962e+01	8.429999999999999716e+01	0.000000000000000000e+00	0.000000000000000000e+00	0.000000000000000000e+00	0.000000000000000000e+00
1.924888000000000332e+01	1.075000999999999962e+01	8.256399999999999295e+01	0.000000000000000000e+00	0.000000000000000000e+00	0.000000000000000000e+00	0.000000000000000000e+00
1.974888000000000332e+01	1.075000999999999962e+01	7.743399999999999750e+01	0.000000000000000000e+00	0.000000000000000000e+00	0.000000000000000000e+00	0.000000000000000000e+00
1.024887999999999799e+01	1.125000999999999962e+01	3.360600000000000165e+01	0.000000000000000000e+00	0.000000000000000000e+00	0.000000000000000000e+00	0.000000000000000000e+00
1.074887999999999799e+01	1.125000999999999962e+01	3.714600000000000080e+01	0.000000000000000000e+00	0.000000000000000000e+00	0.000000000000000000e+00	0.000000000000000000e+00
1.124887999999999799e+01	1.125000999999999962e+01	5.357999999999999829e+01	0.000000000000000000e+00	0.000000000000000000e+00	0.000000000000000000e+00	0.000000000000000000e+00
1.174887999999999977e+01	1.125000999999999962e+01	7.686400000000000432e+01	0.000000000000000000e+00	0.000000000000000000e+00	0.000000000000000000e+00	0.000000000000000000e+00
1.224887999999999977e+01	1.125000999999999962e+01	9.330599999999999739e+01	0.000000000000000000e+00	0.000000000000000000e+00	0.000000000000000000e+00	0.000000000000000000e+00
1.274887999999999977e+01	1.125000999999999962e+01	9.461799999999999500e+01	0.000000000000000000e+00	0.000000000000000000e+00	0.000000000000000000e+00	0.000000000000000000e+00
1.324887999999999977e+01	1.125000999999999962e+01	1.057939999999999969e+02	0.000000000000000000e+00	0.000000000000000000e+00	0.000000000000000000e+00	0.000000000000000000e+00
1.374887999999999977e+01	1.125000999999999962e+01	1.266380000000000052e+02	0.000000000000000000e+00	0.000000000000000000e+00	0.000000000000000000e+00	0.000000000000000000e+00
1.424887999999999977e+01	1.125000999999999962e+01	1.476579999999999870e+02	0.000000000000000000e+00	0.000000000000000000e+00	0.000000000000000000e+00	0.000000000000000000e+00
1.474888000000000154e+01	1.125000999999999962e+01	1.501680000000000064e+02	0.000000000000000000e+00	0.000000000000000000e+00	0.000000000000000000e+00	0.000000000000000000e+00
1.524888000000000154e+01	1.125000999999999962e+01	1.473060000000000116e+02	0.000000000000000000e+00	0.000000000000000000e+00	0.000000000000000000e+00	0.000000000000000000e+00
1.574887999999999977e+01	1.125000999999999962e+01	1.388899999999999864e+02	0.000000000000000000e+00	0.000000000000000000e+00	0.000000000000000000e+00	0.000000000000000000e+00
1.624887999999999977e+01	1.125000999999999962e+01	1.318739999999999952e+02	0.000000000000000000e+00	0.000000000000000000e+00	0.000000000000000000e+00	0.000000000000000000e+00
1.674888000000000332e+01	1.125000999999999962e+01	1.245739999999999981e+02	0.000000000000000000e+00	0.000000000000000000e+00	0.000000000000000000e+00	0.000000000000000000e+00
1.724888000000000332e+01	1.125000999999999962e+01	1.204080000000000013e+02	0.000000000000000000e+00	0.000000000000000000e+00	0.000000000000000000e+00	0.000000000000000000e+00
1.774887999999999977e+01	1.125000999999999962e+01	1.240139999999999958e+02	0.000000000000000000e+00	0.000000000000000000e+00	0.000000000000000000e+00	0.000000000000000000e+00
1.824888000000000332e+01	1.125000999999999962e+01	1.296260000000000048e+02	0.000000000000000000e+00	0.000000000000000000e+00	0.000000000000000000e+00	0.000000000000000000e+00
1.874888000000000332e+01	1.125000999999999962e+01	1.289339999999999975e+02	0.000000000000000000e+00	0.000000000000000000e+00	0.000000000000000000e+00	0.000000000000000000e+00
1.924888000000000332e+01	1.125000999999999962e+01	1.253960000000000008e+02	0.000000000000000000e+00	0.000000000000000000e+00	0.000000000000000000e+00	0.000000000000000000e+00
1.974888000000000332e+01	1.125000999999999962e+01	1.210679999999999978e+02	0.000000000000000000e+00	0.000000000000000000e+00	0.000000000000000000e+00	0.000000000000000000e+00
1.024887999999999799e+01	1.175000999999999962e+01	3.378600000000000136e+01	0.000000000000000000e+00	0.000000000000000000e+00	0.000000000000000000e+00	0.000000000000000000e+00
1.074887999999999799e+01	1.175000999999999962e+01	3.459799999999999898e+01	0.000000000000000000e+00	0.000000000000000000e+00	0.000000000000000000e+00	0.000000000000000000e+00
1.124887999999999799e+01	1.175000999999999962e+01	4.721200000000000330e+01	0.000000000000000000e+00	0.000000000000000000e+00	0.000000000000000000e+00	0.000000000000000000e+00
1.174887999999999977e+01	1.175000999999999962e+01	8.256600000000000250e+01	0.000000000000000000e+00	0.000000000000000000e+00	0.000000000000000000e+00	0.000000000000000000e+00
1.224887999999999977e+01	1.175000999999999962e+01	1.151539999999999964e+02	0.000000000000000000e+00	0.000000000000000000e+00	0.000000000000000000e+00	0.000000000000000000e+00
1.274887999999999977e+01	1.175000999999999962e+01	1.145780000000000030e+02	0.000000000000000000e+00	0.000000000000000000e+00	0.000000000000000000e+00	0.000000000000000000e+00
1.324887999999999977e+01	1.175000999999999962e+01	1.165400000000000063e+02	0.000000000000000000e+00	0.000000000000000000e+00	0.000000000000000000e+00	0.000000000000000000e+00
1.374887999999999977e+01	1.175000999999999962e+01	1.411539999999999964e+02	0.000000000000000000e+00	0.000000000000000000e+00	0.000000000000000000e+00	0.000000000000000000e+00
1.424887999999999977e+01	1.175000999999999962e+01	1.836080000000000041e+02	0.000000000000000000e+00	0.000000000000000000e+00	0.000000000000000000e+00	0.000000000000000000e+00
1.474888000000000154e+01	1.175000999999999962e+01	2.013400000000000034e+02	0.000000000000000000e+00	0.000000000000000000e+00	0.000000000000000000e+00	0.000000000000000000e+00
1.524888000000000154e+01	1.175000999999999962e+01	2.038839999999999861e+02	0.000000000000000000e+00	0.000000000000000000e+00	0.000000000000000000e+00	0.000000000000000000e+00
1.574887999999999977e+01	1.175000999999999962e+01	1.979900000000000091e+02	0.000000000000000000e+00	0.000000000000000000e+00	0.000000000000000000e+00	0.000000000000000000e+00
1.624887999999999977e+01	1.175000999999999962e+01	1.867700000000000102e+02	0.000000000000000000e+00	0.000000000000000000e+00	0.000000000000000000e+00	0.000000000000000000e+00
1.674888000000000332e+01	1.175000999999999962e+01	1.773100000000000023e+02	0.000000000000000000e+00	0.000000000000000000e+00	0.000000000000000000e+00	0.000000000000000000e+00
1.724888000000000332e+01	1.175000999999999962e+01	1.749759999999999991e+02	0.000000000000000000e+00	0.000000000000000000e+00	0.000000000000000000e+00	0.000000000000000000e+00
1.774887999999999977e+01	1.175000999999999962e+01	1.769559999999999889e+02	0.000000000000000000e+00	0.000000000000000000e+00	0.000000000000000000e+00	0.000000000000000000e+00
1.824888000000000332e+01	1.175000999999999962e+01	1.823180000000000121e+02	0.000000000000000000e+00	0.000000000000000000e+00	0.000000000000000000e+00	0.000000000000000000e+00
1.874888000000000332e+01	1.175000999999999962e+01	1.919039999999999964e+02	0.000000000000000000e+00	0.000000000000000000e+00	0.000000000000000000e+00	0.000000000000000000e+00
1.924888000000000332e+01	1.175000999999999962e+01	1.921020000000000039e+02	0.000000000000000000e+00	0.000000000000000000e+00	0.000000000000000000e+00	0.000000000000000000e+00
1.974888000000000332e+01	1.175000999999999962e+01	1.908799999999999955e+02	0.000000000000000000e+00	0.000000000000000000e+00	0.000000000000000000e+00	0.000000000000000000e+00
1.024887999999999799e+01	1.225000999999999962e+01	3.339999999999999858e+01	0.000000000000000000e+00	0.000000000000000000e+00	0.000000000000000000e+00	0.000000000000000000e+00
1.074887999999999799e+01	1.225000999999999962e+01	3.320000000000000284e+01	0.000000000000000000e+00	0.000000000000000000e+00	0.000000000000000000e+00	0.000000000000000000e+00
1.124887999999999799e+01	1.225000999999999962e+01	4.050000000000000000e+01	0.000000000000000000e+00	0.000000000000000000e+00	0.000000000000000000e+00	0.000000000000000000e+00
1.174887999999999977e+01	1.225000999999999962e+01	7.101200000000000045e+01	0.000000000000000000e+00	0.000000000000000000e+00	0.000000000000000000e+00	0.000000000000000000e+00
1.224887999999999977e+01	1.225000999999999962e+01	1.160720000000000027e+02	0.000000000000000000e+00	0.000000000000000000e+00	0.000000000000000000e+00	0.000000000000000000e+00
1.274887999999999977e+01	1.225000999999999962e+01	1.260780000000000030e+02	0.000000000000000000e+00	0.000000000000000000e+00	0.000000000000000000e+00	0.000000000000000000e+00
1.324887999999999977e+01	1.225000999999999962e+01	1.244899999999999949e+02	0.000000000000000000e+00	0.000000000000000000e+00	0.000000000000000000e+00	0.000000000000000000e+00
1.374887999999999977e+01	1.225000999999999962e+01	1.481459999999999866e+02	0.000000000000000000e+00	0.000000000000000000e+00	0.000000000000000000e+00	0.000000000000000000e+00
1.424887999999999977e+01	1.225000999999999962e+01	1.883839999999999861e+02	0.000000000000000000e+00	0.000000000000000000e+00	0.000000000000000000e+00	0.000000000000000000e+00
1.474888000000000154e+01	1.225000999999999962e+01	1.934180000000000064e+02	0.000000000000000000e+00	0.000000000000000000e+00	0.000000000000000000e+00	0.000000000000000000e+00
1.524888000000000154e+01	1.225000999999999962e+01	1.940900000000000034e+02	0.000000000000000000e+00	0.000000000000000000e+00	0.000000000000000000e+00	0.000000000000000000e+00
1.574887999999999977e+01	1.225000999999999962e+01	1.923660000000000139e+02	0.000000000000000000e+00	0.000000000000000000e+00	0.000000000000000000e+00	0.000000000000000000e+00
1.624887999999999977e+01	1.225000999999999962e+01	1.898520000000000039e+02	0.000000000000000000e+00	0.000000000000000000e+00	0.000000000000000000e+00	0.000000000000000000e+00
1.674888000000000332e+01	1.225000999999999962e+01	1.835900000000000034e+02	0.000000000000000000e+00	0.000000000000000000e+00	0.000000000000000000e+00	0.000000000000000000e+00
1.724888000000000332e+01	1.225000999999999962e+01	1.810740000000000123e+02	0.000000000000000000e+00	0.000000000000000000e+00	0.000000000000000000e+00	0.000000000000000000e+00
1.774887999999999977e+01	1.225000999999999962e+01	1.798160000000000025e+02	0.000000000000000000e+00	0.000000000000000000e+00	0.000000000000000000e+00	0.000000000000000000e+00
1.824888000000000332e+01	1.225000999999999962e+01	1.748779999999999859e+02	0.000000000000000000e+00	0.000000000000000000e+00	0.000000000000000000e+00	0.000000000000000000e+00
1.874888000000000332e+01	1.225000999999999962e+01	1.767019999999999982e+02	0.000000000000000000e+00	0.000000000000000000e+00	0.000000000000000000e+00	0.000000000000000000e+00
1.924888000000000332e+01	1.225000999999999962e+01	1.774859999999999900e+02	0.000000000000000000e+00	0.000000000000000000e+00	0.000000000000000000e+00	0.000000000000000000e+00
1.974888000000000332e+01	1.225000999999999962e+01	1.762299999999999898e+02	0.000000000000000000e+00	0.000000000000000000e+00	0.000000000000000000e+00	0.000000000000000000e+00
1.024887999999999799e+01	1.275001000000000140e+01	3.331400000000000006e+01	0.000000000000000000e+00	0.000000000000000000e+00	0.000000000000000000e+00	0.000000000000000000e+00
1.074887999999999799e+01	1.275001000000000140e+01	3.265400000000000347e+01	0.000000000000000000e+00	0.000000000000000000e+00	0.000000000000000000e+00	0.000000000000000000e+00
1.124887999999999799e+01	1.275001000000000140e+01	3.507000000000000028e+01	0.000000000000000000e+00	0.000000000000000000e+00	0.000000000000000000e+00	0.000000000000000000e+00
1.174887999999999977e+01	1.275001000000000140e+01	5.291400000000000148e+01	0.000000000000000000e+00	0.000000000000000000e+00	0.000000000000000000e+00	0.000000000000000000e+00
1.224887999999999977e+01	1.275001000000000140e+01	8.833199999999999363e+01	0.000000000000000000e+00	0.000000000000000000e+00	0.000000000000000000e+00	0.000000000000000000e+00
1.274887999999999977e+01	1.275001000000000140e+01	1.113520000000000039e+02	0.000000000000000000e+00	0.000000000000000000e+00	0.000000000000000000e+00	0.000000000000000000e+00
1.324887999999999977e+01	1.275001000000000140e+01	1.251659999999999968e+02	0.000000000000000000e+00	0.000000000000000000e+00	0.000000000000000000e+00	0.000000000000000000e+00
1.374887999999999977e+01	1.275001000000000140e+01	1.310200000000000102e+02	0.000000000000000000e+00	0.000000000000000000e+00	0.000000000000000000e+00	0.000000000000000000e+00
1.424887999999999977e+01	1.275001000000000140e+01	1.665740000000000123e+02	0.000000000000000000e+00	0.000000000000000000e+00	0.000000000000000000e+00	0.000000000000000000e+00
1.474888000000000154e+01	1.275001000000000140e+01	1.945960000000000036e+02	0.000000000000000000e+00	0.000000000000000000e+00	0.000000000000000000e+00	0.000000000000000000e+00
1.524888000000000154e+01	1.275001000000000140e+01	1.911539999999999964e+02	0.000000000000000000e+00	0.000000000000000000e+00	0.000000000000000000e+00	0.000000000000000000e+00
1.574887999999999977e+01	1.275001000000000140e+01	1.932580000000000098e+02	0.000000000000000000e+00	0.000000000000000000e+00	0.000000000000000000e+00	0.000000000000000000e+00
1.624887999999999977e+01	1.275001000000000140e+01	1.918880000000000052e+02	0.000000000000000000e+00	0.000000000000000000e+00	0.000000000000000000e+00	0.000000000000000000e+00
1.674888000000000332e+01	1.275001000000000140e+01	1.885200000000000102e+02	0.000000000000000000e+00	0.000000000000000000e+00	0.000000000000000000e+00	0.000000000000000000e+00
1.724888000000000332e+01	1.275001000000000140e+01	1.831680000000000064e+02	0.000000000000000000e+00	0.000000000000000000e+00	0.000000000000000000e+00	0.000000000000000000e+00
1.774887999999999977e+01	1.275001000000000140e+01	1.782719999999999914e+02	0.000000000000000000e+00	0.000000000000000000e+00	0.000000000000000000e+00	0.000000000000000000e+00
1.824888000000000332e+01	1.275001000000000140e+01	1.808439999999999941e+02	0.000000000000000000e+00	0.000000000000000000e+00	0.000000000000000000e+00	0.000000000000000000e+00
1.874888000000000332e+01	1.275001000000000140e+01	1.786800000000000068e+02	0.000000000000000000e+00	0.000000000000000000e+00	0.000000000000000000e+00	0.000000000000000000e+00
1.924888000000000332e+01	1.275001000000000140e+01	1.772560000000000002e+02	0.000000000000000000e+00	0.000000000000000000e+00	0.000000000000000000e+00	0.000000000000000000e+00
1.974888000000000332e+01	1.275001000000000140e+01	1.792899999999999920e+02	0.000000000000000000e+00	0.000000000000000000e+00	0.000000000000000000e+00	0.000000000000000000e+00
1.024887999999999799e+01	1.325001000000000140e+01	3.074399999999999977e+01	0.000000000000000000e+00	0.000000000000000000e+00	0.000000000000000000e+00	0.000000000000000000e+00
1.074887999999999799e+01	1.325001000000000140e+01	3.048600000000000065e+01	0.000000000000000000e+00	0.000000000000000000e+00	0.000000000000000000e+00	0.000000000000000000e+00
1.124887999999999799e+01	1.325001000000000140e+01	3.083999999999999986e+01	0.000000000000000000e+00	0.000000000000000000e+00	0.000000000000000000e+00	0.000000000000000000e+00
1.174887999999999977e+01	1.325001000000000140e+01	3.888199999999999790e+01	0.000000000000000000e+00	0.000000000000000000e+00	0.000000000000000000e+00	0.000000000000000000e+00
1.224887999999999977e+01	1.325001000000000140e+01	5.753600000000000136e+01	0.000000000000000000e+00	0.000000000000000000e+00	0.000000000000000000e+00	0.000000000000000000e+00
1.274887999999999977e+01	1.325001000000000140e+01	7.783799999999999386e+01	0.000000000000000000e+00	0.000000000000000000e+00	0.000000000000000000e+00	0.000000000000000000e+00
1.324887999999999977e+01	1.325001000000000140e+01	9.911599999999999966e+01	0.000000000000000000e+00	0.000000000000000000e+00	0.000000000000000000e+00	0.000000000000000000e+00
1.374887999999999977e+01	1.325001000000000140e+01	1.166539999999999964e+02	0.000000000000000000e+00	0.000000000000000000e+00	0.000000000000000000e+00	0.000000000000000000e+00
1.424887999999999977e+01	1.325001000000000140e+01	1.369739999999999895e+02	0.000000000000000000e+00	0.000000000000000000e+00	0.000000000000000000e+00	0.000000000000000000e+00
1.474888000000000154e+01	1.325001000000000140e+01	1.815500000000000114e+02	0.000000000000000000e+00	0.000000000000000000e+00	0.000000000000000000e+00	0.000000000000000000e+00
1.524888000000000154e+01	1.325001000000000140e+01	1.948880000000000052e+02	0.000000000000000000e+00	0.000000000000000000e+00	0.000000000000000000e+00	0.000000000000000000e+00
1.574887999999999977e+01	1.325001000000000140e+01	1.964799999999999898e+02	0.000000000000000000e+00	0.000000000000000000e+00	0.000000000000000000e+00	0.000000000000000000e+00
1.624887999999999977e+01	1.325001000000000140e+01	2.001639999999999873e+02	0.000000000000000000e+00	0.000000000000000000e+00	0.000000000000000000e+00	0.000000000000000000e+00
1.674888000000000332e+01	1.325001000000000140e+01	1.971239999999999952e+02	0.000000000000000000e+00	0.000000000000000000e+00	0.000000000000000000e+00	0.000000000000000000e+00
1.724888000000000332e+01	1.325001000000000140e+01	1.912299999999999898e+02	0.000000000000000000e+00	0.000000000000000000e+00	0.000000000000000000e+00	0.000000000000000000e+00
1.774887999999999977e+01	1.325001000000000140e+01	1.841699999999999875e+02	0.000000000000000000e+00	0.000000000000000000e+00	0.000000000000000000e+00	0.000000000000000000e+00
1.824888000000000332e+01	1.325001000000000140e+01	1.846759999999999877e+02	0.000000000000000000e+00	0.000000000000000000e+00	0.000000000000000000e+00	0.000000000000000000e+00
1.874888000000000332e+01	1.325001000000000140e+01	1.873720000000000141e+02	0.000000000000000000e+00	0.000000000000000000e+00	0.000000000000000000e+00	0.000000000000000000e+00
1.924888000000000332e+01	1.325001000000000140e+01	1.815219999999999914e+02	0.000000000000000000e+00	0.000000000000000000e+00	0.000000000000000000e+00	0.000000000000000000e+00
1.974888000000000332e+01	1.325001000000000140e+01	1.827239999999999895e+02	0.000000000000000000e+00	0.000000000000000000e+00	0.000000000000000000e+00	0.000000000000000000e+00
1.024887999999999799e+01	1.375001000000000140e+01	2.912199999999999989e+01	0.000000000000000000e+00	0.000000000000000000e+00	0.000000000000000000e+00	0.000000000000000000e+00
1.074887999999999799e+01	1.375001000000000140e+01	2.885200000000000031e+01	0.000000000000000000e+00	0.000000000000000000e+00	0.000000000000000000e+00	0.000000000000000000e+00
1.124887999999999799e+01	1.375001000000000140e+01	2.856800000000000139e+01	0.000000000000000000e+00	0.000000000000000000e+00	0.000000000000000000e+00	0.000000000000000000e+00
1.174887999999999977e+01	1.375001000000000140e+01	3.066400000000000148e+01	0.000000000000000000e+00	0.000000000000000000e+00	0.000000000000000000e+00	0.000000000000000000e+00
1.224887999999999977e+01	1.375001000000000140e+01	3.857600000000000051e+01	0.000000000000000000e+00	0.000000000000000000e+00	0.000000000000000000e+00	0.000000000000000000e+00
1.274887999999999977e+01	1.375001000000000140e+01	4.856400000000000006e+01	0.000000000000000000e+00	0.000000000000000000e+00	0.000000000000000000e+00	0.000000000000000000e+00
1.324887999999999977e+01	1.375001000000000140e+01	6.466599999999999682e+01	0.000000000000000000e+00	0.000000000000000000e+00	0.000000000000000000e+00	0.000000000000000000e+00
1.374887999999999977e+01	1.375001000000000140e+01	8.771200000000000330e+01	0.000000000000000000e+00	0.000000000000000000e+00	0.000000000000000000e+00	0.000000000000000000e+00
1.424887999999999977e+01	1.375001000000000140e+01	1.155379999999999967e+02	0.000000000000000000e+00	0.000000000000000000e+00	0.000000000000000000e+00	0.000000000000000000e+00
1.474888000000000154e+01	1.375001000000000140e+01	1.616999999999999886e+02	0.000000000000000000e+00	0.000000000000000000e+00	0.000000000000000000e+00	0.000000000000000000e+00
1.524888000000000154e+01	1.375001000000000140e+01	1.899799999999999898e+02	0.000000000000000000e+00	0.000000000000000000e+00	0.000000000000000000e+00	0.000000000000000000e+00
1.574887999999999977e+01	1.375001000000000140e+01	1.964399999999999977e+02	0.000000000000000000e+00	0.000000000000000000e+00	0.000000000000000000e+00	0.000000000000000000e+00
1.624887999999999977e+01	1.375001000000000140e+01	1.990780000000000030e+02	0.000000000000000000e+00	0.000000000000000000e+00	0.000000000000000000e+00	0.000000000000000000e+00
1.674888000000000332e+01	1.375001000000000140e+01	1.992980000000000018e+02	0.000000000000000000e+00	0.000000000000000000e+00	0.000000000000000000e+00	0.000000000000000000e+00
1.724888000000000332e+01	1.375001000000000140e+01	1.974960000000000093e+02	0.000000000000000000e+00	0.000000000000000000e+00	0.000000000000000000e+00	0.000000000000000000e+00
1.774887999999999977e+01	1.375001000000000140e+01	1.914739999999999895e+02	0.000000000000000000e+00	0.000000000000000000e+00	0.000000000000000000e+00	0.000000000000000000e+00
1.824888000000000332e+01	1.375001000000000140e+01	1.784399999999999977e+02	0.000000000000000000e+00	0.000000000000000000e+00	0.000000000000000000e+00	0.000000000000000000e+00
1.874888000000000332e+01	1.375001000000000140e+01	1.862920000000000016e+02	0.000000000000000000e+00	0.000000000000000000e+00	0.000000000000000000e+00	0.000000000000000000e+00
1.924888000000000332e+01	1.375001000000000140e+01	1.874939999999999998e+02	0.000000000000000000e+00	0.000000000000000000e+00	0.000000000000000000e+00	0.000000000000000000e+00
1.974888000000000332e+01	1.375001000000000140e+01	1.814079999999999870e+02	0.000000000000000000e+00	0.000000000000000000e+00	0.000000000000000000e+00	0.000000000000000000e+00
1.024887999999999799e+01	1.425001000000000140e+01	2.665800000000000125e+01	0.000000000000000000e+00	0.000000000000000000e+00	0.000000000000000000e+00	0.000000000000000000e+00
1.074887999999999799e+01	1.425001000000000140e+01	2.630600000000000094e+01	0.000000000000000000e+00	0.000000000000000000e+00	0.000000000000000000e+00	0.000000000000000000e+00
1.124887999999999799e+01	1.425001000000000140e+01	2.630600000000000094e+01	0.000000000000000000e+00	0.000000000000000000e+00	0.000000000000000000e+00	0.000000000000000000e+00
1.174887999999999977e+01	1.425001000000000140e+01	2.612000000000000099e+01	0.000000000000000000e+00	0.000000000000000000e+00	0.000000000000000000e+00	0.000000000000000000e+00
1.224887999999999977e+01	1.425001000000000140e+01	3.098999999999999844e+01	0.000000000000000000e+00	0.000000000000000000e+00	0.000000000000000000e+00	0.000000000000000000e+00
1.274887999999999977e+01	1.425001000000000140e+01	3.896200000000000330e+01	0.000000000000000000e+00	0.000000000000000000e+00	0.000000000000000000e+00	0.000000000000000000e+00
1.324887999999999977e+01	1.425001000000000140e+01	5.100200000000000244e+01	0.000000000000000000e+00	0.000000000000000000e+00	0.000000000000000000e+00	0.000000000000000000e+00
1.374887999999999977e+01	1.425001000000000140e+01	7.029399999999999693e+01	0.000000000000000000e+00	0.000000000000000000e+00	0.000000000000000000e+00	0.000000000000000000e+00
1.424887999999999977e+01	1.425001000000000140e+01	9.628199999999999648e+01	0.000000000000000000e+00	0.000000000000000000e+00	0.000000000000000000e+00	0.000000000000000000e+00
1.474888000000000154e+01	1.425001000000000140e+01	1.294840000000000089e+02	0.000000000000000000e+00	0.000000000000000000e+00	0.000000000000000000e+00	0.000000000000000000e+00
1.524888000000000154e+01	1.425001000000000140e+01	1.773319999999999936e+02	0.000000000000000000e+00	0.000000000000000000e+00	0.000000000000000000e+00	0.000000000000000000e+00
1.574887999999999977e+01	1.425001000000000140e+01	1.898259999999999934e+02	0.000000000000000000e+00	0.000000000000000000e+00	0.000000000000000000e+00	0.000000000000000000e+00
1.624887999999999977e+01	1.425001000000000140e+01	1.964480000000000075e+02	0.000000000000000000e+00	0.000000000000000000e+00	0.000000000000000000e+00	0.000000000000000000e+00
1.674888000000000332e+01	1.425001000000000140e+01	1.970620000000000118e+02	0.000000000000000000e+00	0.000000000000000000e+00	0.000000000000000000e+00	0.000000000000000000e+00
1.724888000000000332e+01	1.425001000000000140e+01	1.993199999999999932e+02	0.000000000000000000e+00	0.000000000000000000e+00	0.000000000000000000e+00	0.000000000000000000e+00
1.774887999999999977e+01	1.425001000000000140e+01	2.000639999999999930e+02	0.000000000000000000e+00	0.000000000000000000e+00	0.000000000000000000e+00	0.000000000000000000e+00
1.824888000000000332e+01	1.425001000000000140e+01	1.947880000000000109e+02	0.000000000000000000e+00	0.000000000000000000e+00	0.000000000000000000e+00	0.000000000000000000e+00
1.874888000000000332e+01	1.425001000000000140e+01	1.897599999999999909e+02	0.000000000000000000e+00	0.000000000000000000e+00	0.000000000000000000e+00	0.000000000000000000e+00
1.924888000000000332e+01	1.425001000000000140e+01	1.916620000000000061e+02	0.000000000000000000e+00	0.000000000000000000e+00	0.000000000000000000e+00	0.000000000000000000e+00
1.974888000000000332e+01	1.425001000000000140e+01	1.876860000000000070e+02	0.000000000000000000e+00	0.000000000000000000e+00	0.000000000000000000e+00	0.000000000000000000e+00
1.024887999999999799e+01	1.475001000000000140e+01	2.485800000000000054e+01	0.000000000000000000e+00	0.000000000000000000e+00	0.000000000000000000e+00	0.000000000000000000e+00
1.074887999999999799e+01	1.475001000000000140e+01	2.461199999999999832e+01	0.000000000000000000e+00	0.000000000000000000e+00	0.000000000000000000e+00	0.000000000000000000e+00
1.124887999999999799e+01	1.475001000000000140e+01	2.450400000000000134e+01	0.000000000000000000e+00	0.000000000000000000e+00	0.000000000000000000e+00	0.000000000000000000e+00
1.174887999999999977e+01	1.475001000000000140e+01	2.404599999999999937e+01	0.000000000000000000e+00	0.000000000000000000e+00	0.000000000000000000e+00	0.000000000000000000e+00
1.224887999999999977e+01	1.475001000000000140e+01	2.649399999999999977e+01	0.000000000000000000e+00	0.000000000000000000e+00	0.000000000000000000e+00	0.000000000000000000e+00
1.274887999999999977e+01	1.475001000000000140e+01	3.318800000000000239e+01	0.000000000000000000e+00	0.000000000000000000e+00	0.000000000000000000e+00	0.000000000000000000e+00
1.324887999999999977e+01	1.475001000000000140e+01	4.373799999999999955e+01	0.000000000000000000e+00	0.000000000000000000e+00	0.000000000000000000e+00	0.000000000000000000e+00
1.374887999999999977e+01	1.475001000000000140e+01	5.671999999999999886e+01	0.000000000000000000e+00	0.000000000000000000e+00	0.000000000000000000e+00	0.000000000000000000e+00
1.424887999999999977e+01	1.475001000000000140e+01	7.975000000000000000e+01	0.000000000000000000e+00	0.000000000000000000e+00	0.000000000000000000e+00	0.000000000000000000e+00
1.474888000000000154e+01	1.475001000000000140e+01	1.087939999999999969e+02	0.000000000000000000e+00	0.000000000000000000e+00	0.000000000000000000e+00	0.000000000000000000e+00
1.524888000000000154e+01	1.475001000000000140e+01	1.550579999999999927e+02	0.000000000000000000e+00	0.000000000000000000e+00	0.000000000000000000e+00	0.000000000000000000e+00
1.574887999999999977e+01	1.475001000000000140e+01	1.861539999999999964e+02	0.000000000000000000e+00	0.000000000000000000e+00	0.000000000000000000e+00	0.000000000000000000e+00
1.624887999999999977e+01	1.475001000000000140e+01	1.908839999999999861e+02	0.000000000000000000e+00	0.000000000000000000e+00	0.000000000000000000e+00	0.000000000000000000e+00
1.674888000000000332e+01	1.475001000000000140e+01	1.961659999999999968e+02	0.000000000000000000e+00	0.000000000000000000e+00	0.000000000000000000e+00	0.000000000000000000e+00
1.724888000000000332e+01	1.475001000000000140e+01	1.960180000000000007e+02	0.000000000000000000e+00	0.000000000000000000e+00	0.000000000000000000e+00	0.000000000000000000e+00
1.774887999999999977e+01	1.475001000000000140e+01	1.979859999999999900e+02	0.000000000000000000e+00	0.000000000000000000e+00	0.000000000000000000e+00	0.000000000000000000e+00
1.824888000000000332e+01	1.475001000000000140e+01	1.997640000000000100e+02	0.000000000000000000e+00	0.000000000000000000e+00	0.000000000000000000e+00	0.000000000000000000e+00
1.874888000000000332e+01	1.475001000000000140e+01	1.968139999999999930e+02	0.000000000000000000e+00	0.000000000000000000e+00	0.000000000000000000e+00	0.000000000000000000e+00
1.924888000000000332e+01	1.475001000000000140e+01	1.937359999999999900e+02	0.000000000000000000e+00	0.000000000000000000e+00	0.000000000000000000e+00	0.000000000000000000e+00
1.974888000000000332e+01	1.475001000000000140e+01	1.877800000000000011e+02	0.000000000000000000e+00	0.000000000000000000e+00	0.000000000000000000e+00	0.000000000000000000e+00
1.024887999999999799e+01	1.525001000000000140e+01	2.336199999999999832e+01	0.000000000000000000e+00	0.000000000000000000e+00	0.000000000000000000e+00	0.000000000000000000e+00
1.074887999999999799e+01	1.525001000000000140e+01	2.284400000000000119e+01	0.000000000000000000e+00	0.000000000000000000e+00	0.000000000000000000e+00	0.000000000000000000e+00
1.124887999999999799e+01	1.525001000000000140e+01	2.290599999999999881e+01	0.000000000000000000e+00	0.000000000000000000e+00	0.000000000000000000e+00	0.000000000000000000e+00
1.174887999999999977e+01	1.525001000000000140e+01	2.240800000000000125e+01	0.000000000000000000e+00	0.000000000000000000e+00	0.000000000000000000e+00	0.000000000000000000e+00
1.224887999999999977e+01	1.525001000000000140e+01	2.316199999999999903e+01	0.000000000000000000e+00	0.000000000000000000e+00	0.000000000000000000e+00	0.000000000000000000e+00
1.274887999999999977e+01	1.525001000000000140e+01	2.850799999999999912e+01	0.000000000000000000e+00	0.000000000000000000e+00	0.000000000000000000e+00	0.000000000000000000e+00
1.324887999999999977e+01	1.525001000000000140e+01	3.739000000000000057e+01	0.000000000000000000e+00	0.000000000000000000e+00	0.000000000000000000e+00	0.000000000000000000e+00
1.374887999999999977e+01	1.525001000000000140e+01	4.868800000000000239e+01	0.000000000000000000e+00	0.000000000000000000e+00	0.000000000000000000e+00	0.000000000000000000e+00
1.424887999999999977e+01	1.525001000000000140e+01	6.957999999999999829e+01	0.000000000000000000e+00	0.000000000000000000e+00	0.000000000000000000e+00	0.000000000000000000e+00
1.474888000000000154e+01	1.525001000000000140e+01	9.711599999999999966e+01	0.000000000000000000e+00	0.000000000000000000e+00	0.000000000000000000e+00	0.000000000000000000e+00
1.524888000000000154e+01	1.525001000000000140e+01	1.358060000000000116e+02	0.000000000000000000e+00	0.000000000000000000e+00	0.000000000000000000e+00	0.000000000000000000e+00
1.574887999999999977e+01	1.525001000000000140e+01	1.787539999999999907e+02	0.000000000000000000e+00	0.000000000000000000e+00	0.000000000000000000e+00	0.000000000000000000e+00
1.624887999999999977e+01	1.525001000000000140e+01	1.864559999999999889e+02	0.000000000000000000e+00	0.000000000000000000e+00	0.000000000000000000e+00	0.000000000000000000e+00
1.674888000000000332e+01	1.525001000000000140e+01	1.904660000000000082e+02	0.000000000000000000e+00	0.000000000000000000e+00	0.000000000000000000e+00	0.000000000000000000e+00
1.724888000000000332e+01	1.525001000000000140e+01	1.898280000000000030e+02	0.000000000000000000e+00	0.000000000000000000e+00	0.000000000000000000e+00	0.000000000000000000e+00
1.774887999999999977e+01	1.525001000000000140e+01	1.911239999999999952e+02	0.000000000000000000e+00	0.000000000000000000e+00	0.000000000000000000e+00	0.000000000000000000e+00
1.824888000000000332e+01	1.525001000000000140e+01	1.931100000000000136e+02	0.000000000000000000e+00	0.000000000000000000e+00	0.000000000000000000e+00	0.000000000000000000e+00
1.874888000000000332e+01	1.525001000000000140e+01	1.962319999999999993e+02	0.000000000000000000e+00	0.000000000000000000e+00	0.000000000000000000e+00	0.000000000000000000e+00
1.924888000000000332e+01	1.525001000000000140e+01	2.010660000000000025e+02	0.000000000000000000e+00	0.000000000000000000e+00	0.000000000000000000e+00	0.000000000000000000e+00
1.974888000000000332e+01	1.525001000000000140e+01	1.935740000000000123e+02	0.000000000000000000e+00	0.000000000000000000e+00	0.000000000000000000e+00	0.000000000000000000e+00
1.024887999999999799e+01	1.575001000000000495e+01	2.175799999999999912e+01	0.000000000000000000e+00	0.000000000000000000e+00	0.000000000000000000e+00	0.000000000000000000e+00
1.074887999999999799e+01	1.575001000000000495e+01	2.096999999999999886e+01	0.000000000000000000e+00	0.000000000000000000e+00	0.000000000000000000e+00	0.000000000000000000e+00
1.124887999999999799e+01	1.575001000000000495e+01	2.070400000000000063e+01	0.000000000000000000e+00	0.000000000000000000e+00	0.000000000000000000e+00	0.000000000000000000e+00
1.174887999999999977e+01	1.575001000000000495e+01	2.094800000000000040e+01	0.000000000000000000e+00	0.000000000000000000e+00	0.000000000000000000e+00	0.000000000000000000e+00
1.224887999999999977e+01	1.575001000000000495e+01	2.057000000000000028e+01	0.000000000000000000e+00	0.000000000000000000e+00	0.000000000000000000e+00	0.000000000000000000e+00
1.274887999999999977e+01	1.575001000000000495e+01	2.241400000000000148e+01	0.000000000000000000e+00	0.000000000000000000e+00	0.000000000000000000e+00	0.000000000000000000e+00
1.324887999999999977e+01	1.575001000000000495e+01	2.987600000000000122e+01	0.000000000000000000e+00	0.000000000000000000e+00	0.000000000000000000e+00	0.000000000000000000e+00
1.374887999999999977e+01	1.575001000000000495e+01	4.062800000000000011e+01	0.000000000000000000e+00	0.000000000000000000e+00	0.000000000000000000e+00	0.000000000000000000e+00
1.424887999999999977e+01	1.575001000000000495e+01	5.471399999999999864e+01	0.000000000000000000e+00	0.000000000000000000e+00	0.000000000000000000e+00	0.000000000000000000e+00
1.474888000000000154e+01	1.575001000000000495e+01	8.008199999999999363e+01	0.000000000000000000e+00	0.000000000000000000e+00	0.000000000000000000e+00	0.000000000000000000e+00
1.524888000000000154e+01	1.575001000000000495e+01	1.091380000000000052e+02	0.000000000000000000e+00	0.000000000000000000e+00	0.000000000000000000e+00	0.000000000000000000e+00
1.574887999999999977e+01	1.575001000000000495e+01	1.507379999999999995e+02	0.000000000000000000e+00	0.000000000000000000e+00	0.000000000000000000e+00	0.000000000000000000e+00
1.624887999999999977e+01	1.575001000000000495e+01	1.783499999999999943e+02	0.000000000000000000e+00	0.000000000000000000e+00	0.000000000000000000e+00	0.000000000000000000e+00
1.674888000000000332e+01	1.575001000000000495e+01	1.844060000000000059e+02	0.000000000000000000e+00	0.000000000000000000e+00	0.000000000000000000e+00	0.000000000000000000e+00
1.724888000000000332e+01	1.575001000000000495e+01	1.855579999999999927e+02	0.000000000000000000e+00	0.000000000000000000e+00	0.000000000000000000e+00	0.000000000000000000e+00
1.774887999999999977e+01	1.575001000000000495e+01	1.849879999999999995e+02	0.000000000000000000e+00	0.000000000000000000e+00	0.000000000000000000e+00	0.000000000000000000e+00
1.824888000000000332e+01	1.575001000000000495e+01	1.842599999999999909e+02	0.000000000000000000e+00	0.000000000000000000e+00	0.000000000000000000e+00	0.000000000000000000e+00
1.874888000000000332e+01	1.575001000000000495e+01	1.884519999999999982e+02	0.000000000000000000e+00	0.000000000000000000e+00	0.000000000000000000e+00	0.000000000000000000e+00
1.924888000000000332e+01	1.575001000000000495e+01	1.968799999999999955e+02	0.000000000000000000e+00	0.000000000000000000e+00	0.000000000000000000e+00	0.000000000000000000e+00
1.974888000000000332e+01	1.575001000000000495e+01	1.985240000000000009e+02	0.000000000000000000e+00	0.000000000000000000e+00	0.000000000000000000e+00	0.000000000000000000e+00
1.024887999999999799e+01	1.625001000000000317e+01	1.939399999999999835e+01	0.000000000000000000e+00	0.000000000000000000e+00	0.000000000000000000e+00	0.000000000000000000e+00
1.074887999999999799e+01	1.625001000000000317e+01	1.863800000000000168e+01	0.000000000000000000e+00	0.000000000000000000e+00	0.000000000000000000e+00	0.000000000000000000e+00
1.124887999999999799e+01	1.625001000000000317e+01	1.875600000000000023e+01	0.000000000000000000e+00	0.000000000000000000e+00	0.000000000000000000e+00	0.000000000000000000e+00
1.174887999999999977e+01	1.625001000000000317e+01	1.837800000000000011e+01	0.000000000000000000e+00	0.000000000000000000e+00	0.000000000000000000e+00	0.000000000000000000e+00
1.224887999999999977e+01	1.625001000000000317e+01	1.839000000000000057e+01	0.000000000000000000e+00	0.000000000000000000e+00	0.000000000000000000e+00	0.000000000000000000e+00
1.274887999999999977e+01	1.625001000000000317e+01	1.826200000000000045e+01	0.000000000000000000e+00	0.000000000000000000e+00	0.000000000000000000e+00	0.000000000000000000e+00
1.324887999999999977e+01	1.625001000000000317e+01	2.187199999999999989e+01	0.000000000000000000e+00	0.000000000000000000e+00	0.000000000000000000e+00	0.000000000000000000e+00
1.374887999999999977e+01	1.625001000000000317e+01	2.894000000000000128e+01	0.000000000000000000e+00	0.000000000000000000e+00	0.000000000000000000e+00	0.000000000000000000e+00
1.424887999999999977e+01	1.625001000000000317e+01	3.918599999999999994e+01	0.000000000000000000e+00	0.000000000000000000e+00	0.000000000000000000e+00	0.000000000000000000e+00
1.474888000000000154e+01	1.625001000000000317e+01	5.723799999999999955e+01	0.000000000000000000e+00	0.000000000000000000e+00	0.000000000000000000e+00	0.000000000000000000e+00
1.524888000000000154e+01	1.625001000000000317e+01	8.508599999999999852e+01	0.000000000000000000e+00	0.000000000000000000e+00	0.000000000000000000e+00	0.000000000000000000e+00
1.574887999999999977e+01	1.625001000000000317e+01	1.174699999999999989e+02	0.000000000000000000e+00	0.000000000000000000e+00	0.000000000000000000e+00	0.000000000000000000e+00
1.624887999999999977e+01	1.625001000000000317e+01	1.626500000000000057e+02	0.000000000000000000e+00	0.000000000000000000e+00	0.000000000000000000e+00	0.000000000000000000e+00
1.674888000000000332e+01	1.625001000000000317e+01	1.739600000000000080e+02	0.000000000000000000e+00	0.000000000000000000e+00	0.000000000000000000e+00	0.000000000000000000e+00
1.724888000000000332e+01	1.625001000000000317e+01	1.773520000000000039e+02	0.000000000000000000e+00	0.000000000000000000e+00	0.000000000000000000e+00	0.000000000000000000e+00
1.774887999999999977e+01	1.625001000000000317e+01	1.772220000000000084e+02	0.000000000000000000e+00	0.000000000000000000e+00	0.000000000000000000e+00	0.000000000000000000e+00
1.824888000000000332e+01	1.625001000000000317e+01	1.780740000000000123e+02	0.000000000000000000e+00	0.000000000000000000e+00	0.000000000000000000e+00	0.000000000000000000e+00
1.874888000000000332e+01	1.625001000000000317e+01	1.778679999999999950e+02	0.000000000000000000e+00	0.000000000000000000e+00	0.000000000000000000e+00	0.000000000000000000e+00
1.924888000000000332e+01	1.625001000000000317e+01	1.834639999999999986e+02	0.000000000000000000e+00	0.000000000000000000e+00	0.000000000000000000e+00	0.000000000000000000e+00
1.974888000000000332e+01	1.625001000000000317e+01	1.935279999999999916e+02	0.000000000000000000e+00	0.000000000000000000e+00	0.000000000000000000e+00	0.000000000000000000e+00
1.024887999999999799e+01	1.675000999999999962e+01	1.619399999999999906e+01	0.000000000000000000e+00	0.000000000000000000e+00	0.000000000000000000e+00	0.000000000000000000e+00
1.074887999999999799e+01	1.675000999999999962e+01	1.632999999999999829e+01	0.000000000000000000e+00	0.000000000000000000e+00	0.000000000000000000e+00	0.000000000000000000e+00
1.124887999999999799e+01	1.675000999999999962e+01	1.588000000000000078e+01	0.000000000000000000e+00	0.000000000000000000e+00	0.000000000000000000e+00	0.000000000000000000e+00
1.174887999999999977e+01	1.675000999999999962e+01	1.558999999999999986e+01	0.000000000000000000e+00	0.000000000000000000e+00	0.000000000000000000e+00	0.000000000000000000e+00
1.224887999999999977e+01	1.675000999999999962e+01	1.582000000000000028e+01	0.000000000000000000e+00	0.000000000000000000e+00	0.000000000000000000e+00	0.000000000000000000e+00
1.274887999999999977e+01	1.675000999999999962e+01	1.560200000000000031e+01	0.000000000000000000e+00	0.000000000000000000e+00	0.000000000000000000e+00	0.000000000000000000e+00
1.324887999999999977e+01	1.675000999999999962e+01	1.703000000000000114e+01	0.000000000000000000e+00	0.000000000000000000e+00	0.000000000000000000e+00	0.000000000000000000e+00
1.374887999999999977e+01	1.675000999999999962e+01	2.221000000000000085e+01	0.000000000000000000e+00	0.000000000000000000e+00	0.000000000000000000e+00	0.000000000000000000e+00
1.424887999999999977e+01	1.675000999999999962e+01	3.060999999999999943e+01	0.000000000000000000e+00	0.000000000000000000e+00	0.000000000000000000e+00	0.000000000000000000e+00
1.474888000000000154e+01	1.675000999999999962e+01	4.705400000000000205e+01	0.000000000000000000e+00	0.000000000000000000e+00	0.000000000000000000e+00	0.000000000000000000e+00
1.524888000000000154e+01	1.675000999999999962e+01	7.130800000000000693e+01	0.000000000000000000e+00	0.000000000000000000e+00	0.000000000000000000e+00	0.000000000000000000e+00
1.574887999999999977e+01	1.675000999999999962e+01	1.009219999999999970e+02	0.000000000000000000e+00	0.000000000000000000e+00	0.000000000000000000e+00	0.000000000000000000e+00
1.624887999999999977e+01	1.675000999999999962e+01	1.448540000000000134e+02	0.000000000000000000e+00	0.000000000000000000e+00	0.000000000000000000e+00	0.000000000000000000e+00
1.674888000000000332e+01	1.675000999999999962e+01	1.652079999999999984e+02	0.000000000000000000e+00	0.000000000000000000e+00	0.000000000000000000e+00	0.000000000000000000e+00
1.724888000000000332e+01	1.675000999999999962e+01	1.685660000000000025e+02	0.000000000000000000e+00	0.000000000000000000e+00	0.000000000000000000e+00	0.000000000000000000e+00
1.774887999999999977e+01	1.675000999999999962e+01	1.693100000000000023e+02	0.000000000000000000e+00	0.000000000000000000e+00	0.000000000000000000e+00	0.000000000000000000e+00
1.824888000000000332e+01	1.675000999999999962e+01	1.708160000000000025e+02	0.000000000000000000e+00	0.000000000000000000e+00	0.000000000000000000e+00	0.000000000000000000e+00
1.874888000000000332e+01	1.675000999999999962e+01	1.670840000000000032e+02	0.000000000000000000e+00	0.000000000000000000e+00	0.000000000000000000e+00	0.000000000000000000e+00
1.924888000000000332e+01	1.675000999999999962e+01	1.660759999999999934e+02	0.000000000000000000e+00	0.000000000000000000e+00	0.000000000000000000e+00	0.000000000000000000e+00
1.974888000000000332e+01	1.675000999999999962e+01	1.721680000000000064e+02	0.000000000000000000e+00	0.000000000000000000e+00	0.000000000000000000e+00	0.000000000000000000e+00
1.024887999999999799e+01	1.725001000000000317e+01	1.447000000000000064e+01	0.000000000000000000e+00	0.000000000000000000e+00	0.000000000000000000e+00	0.000000000000000000e+00
1.074887999999999799e+01	1.725001000000000317e+01	1.379599999999999937e+01	0.000000000000000000e+00	0.000000000000000000e+00	0.000000000000000000e+00	0.000000000000000000e+00
1.124887999999999799e+01	1.725001000000000317e+01	1.405000000000000071e+01	0.000000000000000000e+00	0.000000000000000000e+00	0.000000000000000000e+00	0.000000000000000000e+00
1.174887999999999977e+01	1.725001000000000317e+01	1.352800000000000047e+01	0.000000000000000000e+00	0.000000000000000000e+00	0.000000000000000000e+00	0.000000000000000000e+00
1.224887999999999977e+01	1.725001000000000317e+01	1.313599999999999923e+01	0.000000000000000000e+00	0.000000000000000000e+00	0.000000000000000000e+00	0.000000000000000000e+00
1.274887999999999977e+01	1.725001000000000317e+01	1.345800000000000018e+01	0.000000000000000000e+00	0.000000000000000000e+00	0.000000000000000000e+00	0.000000000000000000e+00
1.324887999999999977e+01	1.725001000000000317e+01	1.406600000000000072e+01	0.000000000000000000e+00	0.000000000000000000e+00	0.000000000000000000e+00	0.000000000000000000e+00
1.374887999999999977e+01	1.725001000000000317e+01	1.742000000000000171e+01	0.000000000000000000e+00	0.000000000000000000e+00	0.000000000000000000e+00	0.000000000000000000e+00
1.424887999999999977e+01	1.725001000000000317e+01	2.405000000000000071e+01	0.000000000000000000e+00	0.000000000000000000e+00	0.000000000000000000e+00	0.000000000000000000e+00
1.474888000000000154e+01	1.725001000000000317e+01	3.519800000000000040e+01	0.000000000000000000e+00	0.000000000000000000e+00	0.000000000000000000e+00	0.000000000000000000e+00
1.524888000000000154e+01	1.725001000000000317e+01	5.872800000000000153e+01	0.000000000000000000e+00	0.000000000000000000e+00	0.000000000000000000e+00	0.000000000000000000e+00
1.574887999999999977e+01	1.725001000000000317e+01	8.809199999999999875e+01	0.000000000000000000e+00	0.000000000000000000e+00	0.000000000000000000e+00	0.000000000000000000e+00
1.624887999999999977e+01	1.725001000000000317e+01	1.275999999999999943e+02	0.000000000000000000e+00	0.000000000000000000e+00	0.000000000000000000e+00	0.000000000000000000e+00
1.674888000000000332e+01	1.725001000000000317e+01	1.540080000000000098e+02	0.000000000000000000e+00	0.000000000000000000e+00	0.000000000000000000e+00	0.000000000000000000e+00
1.724888000000000332e+01	1.725001000000000317e+01	1.599540000000000077e+02	0.000000000000000000e+00	0.000000000000000000e+00	0.000000000000000000e+00	0.000000000000000000e+00
1.774887999999999977e+01	1.725001000000000317e+01	1.592820000000000107e+02	0.000000000000000000e+00	0.000000000000000000e+00	0.000000000000000000e+00	0.000000000000000000e+00
1.824888000000000332e+01	1.725001000000000317e+01	1.605840000000000032e+02	0.000000000000000000e+00	0.000000000000000000e+00	0.000000000000000000e+00	0.000000000000000000e+00
1.874888000000000332e+01	1.725001000000000317e+01	1.592659999999999911e+02	0.000000000000000000e+00	0.000000000000000000e+00	0.000000000000000000e+00	0.000000000000000000e+00
1.924888000000000332e+01	1.725001000000000317e+01	1.559720000000000084e+02	0.000000000000000000e+00	0.000000000000000000e+00	0.000000000000000000e+00	0.000000000000000000e+00
1.974888000000000332e+01	1.725001000000000317e+01	1.587820000000000107e+02	0.000000000000000000e+00	0.000000000000000000e+00	0.000000000000000000e+00	0.000000000000000000e+00
1.024887999999999799e+01	1.775001000000000673e+01	1.244200000000000017e+01	0.000000000000000000e+00	0.000000000000000000e+00	0.000000000000000000e+00	0.000000000000000000e+00
1.074887999999999799e+01	1.775001000000000673e+01	1.223199999999999932e+01	0.000000000000000000e+00	0.000000000000000000e+00	0.000000000000000000e+00	0.000000000000000000e+00
1.124887999999999799e+01	1.775001000000000673e+01	1.195400000000000063e+01	0.000000000000000000e+00	0.000000000000000000e+00	0.000000000000000000e+00	0.000000000000000000e+00
1.174887999999999977e+01	1.775001000000000673e+01	1.195599999999999952e+01	0.000000000000000000e+00	0.000000000000000000e+00	0.000000000000000000e+00	0.000000000000000000e+00
1.224887999999999977e+01	1.775001000000000673e+01	1.191200000000000081e+01	0.000000000000000000e+00	0.000000000000000000e+00	0.000000000000000000e+00	0.000000000000000000e+00
1.274887999999999977e+01	1.775001000000000673e+01	1.205199999999999960e+01	0.000000000000000000e+00	0.000000000000000000e+00	0.000000000000000000e+00	0.000000000000000000e+00
1.324887999999999977e+01	1.775001000000000673e+01	1.173799999999999955e+01	0.000000000000000000e+00	0.000000000000000000e+00	0.000000000000000000e+00	0.000000000000000000e+00
1.374887999999999977e+01	1.775001000000000673e+01	1.307799999999999940e+01	0.000000000000000000e+00	0.000000000000000000e+00	0.000000000000000000e+00	0.000000000000000000e+00
1.424887999999999977e+01	1.775001000000000673e+01	1.566000000000000014e+01	0.000000000000000000e+00	0.000000000000000000e+00	0.000000000000000000e+00	0.000000000000000000e+00
1.474888000000000154e+01	1.775001000000000673e+01	2.202400000000000091e+01	0.000000000000000000e+00	0.000000000000000000e+00	0.000000000000000000e+00	0.000000000000000000e+00
1.524888000000000154e+01	1.775001000000000673e+01	3.284000000000000341e+01	0.000000000000000000e+00	0.000000000000000000e+00	0.000000000000000000e+00	0.000000000000000000e+00
1.574887999999999977e+01	1.775001000000000673e+01	5.653600000000000136e+01	0.000000000000000000e+00	0.000000000000000000e+00	0.000000000000000000e+00	0.000000000000000000e+00
1.624887999999999977e+01	1.775001000000000673e+01	8.849399999999999977e+01	0.000000000000000000e+00	0.000000000000000000e+00	0.000000000000000000e+00	0.000000000000000000e+00
1.674888000000000332e+01	1.775001000000000673e+01	1.249899999999999949e+02	0.000000000000000000e+00	0.000000000000000000e+00	0.000000000000000000e+00	0.000000000000000000e+00
1.724888000000000332e+01	1.775001000000000673e+01	1.427700000000000102e+02	0.000000000000000000e+00	0.000000000000000000e+00	0.000000000000000000e+00	0.000000000000000000e+00
1.774887999999999977e+01	1.775001000000000673e+01	1.488580000000000041e+02	0.000000000000000000e+00	0.000000000000000000e+00	0.000000000000000000e+00	0.000000000000000000e+00
1.824888000000000332e+01	1.775001000000000673e+01	1.488540000000000134e+02	0.000000000000000000e+00	0.000000000000000000e+00	0.000000000000000000e+00	0.000000000000000000e+00
1.874888000000000332e+01	1.775001000000000673e+01	1.461059999999999945e+02	0.000000000000000000e+00	0.000000000000000000e+00	0.000000000000000000e+00	0.000000000000000000e+00
1.924888000000000332e+01	1.775001000000000673e+01	1.437880000000000109e+02	0.000000000000000000e+00	0.000000000000000000e+00	0.000000000000000000e+00	0.000000000000000000e+00
1.974888000000000332e+01	1.775001000000000673e+01	1.387340000000000089e+02	0.000000000000000000e+00	0.000000000000000000e+00	0.000000000000000000e+00	0.000000000000000000e+00
1.024887999999999799e+01	1.825001000000000317e+01	1.125799999999999912e+01	0.000000000000000000e+00	0.000000000000000000e+00	0.000000000000000000e+00	0.000000000000000000e+00
1.074887999999999799e+01	1.825001000000000317e+01	1.088599999999999923e+01	0.000000000000000000e+00	0.000000000000000000e+00	0.000000000000000000e+00	0.000000000000000000e+00
1.124887999999999799e+01	1.825001000000000317e+01	1.068200000000000038e+01	0.000000000000000000e+00	0.000000000000000000e+00	0.000000000000000000e+00	0.000000000000000000e+00
1.174887999999999977e+01	1.825001000000000317e+01	1.060399999999999920e+01	0.000000000000000000e+00	0.000000000000000000e+00	0.000000000000000000e+00	0.000000000000000000e+00
1.224887999999999977e+01	1.825001000000000317e+01	1.073000000000000043e+01	0.000000000000000000e+00	0.000000000000000000e+00	0.000000000000000000e+00	0.000000000000000000e+00
1.274887999999999977e+01	1.825001000000000317e+01	1.058600000000000030e+01	0.000000000000000000e+00	0.000000000000000000e+00	0.000000000000000000e+00	0.000000000000000000e+00
1.324887999999999977e+01	1.825001000000000317e+01	1.039199999999999946e+01	0.000000000000000000e+00	0.000000000000000000e+00	0.000000000000000000e+00	0.000000000000000000e+00
1.374887999999999977e+01	1.825001000000000317e+01	1.073199999999999932e+01	0.000000000000000000e+00	0.000000000000000000e+00	0.000000000000000000e+00	0.000000000000000000e+00
1.424887999999999977e+01	1.825001000000000317e+01	1.307199999999999918e+01	0.000000000000000000e+00	0.000000000000000000e+00	0.000000000000000000e+00	0.000000000000000000e+00
1.474888000000000154e+01	1.825001000000000317e+01	1.699399999999999977e+01	0.000000000000000000e+00	0.000000000000000000e+00	0.000000000000000000e+00	0.000000000000000000e+00
1.524888000000000154e+01	1.825001000000000317e+01	2.307400000000000162e+01	0.000000000000000000e+00	0.000000000000000000e+00	0.000000000000000000e+00	0.000000000000000000e+00
1.574887999999999977e+01	1.825001000000000317e+01	3.568599999999999994e+01	0.000000000000000000e+00	0.000000000000000000e+00	0.000000000000000000e+00	0.000000000000000000e+00
1.624887999999999977e+01	1.825001000000000317e+01	6.110199999999999676e+01	0.000000000000000000e+00	0.000000000000000000e+00	0.000000000000000000e+00	0.000000000000000000e+00
1.674888000000000332e+01	1.825001000000000317e+01	9.071599999999999397e+01	0.000000000000000000e+00	0.000000000000000000e+00	0.000000000000000000e+00	0.000000000000000000e+00
1.724888000000000332e+01	1.825001000000000317e+01	1.169399999999999977e+02	0.000000000000000000e+00	0.000000000000000000e+00	0.000000000000000000e+00	0.000000000000000000e+00
1.774887999999999977e+01	1.825001000000000317e+01	1.276419999999999959e+02	0.000000000000000000e+00	0.000000000000000000e+00	0.000000000000000000e+00	0.000000000000000000e+00
1.824888000000000332e+01	1.825001000000000317e+01	1.280840000000000032e+02	0.000000000000000000e+00	0.000000000000000000e+00	0.000000000000000000e+00	0.000000000000000000e+00
1.874888000000000332e+01	1.825001000000000317e+01	1.251299999999999955e+02	0.000000000000000000e+00	0.000000000000000000e+00	0.000000000000000000e+00	0.000000000000000000e+00
1.924888000000000332e+01	1.825001000000000317e+01	1.210540000000000020e+02	0.000000000000000000e+00	0.000000000000000000e+00	0.000000000000000000e+00	0.000000000000000000e+00
1.974888000000000332e+01	1.825001000000000317e+01	1.194060000000000059e+02	0.000000000000000000e+00	0.000000000000000000e+00	0.000000000000000000e+00	0.000000000000000000e+00
1.024887999999999799e+01	1.875001000000000317e+01	9.598000000000000753e+00	0.000000000000000000e+00	0.000000000000000000e+00	0.000000000000000000e+00	0.000000000000000000e+00
1.074887999999999799e+01	1.875001000000000317e+01	9.698000000000000398e+00	0.000000000000000000e+00	0.000000000000000000e+00	0.000000000000000000e+00	0.000000000000000000e+00
1.124887999999999799e+01	1.875001000000000317e+01	9.743999999999999773e+00	0.000000000000000000e+00	0.000000000000000000e+00	0.000000000000000000e+00	0.000000000000000000e+00
1.174887999999999977e+01	1.875001000000000317e+01	9.316000000000000725e+00	0.000000000000000000e+00	0.000000000000000000e+00	0.000000000000000000e+00	0.000000000000000000e+00
1.224887999999999977e+01	1.875001000000000317e+01	9.820000000000000284e+00	0.000000000000000000e+00	0.000000000000000000e+00	0.000000000000000000e+00	0.000000000000000000e+00
1.274887999999999977e+01	1.875001000000000317e+01	9.869999999999999218e+00	0.000000000000000000e+00	0.000000000000000000e+00	0.000000000000000000e+00	0.000000000000000000e+00
1.324887999999999977e+01	1.875001000000000317e+01	9.772000000000000242e+00	0.000000000000000000e+00	0.000000000000000000e+00	0.000000000000000000e+00	0.000000000000000000e+00
1.374887999999999977e+01	1.875001000000000317e+01	9.625999999999999446e+00	0.000000000000000000e+00	0.000000000000000000e+00	0.000000000000000000e+00	0.000000000000000000e+00
1.424887999999999977e+01	1.875001000000000317e+01	1.043599999999999994e+01	0.000000000000000000e+00	0.000000000000000000e+00	0.000000000000000000e+00	0.000000000000000000e+00
1.474888000000000154e+01	1.875001000000000317e+01	1.281400000000000006e+01	0.000000000000000000e+00	0.000000000000000000e+00	0.000000000000000000e+00	0.000000000000000000e+00
1.524888000000000154e+01	1.875001000000000317e+01	1.764999999999999858e+01	0.000000000000000000e+00	0.000000000000000000e+00	0.000000000000000000e+00	0.000000000000000000e+00
1.574887999999999977e+01	1.875001000000000317e+01	2.467599999999999838e+01	0.000000000000000000e+00	0.000000000000000000e+00	0.000000000000000000e+00	0.000000000000000000e+00
1.624887999999999977e+01	1.875001000000000317e+01	4.364200000000000301e+01	0.000000000000000000e+00	0.000000000000000000e+00	0.000000000000000000e+00	0.000000000000000000e+00
1.674888000000000332e+01	1.875001000000000317e+01	7.298999999999999488e+01	0.000000000000000000e+00	0.000000000000000000e+00	0.000000000000000000e+00	0.000000000000000000e+00
1.724888000000000332e+01	1.875001000000000317e+01	1.004360000000000070e+02	0.000000000000000000e+00	0.000000000000000000e+00	0.000000000000000000e+00	0.000000000000000000e+00
1.774887999999999977e+01	1.875001000000000317e+01	1.199339999999999975e+02	0.000000000000000000e+00	0.000000000000000000e+00	0.000000000000000000e+00	0.000000000000000000e+00
1.824888000000000332e+01	1.875001000000000317e+01	1.173179999999999978e+02	0.000000000000000000e+00	0.000000000000000000e+00	0.000000000000000000e+00	0.000000000000000000e+00
1.874888000000000332e+01	1.875001000000000317e+01	1.127800000000000011e+02	0.000000000000000000e+00	0.000000000000000000e+00	0.000000000000000000e+00	0.000000000000000000e+00
1.924888000000000332e+01	1.875001000000000317e+01	1.098960000000000008e+02	0.000000000000000000e+00	0.000000000000000000e+00	0.000000000000000000e+00	0.000000000000000000e+00
1.974888000000000332e+01	1.875001000000000317e+01	1.046020000000000039e+02	0.000000000000000000e+00	0.000000000000000000e+00	0.000000000000000000e+00	0.000000000000000000e+00
1.024887999999999799e+01	1.925001000000000317e+01	8.230000000000000426e+00	0.000000000000000000e+00	0.000000000000000000e+00	0.000000000000000000e+00	0.000000000000000000e+00
1.074887999999999799e+01	1.925001000000000317e+01	8.240000000000000213e+00	0.000000000000000000e+00	0.000000000000000000e+00	0.000000000000000000e+00	0.000000000000000000e+00
1.124887999999999799e+01	1.925001000000000317e+01	8.236000000000000654e+00	0.000000000000000000e+00	0.000000000000000000e+00	0.000000000000000000e+00	0.000000000000000000e+00
1.174887999999999977e+01	1.925001000000000317e+01	7.836000000000000298e+00	0.000000000000000000e+00	0.000000000000000000e+00	0.000000000000000000e+00	0.000000000000000000e+00
1.224887999999999977e+01	1.925001000000000317e+01	7.964000000000000412e+00	0.000000000000000000e+00	0.000000000000000000e+00	0.000000000000000000e+00	0.000000000000000000e+00
1.274887999999999977e+01	1.925001000000000317e+01	7.828000000000000291e+00	0.000000000000000000e+00	0.000000000000000000e+00	0.000000000000000000e+00	0.000000000000000000e+00
1.324887999999999977e+01	1.925001000000000317e+01	7.929999999999999716e+00	0.000000000000000000e+00	0.000000000000000000e+00	0.000000000000000000e+00	0.000000000000000000e+00
1.374887999999999977e+01	1.925001000000000317e+01	8.076000000000000512e+00	0.000000000000000000e+00	0.000000000000000000e+00	0.000000000000000000e+00	0.000000000000000000e+00
1.424887999999999977e+01	1.925001000000000317e+01	7.959999999999999964e+00	0.000000000000000000e+00	0.000000000000000000e+00	0.000000000000000000e+00	0.000000000000000000e+00
1.474888000000000154e+01	1.925001000000000317e+01	9.151999999999999247e+00	0.000000000000000000e+00	0.000000000000000000e+00	0.000000000000000000e+00	0.000000000000000000e+00
1.524888000000000154e+01	1.925001000000000317e+01	1.087800000000000011e+01	0.000000000000000000e+00	0.000000000000000000e+00	0.000000000000000000e+00	0.000000000000000000e+00
1.574887999999999977e+01	1.925001000000000317e+01	1.364600000000000080e+01	0.000000000000000000e+00	0.000000000000000000e+00	0.000000000000000000e+00	0.000000000000000000e+00
1.624887999999999977e+01	1.925001000000000317e+01	1.673199999999999932e+01	0.000000000000000000e+00	0.000000000000000000e+00	0.000000000000000000e+00	0.000000000000000000e+00
1.674888000000000332e+01	1.925001000000000317e+01	2.367599999999999838e+01	0.000000000000000000e+00	0.000000000000000000e+00	0.000000000000000000e+00	0.000000000000000000e+00
1.724888000000000332e+01	1.925001000000000317e+01	3.770199999999999818e+01	0.000000000000000000e+00	0.000000000000000000e+00	0.000000000000000000e+00	0.000000000000000000e+00
1.774887999999999977e+01	1.925001000000000317e+01	4.991199999999999903e+01	0.000000000000000000e+00	0.000000000000000000e+00	0.000000000000000000e+00	0.000000000000000000e+00
1.824888000000000332e+01	1.925001000000000317e+01	5.580599999999999739e+01	0.000000000000000000e+00	0.000000000000000000e+00	0.000000000000000000e+00	0.000000000000000000e+00
1.874888000000000332e+01	1.925001000000000317e+01	5.642399999999999949e+01	0.000000000000000000e+00	0.000000000000000000e+00	0.000000000000000000e+00	0.000000000000000000e+00
1.924888000000000332e+01	1.925001000000000317e+01	5.587599999999999767e+01	0.000000000000000000e+00	0.000000000000000000e+00	0.000000000000000000e+00	0.000000000000000000e+00
1.974888000000000332e+01	1.925001000000000317e+01	5.623199999999999932e+01	0.000000000000000000e+00	0.000000000000000000e+00	0.000000000000000000e+00	0.000000000000000000e+00
1.024887999999999799e+01	1.975001000000000673e+01	7.596000000000000085e+00	0.000000000000000000e+00	0.000000000000000000e+00	0.000000000000000000e+00	0.000000000000000000e+00
1.074887999999999799e+01	1.975001000000000673e+01	7.612000000000000099e+00	0.000000000000000000e+00	0.000000000000000000e+00	0.000000000000000000e+00	0.000000000000000000e+00
1.124887999999999799e+01	1.975001000000000673e+01	7.217999999999999972e+00	0.000000000000000000e+00	0.000000000000000000e+00	0.000000000000000000e+00	0.000000000000000000e+00
1.174887999999999977e+01	1.975001000000000673e+01	7.155999999999999694e+00	0.000000000000000000e+00	0.000000000000000000e+00	0.000000000000000000e+00	0.000000000000000000e+00
1.224887999999999977e+01	1.975001000000000673e+01	7.402000000000000135e+00	0.000000000000000000e+00	0.000000000000000000e+00	0.000000000000000000e+00	0.000000000000000000e+00
1.274887999999999977e+01	1.975001000000000673e+01	7.225999999999999979e+00	0.000000000000000000e+00	0.000000000000000000e+00	0.000000000000000000e+00	0.000000000000000000e+00
1.324887999999999977e+01	1.975001000000000673e+01	6.977999999999999758e+00	0.000000000000000000e+00	0.000000000000000000e+00	0.000000000000000000e+00	0.000000000000000000e+00
1.374887999999999977e+01	1.975001000000000673e+01	7.120000000000000107e+00	0.000000000000000000e+00	0.000000000000000000e+00	0.000000000000000000e+00	0.000000000000000000e+00
1.424887999999999977e+01	1.975001000000000673e+01	7.118000000000000327e+00	0.000000000000000000e+00	0.000000000000000000e+00	0.000000000000000000e+00	0.000000000000000000e+00
1.474888000000000154e+01	1.975001000000000673e+01	7.440000000000000391e+00	0.000000000000000000e+00	0.000000000000000000e+00	0.000000000000000000e+00	0.000000000000000000e+00
1.524888000000000154e+01	1.975001000000000673e+01	7.961999999999999744e+00	0.000000000000000000e+00	0.000000000000000000e+00	0.000000000000000000e+00	0.000000000000000000e+00
1.574887999999999977e+01	1.975001000000000673e+01	9.301999999999999602e+00	0.000000000000000000e+00	0.000000000000000000e+00	0.000000000000000000e+00	0.000000000000000000e+00
1.624887999999999977e+01	1.975001000000000673e+01	1.107000000000000028e+01	0.000000000000000000e+00	0.000000000000000000e+00	0.000000000000000000e+00	0.000000000000000000e+00
1.674888000000000332e+01	1.975001000000000673e+01	1.250999999999999979e+01	0.000000000000000000e+00	0.000000000000000000e+00	0.000000000000000000e+00	0.000000000000000000e+00
1.724888000000000332e+01	1.975001000000000673e+01	1.302999999999999936e+01	0.000000000000000000e+00	0.000000000000000000e+00	0.000000000000000000e+00	0.000000000000000000e+00
1.774887999999999977e+01	1.975001000000000673e+01	1.485200000000000031e+01	0.000000000000000000e+00	0.000000000000000000e+00	0.000000000000000000e+00	0.000000000000000000e+00
1.824888000000000332e+01	1.975001000000000673e+01	1.586599999999999966e+01	0.000000000000000000e+00	0.000000000000000000e+00	0.000000000000000000e+00	0.000000000000000000e+00
1.874888000000000332e+01	1.975001000000000673e+01	1.659400000000000119e+01	0.000000000000000000e+00	0.000000000000000000e+00	0.000000000000000000e+00	0.000000000000000000e+00
1.924888000000000332e+01	1.975001000000000673e+01	1.683800000000000097e+01	0.000000000000000000e+00	0.000000000000000000e+00	0.000000000000000000e+00	0.000000000000000000e+00
1.974888000000000332e+01	1.975001000000000673e+01	1.662399999999999878e+01	0.000000000000000000e+00	0.000000000000000000e+00	0.000000000000000000e+00	0.000000000000000000e+00
