#Date: 2024-12-02 10:07:15
#Total scanning time: 202.57045340538025
#Scan direction: X
#X range: 10.499469999999999 - 19.499470000000002 um
#Y range: 10.50001 - 19.500010000000007 um
#X pixels: 10, pixelsize: 1e-06 um
#Y pixels: 10, pixelsize: 1e-06 um
#Integration time per pixel: 50.0 ms
#Columns: X [um], Y [um], counts, freq_center, fwhm, contrast, sensitivity
1.049946999999999875e+01	1.050000999999999962e+01	1.425999999999999979e+01	0.000000000000000000e+00	0.000000000000000000e+00	0.000000000000000000e+00	0.000000000000000000e+00
1.149947000000000052e+01	1.050000999999999962e+01	1.393999999999999950e+01	0.000000000000000000e+00	0.000000000000000000e+00	0.000000000000000000e+00	0.000000000000000000e+00
1.249947000000000052e+01	1.050000999999999962e+01	1.291999999999999993e+01	0.000000000000000000e+00	0.000000000000000000e+00	0.000000000000000000e+00	0.000000000000000000e+00
1.349947000000000052e+01	1.050000999999999962e+01	1.440000000000000036e+01	0.000000000000000000e+00	0.000000000000000000e+00	0.000000000000000000e+00	0.000000000000000000e+00
1.449947000000000230e+01	1.050000999999999962e+01	1.277999999999999936e+01	0.000000000000000000e+00	0.000000000000000000e+00	0.000000000000000000e+00	0.000000000000000000e+00
1.549947000000000052e+01	1.050000999999999962e+01	1.325999999999999979e+01	0.000000000000000000e+00	0.000000000000000000e+00	0.000000000000000000e+00	0.000000000000000000e+00
1.649947000000000585e+01	1.050000999999999962e+01	1.311999999999999922e+01	0.000000000000000000e+00	0.000000000000000000e+00	0.000000000000000000e+00	0.000000000000000000e+00
1.749947000000000230e+01	1.050000999999999962e+01	1.327999999999999936e+01	0.000000000000000000e+00	0.000000000000000000e+00	0.000000000000000000e+00	0.000000000000000000e+00
1.849947000000000585e+01	1.050000999999999962e+01	1.414000000000000057e+01	0.000000000000000000e+00	0.000000000000000000e+00	0.000000000000000000e+00	0.000000000000000000e+00
1.949947000000000230e+01	1.050000999999999962e+01	1.272000000000000064e+01	0.000000000000000000e+00	0.000000000000000000e+00	0.000000000000000000e+00	0.000000000000000000e+00
1.049946999999999875e+01	1.150001000000000140e+01	1.335999999999999943e+01	0.000000000000000000e+00	0.000000000000000000e+00	0.000000000000000000e+00	0.000000000000000000e+00
1.149947000000000052e+01	1.150001000000000140e+01	1.325999999999999979e+01	0.000000000000000000e+00	0.000000000000000000e+00	0.000000000000000000e+00	0.000000000000000000e+00
1.249947000000000052e+01	1.150001000000000140e+01	1.346000000000000085e+01	0.000000000000000000e+00	0.000000000000000000e+00	0.000000000000000000e+00	0.000000000000000000e+00
1.349947000000000052e+01	1.150001000000000140e+01	1.272000000000000064e+01	0.000000000000000000e+00	0.000000000000000000e+00	0.000000000000000000e+00	0.000000000000000000e+00
1.449947000000000230e+01	1.150001000000000140e+01	1.317999999999999972e+01	0.000000000000000000e+00	0.000000000000000000e+00	0.000000000000000000e+00	0.000000000000000000e+00
1.549947000000000052e+01	1.150001000000000140e+01	1.364000000000000057e+01	0.000000000000000000e+00	0.000000000000000000e+00	0.000000000000000000e+00	0.000000000000000000e+00
1.649947000000000585e+01	1.150001000000000140e+01	1.343999999999999950e+01	0.000000000000000000e+00	0.000000000000000000e+00	0.000000000000000000e+00	0.000000000000000000e+00
1.749947000000000230e+01	1.150001000000000140e+01	1.274000000000000021e+01	0.000000000000000000e+00	0.000000000000000000e+00	0.000000000000000000e+00	0.000000000000000000e+00
1.849947000000000585e+01	1.150001000000000140e+01	1.367999999999999972e+01	0.000000000000000000e+00	0.000000000000000000e+00	0.000000000000000000e+00	0.000000000000000000e+00
1.949947000000000230e+01	1.150001000000000140e+01	1.241999999999999993e+01	0.000000000000000000e+00	0.000000000000000000e+00	0.000000000000000000e+00	0.000000000000000000e+00
1.049946999999999875e+01	1.250001000000000140e+01	1.359999999999999964e+01	0.000000000000000000e+00	0.000000000000000000e+00	0.000000000000000000e+00	0.000000000000000000e+00
1.149947000000000052e+01	1.250001000000000140e+01	1.291999999999999993e+01	0.000000000000000000e+00	0.000000000000000000e+00	0.000000000000000000e+00	0.000000000000000000e+00
1.249947000000000052e+01	1.250001000000000140e+01	1.293999999999999950e+01	0.000000000000000000e+00	0.000000000000000000e+00	0.000000000000000000e+00	0.000000000000000000e+00
1.349947000000000052e+01	1.250001000000000140e+01	1.443999999999999950e+01	0.000000000000000000e+00	0.000000000000000000e+00	0.000000000000000000e+00	0.000000000000000000e+00
1.449947000000000230e+01	1.250001000000000140e+01	1.372000000000000064e+01	0.000000000000000000e+00	0.000000000000000000e+00	0.000000000000000000e+00	0.000000000000000000e+00
1.549947000000000052e+01	1.250001000000000140e+01	1.296000000000000085e+01	0.000000000000000000e+00	0.000000000000000000e+00	0.000000000000000000e+00	0.000000000000000000e+00
1.649947000000000585e+01	1.250001000000000140e+01	1.375999999999999979e+01	0.000000000000000000e+00	0.000000000000000000e+00	0.000000000000000000e+00	0.000000000000000000e+00
1.749947000000000230e+01	1.250001000000000140e+01	1.356000000000000050e+01	0.000000000000000000e+00	0.000000000000000000e+00	0.000000000000000000e+00	0.000000000000000000e+00
1.849947000000000585e+01	1.250001000000000140e+01	1.341999999999999993e+01	0.000000000000000000e+00	0.000000000000000000e+00	0.000000000000000000e+00	0.000000000000000000e+00
1.949947000000000230e+01	1.250001000000000140e+01	1.414000000000000057e+01	0.000000000000000000e+00	0.000000000000000000e+00	0.000000000000000000e+00	0.000000000000000000e+00
1.049946999999999875e+01	1.350001000000000140e+01	1.422000000000000064e+01	0.000000000000000000e+00	0.000000000000000000e+00	0.000000000000000000e+00	0.000000000000000000e+00
1.149947000000000052e+01	1.350001000000000140e+01	1.398000000000000043e+01	0.000000000000000000e+00	0.000000000000000000e+00	0.000000000000000000e+00	0.000000000000000000e+00
1.249947000000000052e+01	1.350001000000000140e+01	1.408000000000000007e+01	0.000000000000000000e+00	0.000000000000000000e+00	0.000000000000000000e+00	0.000000000000000000e+00
1.349947000000000052e+01	1.350001000000000140e+01	1.425999999999999979e+01	0.000000000000000000e+00	0.000000000000000000e+00	0.000000000000000000e+00	0.000000000000000000e+00
1.449947000000000230e+01	1.350001000000000140e+01	1.366000000000000014e+01	0.000000000000000000e+00	0.000000000000000000e+00	0.000000000000000000e+00	0.000000000000000000e+00
1.549947000000000052e+01	1.350001000000000140e+01	1.285999999999999943e+01	0.000000000000000000e+00	0.000000000000000000e+00	0.000000000000000000e+00	0.000000000000000000e+00
1.649947000000000585e+01	1.350001000000000140e+01	1.282000000000000028e+01	0.000000000000000000e+00	0.000000000000000000e+00	0.000000000000000000e+00	0.000000000000000000e+00
1.749947000000000230e+01	1.350001000000000140e+01	1.356000000000000050e+01	0.000000000000000000e+00	0.000000000000000000e+00	0.000000000000000000e+00	0.000000000000000000e+00
1.849947000000000585e+01	1.350001000000000140e+01	1.267999999999999972e+01	0.000000000000000000e+00	0.000000000000000000e+00	0.000000000000000000e+00	0.000000000000000000e+00
1.949947000000000230e+01	1.350001000000000140e+01	1.350000000000000000e+01	0.000000000000000000e+00	0.000000000000000000e+00	0.000000000000000000e+00	0.000000000000000000e+00
1.049946999999999875e+01	1.450001000000000317e+01	1.308000000000000007e+01	0.000000000000000000e+00	0.000000000000000000e+00	0.000000000000000000e+00	0.000000000000000000e+00
1.149947000000000052e+01	1.450001000000000317e+01	1.356000000000000050e+01	0.000000000000000000e+00	0.000000000000000000e+00	0.000000000000000000e+00	0.000000000000000000e+00
1.249947000000000052e+01	1.450001000000000317e+01	1.341999999999999993e+01	0.000000000000000000e+00	0.000000000000000000e+00	0.000000000000000000e+00	0.000000000000000000e+00
1.349947000000000052e+01	1.450001000000000317e+01	1.325999999999999979e+01	0.000000000000000000e+00	0.000000000000000000e+00	0.000000000000000000e+00	0.000000000000000000e+00
1.449947000000000230e+01	1.450001000000000317e+01	1.314000000000000057e+01	0.000000000000000000e+00	0.000000000000000000e+00	0.000000000000000000e+00	0.000000000000000000e+00
1.549947000000000052e+01	1.450001000000000317e+01	1.391999999999999993e+01	0.000000000000000000e+00	0.000000000000000000e+00	0.000000000000000000e+00	0.000000000000000000e+00
1.649947000000000585e+01	1.450001000000000317e+01	1.358000000000000007e+01	0.000000000000000000e+00	0.000000000000000000e+00	0.000000000000000000e+00	0.000000000000000000e+00
1.749947000000000230e+01	1.450001000000000317e+01	1.380000000000000071e+01	0.000000000000000000e+00	0.000000000000000000e+00	0.000000000000000000e+00	0.000000000000000000e+00
1.849947000000000585e+01	1.450001000000000317e+01	1.374000000000000021e+01	0.000000000000000000e+00	0.000000000000000000e+00	0.000000000000000000e+00	0.000000000000000000e+00
1.949947000000000230e+01	1.450001000000000317e+01	1.333999999999999986e+01	0.000000000000000000e+00	0.000000000000000000e+00	0.000000000000000000e+00	0.000000000000000000e+00
1.049946999999999875e+01	1.550001000000000495e+01	1.327999999999999936e+01	0.000000000000000000e+00	0.000000000000000000e+00	0.000000000000000000e+00	0.000000000000000000e+00
1.149947000000000052e+01	1.550001000000000495e+01	1.364000000000000057e+01	0.000000000000000000e+00	0.000000000000000000e+00	0.000000000000000000e+00	0.000000000000000000e+00
1.249947000000000052e+01	1.550001000000000495e+01	1.382000000000000028e+01	0.000000000000000000e+00	0.000000000000000000e+00	0.000000000000000000e+00	0.000000000000000000e+00
1.349947000000000052e+01	1.550001000000000495e+01	1.377999999999999936e+01	0.000000000000000000e+00	0.000000000000000000e+00	0.000000000000000000e+00	0.000000000000000000e+00
1.449947000000000230e+01	1.550001000000000495e+01	1.372000000000000064e+01	0.000000000000000000e+00	0.000000000000000000e+00	0.000000000000000000e+00	0.000000000000000000e+00
1.549947000000000052e+01	1.550001000000000495e+01	1.350000000000000000e+01	0.000000000000000000e+00	0.000000000000000000e+00	0.000000000000000000e+00	0.000000000000000000e+00
1.649947000000000585e+01	1.550001000000000495e+01	1.377999999999999936e+01	0.000000000000000000e+00	0.000000000000000000e+00	0.000000000000000000e+00	0.000000000000000000e+00
1.749947000000000230e+01	1.550001000000000495e+01	1.382000000000000028e+01	0.000000000000000000e+00	0.000000000000000000e+00	0.000000000000000000e+00	0.000000000000000000e+00
1.849947000000000585e+01	1.550001000000000495e+01	1.340000000000000036e+01	0.000000000000000000e+00	0.000000000000000000e+00	0.000000000000000000e+00	0.000000000000000000e+00
1.949947000000000230e+01	1.550001000000000495e+01	1.393999999999999950e+01	0.000000000000000000e+00	0.000000000000000000e+00	0.000000000000000000e+00	0.000000000000000000e+00
1.049946999999999875e+01	1.650001000000000317e+01	1.274000000000000021e+01	0.000000000000000000e+00	0.000000000000000000e+00	0.000000000000000000e+00	0.000000000000000000e+00
1.149947000000000052e+01	1.650001000000000317e+01	1.351999999999999957e+01	0.000000000000000000e+00	0.000000000000000000e+00	0.000000000000000000e+00	0.000000000000000000e+00
1.249947000000000052e+01	1.650001000000000317e+01	1.222000000000000064e+01	0.000000000000000000e+00	0.000000000000000000e+00	0.000000000000000000e+00	0.000000000000000000e+00
1.349947000000000052e+01	1.650001000000000317e+01	1.488000000000000078e+01	0.000000000000000000e+00	0.000000000000000000e+00	0.000000000000000000e+00	0.000000000000000000e+00
1.449947000000000230e+01	1.650001000000000317e+01	1.396000000000000085e+01	0.000000000000000000e+00	0.000000000000000000e+00	0.000000000000000000e+00	0.000000000000000000e+00
1.549947000000000052e+01	1.650001000000000317e+01	1.380000000000000071e+01	0.000000000000000000e+00	0.000000000000000000e+00	0.000000000000000000e+00	0.000000000000000000e+00
1.649947000000000585e+01	1.650001000000000317e+01	1.325999999999999979e+01	0.000000000000000000e+00	0.000000000000000000e+00	0.000000000000000000e+00	0.000000000000000000e+00
1.749947000000000230e+01	1.650001000000000317e+01	1.398000000000000043e+01	0.000000000000000000e+00	0.000000000000000000e+00	0.000000000000000000e+00	0.000000000000000000e+00
1.849947000000000585e+01	1.650001000000000317e+01	1.235999999999999943e+01	0.000000000000000000e+00	0.000000000000000000e+00	0.000000000000000000e+00	0.000000000000000000e+00
1.949947000000000230e+01	1.650001000000000317e+01	1.374000000000000021e+01	0.000000000000000000e+00	0.000000000000000000e+00	0.000000000000000000e+00	0.000000000000000000e+00
1.049946999999999875e+01	1.750001000000000673e+01	1.335999999999999943e+01	0.000000000000000000e+00	0.000000000000000000e+00	0.000000000000000000e+00	0.000000000000000000e+00
1.149947000000000052e+01	1.750001000000000673e+01	1.417999999999999972e+01	0.000000000000000000e+00	0.000000000000000000e+00	0.000000000000000000e+00	0.000000000000000000e+00
1.249947000000000052e+01	1.750001000000000673e+01	1.350000000000000000e+01	0.000000000000000000e+00	0.000000000000000000e+00	0.000000000000000000e+00	0.000000000000000000e+00
1.349947000000000052e+01	1.750001000000000673e+01	1.422000000000000064e+01	0.000000000000000000e+00	0.000000000000000000e+00	0.000000000000000000e+00	0.000000000000000000e+00
1.449947000000000230e+01	1.750001000000000673e+01	1.300000000000000000e+01	0.000000000000000000e+00	0.000000000000000000e+00	0.000000000000000000e+00	0.000000000000000000e+00
1.549947000000000052e+01	1.750001000000000673e+01	1.377999999999999936e+01	0.000000000000000000e+00	0.000000000000000000e+00	0.000000000000000000e+00	0.000000000000000000e+00
1.649947000000000585e+01	1.750001000000000673e+01	1.364000000000000057e+01	0.000000000000000000e+00	0.000000000000000000e+00	0.000000000000000000e+00	0.000000000000000000e+00
1.749947000000000230e+01	1.750001000000000673e+01	1.383999999999999986e+01	0.000000000000000000e+00	0.000000000000000000e+00	0.000000000000000000e+00	0.000000000000000000e+00
1.849947000000000585e+01	1.750001000000000673e+01	1.288000000000000078e+01	0.000000000000000000e+00	0.000000000000000000e+00	0.000000000000000000e+00	0.000000000000000000e+00
1.949947000000000230e+01	1.750001000000000673e+01	1.248000000000000043e+01	0.000000000000000000e+00	0.000000000000000000e+00	0.000000000000000000e+00	0.000000000000000000e+00
1.049946999999999875e+01	1.850001000000000317e+01	1.267999999999999972e+01	0.000000000000000000e+00	0.000000000000000000e+00	0.000000000000000000e+00	0.000000000000000000e+00
1.149947000000000052e+01	1.850001000000000317e+01	1.238000000000000078e+01	0.000000000000000000e+00	0.000000000000000000e+00	0.000000000000000000e+00	0.000000000000000000e+00
1.249947000000000052e+01	1.850001000000000317e+01	1.301999999999999957e+01	0.000000000000000000e+00	0.000000000000000000e+00	0.000000000000000000e+00	0.000000000000000000e+00
1.349947000000000052e+01	1.850001000000000317e+01	1.309999999999999964e+01	0.000000000000000000e+00	0.000000000000000000e+00	0.000000000000000000e+00	0.000000000000000000e+00
1.449947000000000230e+01	1.850001000000000317e+01	1.258000000000000007e+01	0.000000000000000000e+00	0.000000000000000000e+00	0.000000000000000000e+00	0.000000000000000000e+00
1.549947000000000052e+01	1.850001000000000317e+01	1.248000000000000043e+01	0.000000000000000000e+00	0.000000000000000000e+00	0.000000000000000000e+00	0.000000000000000000e+00
1.649947000000000585e+01	1.850001000000000317e+01	1.383999999999999986e+01	0.000000000000000000e+00	0.000000000000000000e+00	0.000000000000000000e+00	0.000000000000000000e+00
1.749947000000000230e+01	1.850001000000000317e+01	1.361999999999999922e+01	0.000000000000000000e+00	0.000000000000000000e+00	0.000000000000000000e+00	0.000000000000000000e+00
1.849947000000000585e+01	1.850001000000000317e+01	1.332000000000000028e+01	0.000000000000000000e+00	0.000000000000000000e+00	0.000000000000000000e+00	0.000000000000000000e+00
1.949947000000000230e+01	1.850001000000000317e+01	1.372000000000000064e+01	0.000000000000000000e+00	0.000000000000000000e+00	0.000000000000000000e+00	0.000000000000000000e+00
1.049946999999999875e+01	1.950001000000000673e+01	1.319999999999999929e+01	0.000000000000000000e+00	0.000000000000000000e+00	0.000000000000000000e+00	0.000000000000000000e+00
1.149947000000000052e+01	1.950001000000000673e+01	1.401999999999999957e+01	0.000000000000000000e+00	0.000000000000000000e+00	0.000000000000000000e+00	0.000000000000000000e+00
1.249947000000000052e+01	1.950001000000000673e+01	1.408000000000000007e+01	0.000000000000000000e+00	0.000000000000000000e+00	0.000000000000000000e+00	0.000000000000000000e+00
1.349947000000000052e+01	1.950001000000000673e+01	1.316000000000000014e+01	0.000000000000000000e+00	0.000000000000000000e+00	0.000000000000000000e+00	0.000000000000000000e+00
1.449947000000000230e+01	1.950001000000000673e+01	1.288000000000000078e+01	0.000000000000000000e+00	0.000000000000000000e+00	0.000000000000000000e+00	0.000000000000000000e+00
1.549947000000000052e+01	1.950001000000000673e+01	1.383999999999999986e+01	0.000000000000000000e+00	0.000000000000000000e+00	0.000000000000000000e+00	0.000000000000000000e+00
1.649947000000000585e+01	1.950001000000000673e+01	1.275999999999999979e+01	0.000000000000000000e+00	0.000000000000000000e+00	0.000000000000000000e+00	0.000000000000000000e+00
1.749947000000000230e+01	1.950001000000000673e+01	1.309999999999999964e+01	0.000000000000000000e+00	0.000000000000000000e+00	0.000000000000000000e+00	0.000000000000000000e+00
1.849947000000000585e+01	1.950001000000000673e+01	1.380000000000000071e+01	0.000000000000000000e+00	0.000000000000000000e+00	0.000000000000000000e+00	0.000000000000000000e+00
1.949947000000000230e+01	1.950001000000000673e+01	1.372000000000000064e+01	0.000000000000000000e+00	0.000000000000000000e+00	0.000000000000000000e+00	0.000000000000000000e+00
