#Date: 2024-11-29 15:13:53
#Total scanning time: 202.22937989234924
#Scan direction: X
#X range: 10.49967 - 19.499670000000005 um
#Y range: 10.50001 - 19.500010000000007 um
#X pixels: 10, pixelsize: 1e-06 um
#Y pixels: 10, pixelsize: 1e-06 um
#Integration time per pixel: 50.0 ms
#Columns: X [um], Y [um], counts, freq_center, fwhm, contrast, sensitivity
1.049967000000000006e+01	1.050000999999999962e+01	2.648000000000000043e+01	0.000000000000000000e+00	0.000000000000000000e+00	0.000000000000000000e+00	0.000000000000000000e+00
1.149967000000000006e+01	1.050000999999999962e+01	2.817999999999999972e+01	0.000000000000000000e+00	0.000000000000000000e+00	0.000000000000000000e+00	0.000000000000000000e+00
1.249967000000000183e+01	1.050000999999999962e+01	2.757999999999999829e+01	0.000000000000000000e+00	0.000000000000000000e+00	0.000000000000000000e+00	0.000000000000000000e+00
1.349967000000000183e+01	1.050000999999999962e+01	2.937999999999999901e+01	0.000000000000000000e+00	0.000000000000000000e+00	0.000000000000000000e+00	0.000000000000000000e+00
1.449967000000000183e+01	1.050000999999999962e+01	2.787999999999999901e+01	0.000000000000000000e+00	0.000000000000000000e+00	0.000000000000000000e+00	0.000000000000000000e+00
1.549967000000000183e+01	1.050000999999999962e+01	2.785999999999999943e+01	0.000000000000000000e+00	0.000000000000000000e+00	0.000000000000000000e+00	0.000000000000000000e+00
1.649967000000000539e+01	1.050000999999999962e+01	2.655999999999999872e+01	0.000000000000000000e+00	0.000000000000000000e+00	0.000000000000000000e+00	0.000000000000000000e+00
1.749967000000000183e+01	1.050000999999999962e+01	2.839999999999999858e+01	0.000000000000000000e+00	0.000000000000000000e+00	0.000000000000000000e+00	0.000000000000000000e+00
1.849967000000000539e+01	1.050000999999999962e+01	2.700000000000000000e+01	0.000000000000000000e+00	0.000000000000000000e+00	0.000000000000000000e+00	0.000000000000000000e+00
1.949967000000000539e+01	1.050000999999999962e+01	2.780000000000000071e+01	0.000000000000000000e+00	0.000000000000000000e+00	0.000000000000000000e+00	0.000000000000000000e+00
1.049967000000000006e+01	1.150001000000000140e+01	2.857999999999999829e+01	0.000000000000000000e+00	0.000000000000000000e+00	0.000000000000000000e+00	0.000000000000000000e+00
1.149967000000000006e+01	1.150001000000000140e+01	2.769999999999999929e+01	0.000000000000000000e+00	0.000000000000000000e+00	0.000000000000000000e+00	0.000000000000000000e+00
1.249967000000000183e+01	1.150001000000000140e+01	2.821999999999999886e+01	0.000000000000000000e+00	0.000000000000000000e+00	0.000000000000000000e+00	0.000000000000000000e+00
1.349967000000000183e+01	1.150001000000000140e+01	2.716000000000000014e+01	0.000000000000000000e+00	0.000000000000000000e+00	0.000000000000000000e+00	0.000000000000000000e+00
1.449967000000000183e+01	1.150001000000000140e+01	2.683999999999999986e+01	0.000000000000000000e+00	0.000000000000000000e+00	0.000000000000000000e+00	0.000000000000000000e+00
1.549967000000000183e+01	1.150001000000000140e+01	2.844000000000000128e+01	0.000000000000000000e+00	0.000000000000000000e+00	0.000000000000000000e+00	0.000000000000000000e+00
1.649967000000000539e+01	1.150001000000000140e+01	2.744000000000000128e+01	0.000000000000000000e+00	0.000000000000000000e+00	0.000000000000000000e+00	0.000000000000000000e+00
1.749967000000000183e+01	1.150001000000000140e+01	2.780000000000000071e+01	0.000000000000000000e+00	0.000000000000000000e+00	0.000000000000000000e+00	0.000000000000000000e+00
1.849967000000000539e+01	1.150001000000000140e+01	2.687999999999999901e+01	0.000000000000000000e+00	0.000000000000000000e+00	0.000000000000000000e+00	0.000000000000000000e+00
1.949967000000000539e+01	1.150001000000000140e+01	2.692000000000000171e+01	0.000000000000000000e+00	0.000000000000000000e+00	0.000000000000000000e+00	0.000000000000000000e+00
1.049967000000000006e+01	1.250001000000000140e+01	2.800000000000000000e+01	0.000000000000000000e+00	0.000000000000000000e+00	0.000000000000000000e+00	0.000000000000000000e+00
1.149967000000000006e+01	1.250001000000000140e+01	2.744000000000000128e+01	0.000000000000000000e+00	0.000000000000000000e+00	0.000000000000000000e+00	0.000000000000000000e+00
1.249967000000000183e+01	1.250001000000000140e+01	2.723999999999999844e+01	0.000000000000000000e+00	0.000000000000000000e+00	0.000000000000000000e+00	0.000000000000000000e+00
1.349967000000000183e+01	1.250001000000000140e+01	2.687999999999999901e+01	0.000000000000000000e+00	0.000000000000000000e+00	0.000000000000000000e+00	0.000000000000000000e+00
1.449967000000000183e+01	1.250001000000000140e+01	2.783999999999999986e+01	0.000000000000000000e+00	0.000000000000000000e+00	0.000000000000000000e+00	0.000000000000000000e+00
1.549967000000000183e+01	1.250001000000000140e+01	2.689999999999999858e+01	0.000000000000000000e+00	0.000000000000000000e+00	0.000000000000000000e+00	0.000000000000000000e+00
1.649967000000000539e+01	1.250001000000000140e+01	2.707999999999999829e+01	0.000000000000000000e+00	0.000000000000000000e+00	0.000000000000000000e+00	0.000000000000000000e+00
1.749967000000000183e+01	1.250001000000000140e+01	2.660000000000000142e+01	0.000000000000000000e+00	0.000000000000000000e+00	0.000000000000000000e+00	0.000000000000000000e+00
1.849967000000000539e+01	1.250001000000000140e+01	2.778000000000000114e+01	0.000000000000000000e+00	0.000000000000000000e+00	0.000000000000000000e+00	0.000000000000000000e+00
1.949967000000000539e+01	1.250001000000000140e+01	2.810000000000000142e+01	0.000000000000000000e+00	0.000000000000000000e+00	0.000000000000000000e+00	0.000000000000000000e+00
1.049967000000000006e+01	1.350001000000000140e+01	2.630000000000000071e+01	0.000000000000000000e+00	0.000000000000000000e+00	0.000000000000000000e+00	0.000000000000000000e+00
1.149967000000000006e+01	1.350001000000000140e+01	2.821999999999999886e+01	0.000000000000000000e+00	0.000000000000000000e+00	0.000000000000000000e+00	0.000000000000000000e+00
1.249967000000000183e+01	1.350001000000000140e+01	2.792000000000000171e+01	0.000000000000000000e+00	0.000000000000000000e+00	0.000000000000000000e+00	0.000000000000000000e+00
1.349967000000000183e+01	1.350001000000000140e+01	2.837999999999999901e+01	0.000000000000000000e+00	0.000000000000000000e+00	0.000000000000000000e+00	0.000000000000000000e+00
1.449967000000000183e+01	1.350001000000000140e+01	2.703999999999999915e+01	0.000000000000000000e+00	0.000000000000000000e+00	0.000000000000000000e+00	0.000000000000000000e+00
1.549967000000000183e+01	1.350001000000000140e+01	2.717999999999999972e+01	0.000000000000000000e+00	0.000000000000000000e+00	0.000000000000000000e+00	0.000000000000000000e+00
1.649967000000000539e+01	1.350001000000000140e+01	2.796000000000000085e+01	0.000000000000000000e+00	0.000000000000000000e+00	0.000000000000000000e+00	0.000000000000000000e+00
1.749967000000000183e+01	1.350001000000000140e+01	2.803999999999999915e+01	0.000000000000000000e+00	0.000000000000000000e+00	0.000000000000000000e+00	0.000000000000000000e+00
1.849967000000000539e+01	1.350001000000000140e+01	2.764000000000000057e+01	0.000000000000000000e+00	0.000000000000000000e+00	0.000000000000000000e+00	0.000000000000000000e+00
1.949967000000000539e+01	1.350001000000000140e+01	2.853999999999999915e+01	0.000000000000000000e+00	0.000000000000000000e+00	0.000000000000000000e+00	0.000000000000000000e+00
1.049967000000000006e+01	1.450001000000000317e+01	2.805999999999999872e+01	0.000000000000000000e+00	0.000000000000000000e+00	0.000000000000000000e+00	0.000000000000000000e+00
1.149967000000000006e+01	1.450001000000000317e+01	2.635999999999999943e+01	0.000000000000000000e+00	0.000000000000000000e+00	0.000000000000000000e+00	0.000000000000000000e+00
1.249967000000000183e+01	1.450001000000000317e+01	2.789999999999999858e+01	0.000000000000000000e+00	0.000000000000000000e+00	0.000000000000000000e+00	0.000000000000000000e+00
1.349967000000000183e+01	1.450001000000000317e+01	2.760000000000000142e+01	0.000000000000000000e+00	0.000000000000000000e+00	0.000000000000000000e+00	0.000000000000000000e+00
1.449967000000000183e+01	1.450001000000000317e+01	2.753999999999999915e+01	0.000000000000000000e+00	0.000000000000000000e+00	0.000000000000000000e+00	0.000000000000000000e+00
1.549967000000000183e+01	1.450001000000000317e+01	2.907999999999999829e+01	0.000000000000000000e+00	0.000000000000000000e+00	0.000000000000000000e+00	0.000000000000000000e+00
1.649967000000000539e+01	1.450001000000000317e+01	2.821999999999999886e+01	0.000000000000000000e+00	0.000000000000000000e+00	0.000000000000000000e+00	0.000000000000000000e+00
1.749967000000000183e+01	1.450001000000000317e+01	2.619999999999999929e+01	0.000000000000000000e+00	0.000000000000000000e+00	0.000000000000000000e+00	0.000000000000000000e+00
1.849967000000000539e+01	1.450001000000000317e+01	2.698000000000000043e+01	0.000000000000000000e+00	0.000000000000000000e+00	0.000000000000000000e+00	0.000000000000000000e+00
1.949967000000000539e+01	1.450001000000000317e+01	2.717999999999999972e+01	0.000000000000000000e+00	0.000000000000000000e+00	0.000000000000000000e+00	0.000000000000000000e+00
1.049967000000000006e+01	1.550001000000000495e+01	2.753999999999999915e+01	0.000000000000000000e+00	0.000000000000000000e+00	0.000000000000000000e+00	0.000000000000000000e+00
1.149967000000000006e+01	1.550001000000000495e+01	2.705999999999999872e+01	0.000000000000000000e+00	0.000000000000000000e+00	0.000000000000000000e+00	0.000000000000000000e+00
1.249967000000000183e+01	1.550001000000000495e+01	2.605999999999999872e+01	0.000000000000000000e+00	0.000000000000000000e+00	0.000000000000000000e+00	0.000000000000000000e+00
1.349967000000000183e+01	1.550001000000000495e+01	2.783999999999999986e+01	0.000000000000000000e+00	0.000000000000000000e+00	0.000000000000000000e+00	0.000000000000000000e+00
1.449967000000000183e+01	1.550001000000000495e+01	2.742000000000000171e+01	0.000000000000000000e+00	0.000000000000000000e+00	0.000000000000000000e+00	0.000000000000000000e+00
1.549967000000000183e+01	1.550001000000000495e+01	2.751999999999999957e+01	0.000000000000000000e+00	0.000000000000000000e+00	0.000000000000000000e+00	0.000000000000000000e+00
1.649967000000000539e+01	1.550001000000000495e+01	2.589999999999999858e+01	0.000000000000000000e+00	0.000000000000000000e+00	0.000000000000000000e+00	0.000000000000000000e+00
1.749967000000000183e+01	1.550001000000000495e+01	2.612000000000000099e+01	0.000000000000000000e+00	0.000000000000000000e+00	0.000000000000000000e+00	0.000000000000000000e+00
1.849967000000000539e+01	1.550001000000000495e+01	2.742000000000000171e+01	0.000000000000000000e+00	0.000000000000000000e+00	0.000000000000000000e+00	0.000000000000000000e+00
1.949967000000000539e+01	1.550001000000000495e+01	2.746000000000000085e+01	0.000000000000000000e+00	0.000000000000000000e+00	0.000000000000000000e+00	0.000000000000000000e+00
1.049967000000000006e+01	1.650001000000000317e+01	2.705999999999999872e+01	0.000000000000000000e+00	0.000000000000000000e+00	0.000000000000000000e+00	0.000000000000000000e+00
1.149967000000000006e+01	1.650001000000000317e+01	2.678000000000000114e+01	0.000000000000000000e+00	0.000000000000000000e+00	0.000000000000000000e+00	0.000000000000000000e+00
1.249967000000000183e+01	1.650001000000000317e+01	2.796000000000000085e+01	0.000000000000000000e+00	0.000000000000000000e+00	0.000000000000000000e+00	0.000000000000000000e+00
1.349967000000000183e+01	1.650001000000000317e+01	2.751999999999999957e+01	0.000000000000000000e+00	0.000000000000000000e+00	0.000000000000000000e+00	0.000000000000000000e+00
1.449967000000000183e+01	1.650001000000000317e+01	2.894000000000000128e+01	0.000000000000000000e+00	0.000000000000000000e+00	0.000000000000000000e+00	0.000000000000000000e+00
1.549967000000000183e+01	1.650001000000000317e+01	2.769999999999999929e+01	0.000000000000000000e+00	0.000000000000000000e+00	0.000000000000000000e+00	0.000000000000000000e+00
1.649967000000000539e+01	1.650001000000000317e+01	2.894000000000000128e+01	0.000000000000000000e+00	0.000000000000000000e+00	0.000000000000000000e+00	0.000000000000000000e+00
1.749967000000000183e+01	1.650001000000000317e+01	2.717999999999999972e+01	0.000000000000000000e+00	0.000000000000000000e+00	0.000000000000000000e+00	0.000000000000000000e+00
1.849967000000000539e+01	1.650001000000000317e+01	2.787999999999999901e+01	0.000000000000000000e+00	0.000000000000000000e+00	0.000000000000000000e+00	0.000000000000000000e+00
1.949967000000000539e+01	1.650001000000000317e+01	2.844000000000000128e+01	0.000000000000000000e+00	0.000000000000000000e+00	0.000000000000000000e+00	0.000000000000000000e+00
1.049967000000000006e+01	1.750001000000000673e+01	2.837999999999999901e+01	0.000000000000000000e+00	0.000000000000000000e+00	0.000000000000000000e+00	0.000000000000000000e+00
1.149967000000000006e+01	1.750001000000000673e+01	2.780000000000000071e+01	0.000000000000000000e+00	0.000000000000000000e+00	0.000000000000000000e+00	0.000000000000000000e+00
1.249967000000000183e+01	1.750001000000000673e+01	2.700000000000000000e+01	0.000000000000000000e+00	0.000000000000000000e+00	0.000000000000000000e+00	0.000000000000000000e+00
1.349967000000000183e+01	1.750001000000000673e+01	2.714000000000000057e+01	0.000000000000000000e+00	0.000000000000000000e+00	0.000000000000000000e+00	0.000000000000000000e+00
1.449967000000000183e+01	1.750001000000000673e+01	2.821999999999999886e+01	0.000000000000000000e+00	0.000000000000000000e+00	0.000000000000000000e+00	0.000000000000000000e+00
1.549967000000000183e+01	1.750001000000000673e+01	2.694000000000000128e+01	0.000000000000000000e+00	0.000000000000000000e+00	0.000000000000000000e+00	0.000000000000000000e+00
1.649967000000000539e+01	1.750001000000000673e+01	2.826000000000000156e+01	0.000000000000000000e+00	0.000000000000000000e+00	0.000000000000000000e+00	0.000000000000000000e+00
1.749967000000000183e+01	1.750001000000000673e+01	2.935999999999999943e+01	0.000000000000000000e+00	0.000000000000000000e+00	0.000000000000000000e+00	0.000000000000000000e+00
1.849967000000000539e+01	1.750001000000000673e+01	2.855999999999999872e+01	0.000000000000000000e+00	0.000000000000000000e+00	0.000000000000000000e+00	0.000000000000000000e+00
1.949967000000000539e+01	1.750001000000000673e+01	2.733999999999999986e+01	0.000000000000000000e+00	0.000000000000000000e+00	0.000000000000000000e+00	0.000000000000000000e+00
1.049967000000000006e+01	1.850001000000000317e+01	2.726000000000000156e+01	0.000000000000000000e+00	0.000000000000000000e+00	0.000000000000000000e+00	0.000000000000000000e+00
1.149967000000000006e+01	1.850001000000000317e+01	2.682000000000000028e+01	0.000000000000000000e+00	0.000000000000000000e+00	0.000000000000000000e+00	0.000000000000000000e+00
1.249967000000000183e+01	1.850001000000000317e+01	2.798000000000000043e+01	0.000000000000000000e+00	0.000000000000000000e+00	0.000000000000000000e+00	0.000000000000000000e+00
1.349967000000000183e+01	1.850001000000000317e+01	2.692000000000000171e+01	0.000000000000000000e+00	0.000000000000000000e+00	0.000000000000000000e+00	0.000000000000000000e+00
1.449967000000000183e+01	1.850001000000000317e+01	2.864000000000000057e+01	0.000000000000000000e+00	0.000000000000000000e+00	0.000000000000000000e+00	0.000000000000000000e+00
1.549967000000000183e+01	1.850001000000000317e+01	2.794000000000000128e+01	0.000000000000000000e+00	0.000000000000000000e+00	0.000000000000000000e+00	0.000000000000000000e+00
1.649967000000000539e+01	1.850001000000000317e+01	2.855999999999999872e+01	0.000000000000000000e+00	0.000000000000000000e+00	0.000000000000000000e+00	0.000000000000000000e+00
1.749967000000000183e+01	1.850001000000000317e+01	2.651999999999999957e+01	0.000000000000000000e+00	0.000000000000000000e+00	0.000000000000000000e+00	0.000000000000000000e+00
1.849967000000000539e+01	1.850001000000000317e+01	2.960000000000000142e+01	0.000000000000000000e+00	0.000000000000000000e+00	0.000000000000000000e+00	0.000000000000000000e+00
1.949967000000000539e+01	1.850001000000000317e+01	2.742000000000000171e+01	0.000000000000000000e+00	0.000000000000000000e+00	0.000000000000000000e+00	0.000000000000000000e+00
1.049967000000000006e+01	1.950001000000000673e+01	2.901999999999999957e+01	0.000000000000000000e+00	0.000000000000000000e+00	0.000000000000000000e+00	0.000000000000000000e+00
1.149967000000000006e+01	1.950001000000000673e+01	2.716000000000000014e+01	0.000000000000000000e+00	0.000000000000000000e+00	0.000000000000000000e+00	0.000000000000000000e+00
1.249967000000000183e+01	1.950001000000000673e+01	2.742000000000000171e+01	0.000000000000000000e+00	0.000000000000000000e+00	0.000000000000000000e+00	0.000000000000000000e+00
1.349967000000000183e+01	1.950001000000000673e+01	2.680000000000000071e+01	0.000000000000000000e+00	0.000000000000000000e+00	0.000000000000000000e+00	0.000000000000000000e+00
1.449967000000000183e+01	1.950001000000000673e+01	2.823999999999999844e+01	0.000000000000000000e+00	0.000000000000000000e+00	0.000000000000000000e+00	0.000000000000000000e+00
1.549967000000000183e+01	1.950001000000000673e+01	2.700000000000000000e+01	0.000000000000000000e+00	0.000000000000000000e+00	0.000000000000000000e+00	0.000000000000000000e+00
1.649967000000000539e+01	1.950001000000000673e+01	2.612000000000000099e+01	0.000000000000000000e+00	0.000000000000000000e+00	0.000000000000000000e+00	0.000000000000000000e+00
1.749967000000000183e+01	1.950001000000000673e+01	2.601999999999999957e+01	0.000000000000000000e+00	0.000000000000000000e+00	0.000000000000000000e+00	0.000000000000000000e+00
1.849967000000000539e+01	1.950001000000000673e+01	2.723999999999999844e+01	0.000000000000000000e+00	0.000000000000000000e+00	0.000000000000000000e+00	0.000000000000000000e+00
1.949967000000000539e+01	1.950001000000000673e+01	2.583999999999999986e+01	0.000000000000000000e+00	0.000000000000000000e+00	0.000000000000000000e+00	0.000000000000000000e+00
