#Date: 2024-12-04 10:25:53
#Total scanning time: 201.86674070358276
#Scan direction: X
#X range: 10.49967 - 19.499670000000005 um
#Y range: 10.50001 - 19.500010000000007 um
#X pixels: 10, pixelsize: 1e-06 um
#Y pixels: 10, pixelsize: 1e-06 um
#Integration time per pixel: 50.0 ms
#Columns: X [um], Y [um], counts, freq_center, fwhm, contrast, sensitivity
1.049967000000000006e+01	1.050000999999999962e+01	4.600000000000000000e+01	0.000000000000000000e+00	0.000000000000000000e+00	0.000000000000000000e+00	0.000000000000000000e+00
1.149967000000000006e+01	1.050000999999999962e+01	4.714000000000000057e+01	0.000000000000000000e+00	0.000000000000000000e+00	0.000000000000000000e+00	0.000000000000000000e+00
1.249967000000000183e+01	1.050000999999999962e+01	4.532000000000000028e+01	0.000000000000000000e+00	0.000000000000000000e+00	0.000000000000000000e+00	0.000000000000000000e+00
1.349967000000000183e+01	1.050000999999999962e+01	4.225999999999999801e+01	0.000000000000000000e+00	0.000000000000000000e+00	0.000000000000000000e+00	0.000000000000000000e+00
1.449967000000000183e+01	1.050000999999999962e+01	4.052000000000000313e+01	0.000000000000000000e+00	0.000000000000000000e+00	0.000000000000000000e+00	0.000000000000000000e+00
1.549967000000000183e+01	1.050000999999999962e+01	3.717999999999999972e+01	0.000000000000000000e+00	0.000000000000000000e+00	0.000000000000000000e+00	0.000000000000000000e+00
1.649967000000000539e+01	1.050000999999999962e+01	3.710000000000000142e+01	0.000000000000000000e+00	0.000000000000000000e+00	0.000000000000000000e+00	0.000000000000000000e+00
1.749967000000000183e+01	1.050000999999999962e+01	3.392000000000000171e+01	0.000000000000000000e+00	0.000000000000000000e+00	0.000000000000000000e+00	0.000000000000000000e+00
1.849967000000000539e+01	1.050000999999999962e+01	2.910000000000000142e+01	0.000000000000000000e+00	0.000000000000000000e+00	0.000000000000000000e+00	0.000000000000000000e+00
1.949967000000000539e+01	1.050000999999999962e+01	2.385999999999999943e+01	0.000000000000000000e+00	0.000000000000000000e+00	0.000000000000000000e+00	0.000000000000000000e+00
1.049967000000000006e+01	1.150001000000000140e+01	7.457999999999999829e+01	0.000000000000000000e+00	0.000000000000000000e+00	0.000000000000000000e+00	0.000000000000000000e+00
1.149967000000000006e+01	1.150001000000000140e+01	8.545999999999999375e+01	0.000000000000000000e+00	0.000000000000000000e+00	0.000000000000000000e+00	0.000000000000000000e+00
1.249967000000000183e+01	1.150001000000000140e+01	8.065999999999999659e+01	0.000000000000000000e+00	0.000000000000000000e+00	0.000000000000000000e+00	0.000000000000000000e+00
1.349967000000000183e+01	1.150001000000000140e+01	7.401999999999999602e+01	0.000000000000000000e+00	0.000000000000000000e+00	0.000000000000000000e+00	0.000000000000000000e+00
1.449967000000000183e+01	1.150001000000000140e+01	6.856000000000000227e+01	0.000000000000000000e+00	0.000000000000000000e+00	0.000000000000000000e+00	0.000000000000000000e+00
1.549967000000000183e+01	1.150001000000000140e+01	7.387999999999999545e+01	0.000000000000000000e+00	0.000000000000000000e+00	0.000000000000000000e+00	0.000000000000000000e+00
1.649967000000000539e+01	1.150001000000000140e+01	7.128000000000000114e+01	0.000000000000000000e+00	0.000000000000000000e+00	0.000000000000000000e+00	0.000000000000000000e+00
1.749967000000000183e+01	1.150001000000000140e+01	6.523999999999999488e+01	0.000000000000000000e+00	0.000000000000000000e+00	0.000000000000000000e+00	0.000000000000000000e+00
1.849967000000000539e+01	1.150001000000000140e+01	6.232000000000000028e+01	0.000000000000000000e+00	0.000000000000000000e+00	0.000000000000000000e+00	0.000000000000000000e+00
1.949967000000000539e+01	1.150001000000000140e+01	5.370000000000000284e+01	0.000000000000000000e+00	0.000000000000000000e+00	0.000000000000000000e+00	0.000000000000000000e+00
1.049967000000000006e+01	1.250001000000000140e+01	1.430399999999999920e+02	0.000000000000000000e+00	0.000000000000000000e+00	0.000000000000000000e+00	0.000000000000000000e+00
1.149967000000000006e+01	1.250001000000000140e+01	1.947199999999999989e+02	0.000000000000000000e+00	0.000000000000000000e+00	0.000000000000000000e+00	0.000000000000000000e+00
1.249967000000000183e+01	1.250001000000000140e+01	1.955399999999999920e+02	0.000000000000000000e+00	0.000000000000000000e+00	0.000000000000000000e+00	0.000000000000000000e+00
1.349967000000000183e+01	1.250001000000000140e+01	1.761999999999999886e+02	0.000000000000000000e+00	0.000000000000000000e+00	0.000000000000000000e+00	0.000000000000000000e+00
1.449967000000000183e+01	1.250001000000000140e+01	1.634799999999999898e+02	0.000000000000000000e+00	0.000000000000000000e+00	0.000000000000000000e+00	0.000000000000000000e+00
1.549967000000000183e+01	1.250001000000000140e+01	1.718000000000000114e+02	0.000000000000000000e+00	0.000000000000000000e+00	0.000000000000000000e+00	0.000000000000000000e+00
1.649967000000000539e+01	1.250001000000000140e+01	1.820000000000000000e+02	0.000000000000000000e+00	0.000000000000000000e+00	0.000000000000000000e+00	0.000000000000000000e+00
1.749967000000000183e+01	1.250001000000000140e+01	1.762199999999999989e+02	0.000000000000000000e+00	0.000000000000000000e+00	0.000000000000000000e+00	0.000000000000000000e+00
1.849967000000000539e+01	1.250001000000000140e+01	1.718000000000000114e+02	0.000000000000000000e+00	0.000000000000000000e+00	0.000000000000000000e+00	0.000000000000000000e+00
1.949967000000000539e+01	1.250001000000000140e+01	1.596200000000000045e+02	0.000000000000000000e+00	0.000000000000000000e+00	0.000000000000000000e+00	0.000000000000000000e+00
1.049967000000000006e+01	1.350001000000000140e+01	1.780200000000000102e+02	0.000000000000000000e+00	0.000000000000000000e+00	0.000000000000000000e+00	0.000000000000000000e+00
1.149967000000000006e+01	1.350001000000000140e+01	1.906399999999999864e+02	0.000000000000000000e+00	0.000000000000000000e+00	0.000000000000000000e+00	0.000000000000000000e+00
1.249967000000000183e+01	1.350001000000000140e+01	1.910399999999999920e+02	0.000000000000000000e+00	0.000000000000000000e+00	0.000000000000000000e+00	0.000000000000000000e+00
1.349967000000000183e+01	1.350001000000000140e+01	1.916399999999999864e+02	0.000000000000000000e+00	0.000000000000000000e+00	0.000000000000000000e+00	0.000000000000000000e+00
1.449967000000000183e+01	1.350001000000000140e+01	1.771399999999999864e+02	0.000000000000000000e+00	0.000000000000000000e+00	0.000000000000000000e+00	0.000000000000000000e+00
1.549967000000000183e+01	1.350001000000000140e+01	1.787400000000000091e+02	0.000000000000000000e+00	0.000000000000000000e+00	0.000000000000000000e+00	0.000000000000000000e+00
1.649967000000000539e+01	1.350001000000000140e+01	1.789000000000000057e+02	0.000000000000000000e+00	0.000000000000000000e+00	0.000000000000000000e+00	0.000000000000000000e+00
1.749967000000000183e+01	1.350001000000000140e+01	1.710999999999999943e+02	0.000000000000000000e+00	0.000000000000000000e+00	0.000000000000000000e+00	0.000000000000000000e+00
1.849967000000000539e+01	1.350001000000000140e+01	1.650600000000000023e+02	0.000000000000000000e+00	0.000000000000000000e+00	0.000000000000000000e+00	0.000000000000000000e+00
1.949967000000000539e+01	1.350001000000000140e+01	1.637599999999999909e+02	0.000000000000000000e+00	0.000000000000000000e+00	0.000000000000000000e+00	0.000000000000000000e+00
1.049967000000000006e+01	1.450001000000000317e+01	1.672400000000000091e+02	0.000000000000000000e+00	0.000000000000000000e+00	0.000000000000000000e+00	0.000000000000000000e+00
1.149967000000000006e+01	1.450001000000000317e+01	1.912400000000000091e+02	0.000000000000000000e+00	0.000000000000000000e+00	0.000000000000000000e+00	0.000000000000000000e+00
1.249967000000000183e+01	1.450001000000000317e+01	2.006599999999999966e+02	0.000000000000000000e+00	0.000000000000000000e+00	0.000000000000000000e+00	0.000000000000000000e+00
1.349967000000000183e+01	1.450001000000000317e+01	1.934799999999999898e+02	0.000000000000000000e+00	0.000000000000000000e+00	0.000000000000000000e+00	0.000000000000000000e+00
1.449967000000000183e+01	1.450001000000000317e+01	1.763000000000000114e+02	0.000000000000000000e+00	0.000000000000000000e+00	0.000000000000000000e+00	0.000000000000000000e+00
1.549967000000000183e+01	1.450001000000000317e+01	1.875399999999999920e+02	0.000000000000000000e+00	0.000000000000000000e+00	0.000000000000000000e+00	0.000000000000000000e+00
1.649967000000000539e+01	1.450001000000000317e+01	1.827400000000000091e+02	0.000000000000000000e+00	0.000000000000000000e+00	0.000000000000000000e+00	0.000000000000000000e+00
1.749967000000000183e+01	1.450001000000000317e+01	1.841800000000000068e+02	0.000000000000000000e+00	0.000000000000000000e+00	0.000000000000000000e+00	0.000000000000000000e+00
1.849967000000000539e+01	1.450001000000000317e+01	1.767199999999999989e+02	0.000000000000000000e+00	0.000000000000000000e+00	0.000000000000000000e+00	0.000000000000000000e+00
1.949967000000000539e+01	1.450001000000000317e+01	1.750800000000000125e+02	0.000000000000000000e+00	0.000000000000000000e+00	0.000000000000000000e+00	0.000000000000000000e+00
1.049967000000000006e+01	1.550001000000000495e+01	1.674199999999999875e+02	0.000000000000000000e+00	0.000000000000000000e+00	0.000000000000000000e+00	0.000000000000000000e+00
1.149967000000000006e+01	1.550001000000000495e+01	1.892400000000000091e+02	0.000000000000000000e+00	0.000000000000000000e+00	0.000000000000000000e+00	0.000000000000000000e+00
1.249967000000000183e+01	1.550001000000000495e+01	1.969399999999999977e+02	0.000000000000000000e+00	0.000000000000000000e+00	0.000000000000000000e+00	0.000000000000000000e+00
1.349967000000000183e+01	1.550001000000000495e+01	1.986399999999999864e+02	0.000000000000000000e+00	0.000000000000000000e+00	0.000000000000000000e+00	0.000000000000000000e+00
1.449967000000000183e+01	1.550001000000000495e+01	1.968000000000000114e+02	0.000000000000000000e+00	0.000000000000000000e+00	0.000000000000000000e+00	0.000000000000000000e+00
1.549967000000000183e+01	1.550001000000000495e+01	1.856200000000000045e+02	0.000000000000000000e+00	0.000000000000000000e+00	0.000000000000000000e+00	0.000000000000000000e+00
1.649967000000000539e+01	1.550001000000000495e+01	1.850200000000000102e+02	0.000000000000000000e+00	0.000000000000000000e+00	0.000000000000000000e+00	0.000000000000000000e+00
1.749967000000000183e+01	1.550001000000000495e+01	1.787199999999999989e+02	0.000000000000000000e+00	0.000000000000000000e+00	0.000000000000000000e+00	0.000000000000000000e+00
1.849967000000000539e+01	1.550001000000000495e+01	1.765800000000000125e+02	0.000000000000000000e+00	0.000000000000000000e+00	0.000000000000000000e+00	0.000000000000000000e+00
1.949967000000000539e+01	1.550001000000000495e+01	1.728400000000000034e+02	0.000000000000000000e+00	0.000000000000000000e+00	0.000000000000000000e+00	0.000000000000000000e+00
1.049967000000000006e+01	1.650001000000000317e+01	1.605999999999999943e+02	0.000000000000000000e+00	0.000000000000000000e+00	0.000000000000000000e+00	0.000000000000000000e+00
1.149967000000000006e+01	1.650001000000000317e+01	1.826200000000000045e+02	0.000000000000000000e+00	0.000000000000000000e+00	0.000000000000000000e+00	0.000000000000000000e+00
1.249967000000000183e+01	1.650001000000000317e+01	1.854000000000000057e+02	0.000000000000000000e+00	0.000000000000000000e+00	0.000000000000000000e+00	0.000000000000000000e+00
1.349967000000000183e+01	1.650001000000000317e+01	1.858400000000000034e+02	0.000000000000000000e+00	0.000000000000000000e+00	0.000000000000000000e+00	0.000000000000000000e+00
1.449967000000000183e+01	1.650001000000000317e+01	2.001200000000000045e+02	0.000000000000000000e+00	0.000000000000000000e+00	0.000000000000000000e+00	0.000000000000000000e+00
1.549967000000000183e+01	1.650001000000000317e+01	1.796200000000000045e+02	0.000000000000000000e+00	0.000000000000000000e+00	0.000000000000000000e+00	0.000000000000000000e+00
1.649967000000000539e+01	1.650001000000000317e+01	1.812400000000000091e+02	0.000000000000000000e+00	0.000000000000000000e+00	0.000000000000000000e+00	0.000000000000000000e+00
1.749967000000000183e+01	1.650001000000000317e+01	1.746599999999999966e+02	0.000000000000000000e+00	0.000000000000000000e+00	0.000000000000000000e+00	0.000000000000000000e+00
1.849967000000000539e+01	1.650001000000000317e+01	1.709600000000000080e+02	0.000000000000000000e+00	0.000000000000000000e+00	0.000000000000000000e+00	0.000000000000000000e+00
1.949967000000000539e+01	1.650001000000000317e+01	1.650000000000000000e+02	0.000000000000000000e+00	0.000000000000000000e+00	0.000000000000000000e+00	0.000000000000000000e+00
1.049967000000000006e+01	1.750001000000000673e+01	1.486399999999999864e+02	0.000000000000000000e+00	0.000000000000000000e+00	0.000000000000000000e+00	0.000000000000000000e+00
1.149967000000000006e+01	1.750001000000000673e+01	1.669600000000000080e+02	0.000000000000000000e+00	0.000000000000000000e+00	0.000000000000000000e+00	0.000000000000000000e+00
1.249967000000000183e+01	1.750001000000000673e+01	1.671800000000000068e+02	0.000000000000000000e+00	0.000000000000000000e+00	0.000000000000000000e+00	0.000000000000000000e+00
1.349967000000000183e+01	1.750001000000000673e+01	1.603000000000000114e+02	0.000000000000000000e+00	0.000000000000000000e+00	0.000000000000000000e+00	0.000000000000000000e+00
1.449967000000000183e+01	1.750001000000000673e+01	1.664600000000000080e+02	0.000000000000000000e+00	0.000000000000000000e+00	0.000000000000000000e+00	0.000000000000000000e+00
1.549967000000000183e+01	1.750001000000000673e+01	1.655200000000000102e+02	0.000000000000000000e+00	0.000000000000000000e+00	0.000000000000000000e+00	0.000000000000000000e+00
1.649967000000000539e+01	1.750001000000000673e+01	1.689600000000000080e+02	0.000000000000000000e+00	0.000000000000000000e+00	0.000000000000000000e+00	0.000000000000000000e+00
1.749967000000000183e+01	1.750001000000000673e+01	1.664000000000000057e+02	0.000000000000000000e+00	0.000000000000000000e+00	0.000000000000000000e+00	0.000000000000000000e+00
1.849967000000000539e+01	1.750001000000000673e+01	1.607400000000000091e+02	0.000000000000000000e+00	0.000000000000000000e+00	0.000000000000000000e+00	0.000000000000000000e+00
1.949967000000000539e+01	1.750001000000000673e+01	1.563600000000000136e+02	0.000000000000000000e+00	0.000000000000000000e+00	0.000000000000000000e+00	0.000000000000000000e+00
1.049967000000000006e+01	1.850001000000000317e+01	1.093599999999999994e+02	0.000000000000000000e+00	0.000000000000000000e+00	0.000000000000000000e+00	0.000000000000000000e+00
1.149967000000000006e+01	1.850001000000000317e+01	1.297599999999999909e+02	0.000000000000000000e+00	0.000000000000000000e+00	0.000000000000000000e+00	0.000000000000000000e+00
1.249967000000000183e+01	1.850001000000000317e+01	1.254800000000000040e+02	0.000000000000000000e+00	0.000000000000000000e+00	0.000000000000000000e+00	0.000000000000000000e+00
1.349967000000000183e+01	1.850001000000000317e+01	1.108199999999999932e+02	0.000000000000000000e+00	0.000000000000000000e+00	0.000000000000000000e+00	0.000000000000000000e+00
1.449967000000000183e+01	1.850001000000000317e+01	1.193199999999999932e+02	0.000000000000000000e+00	0.000000000000000000e+00	0.000000000000000000e+00	0.000000000000000000e+00
1.549967000000000183e+01	1.850001000000000317e+01	1.336800000000000068e+02	0.000000000000000000e+00	0.000000000000000000e+00	0.000000000000000000e+00	0.000000000000000000e+00
1.649967000000000539e+01	1.850001000000000317e+01	1.309799999999999898e+02	0.000000000000000000e+00	0.000000000000000000e+00	0.000000000000000000e+00	0.000000000000000000e+00
1.749967000000000183e+01	1.850001000000000317e+01	1.410800000000000125e+02	0.000000000000000000e+00	0.000000000000000000e+00	0.000000000000000000e+00	0.000000000000000000e+00
1.849967000000000539e+01	1.850001000000000317e+01	1.397400000000000091e+02	0.000000000000000000e+00	0.000000000000000000e+00	0.000000000000000000e+00	0.000000000000000000e+00
1.949967000000000539e+01	1.850001000000000317e+01	1.326399999999999864e+02	0.000000000000000000e+00	0.000000000000000000e+00	0.000000000000000000e+00	0.000000000000000000e+00
1.049967000000000006e+01	1.950001000000000673e+01	1.846000000000000085e+01	0.000000000000000000e+00	0.000000000000000000e+00	0.000000000000000000e+00	0.000000000000000000e+00
1.149967000000000006e+01	1.950001000000000673e+01	1.860000000000000142e+01	0.000000000000000000e+00	0.000000000000000000e+00	0.000000000000000000e+00	0.000000000000000000e+00
1.249967000000000183e+01	1.950001000000000673e+01	1.823999999999999844e+01	0.000000000000000000e+00	0.000000000000000000e+00	0.000000000000000000e+00	0.000000000000000000e+00
1.349967000000000183e+01	1.950001000000000673e+01	2.012000000000000099e+01	0.000000000000000000e+00	0.000000000000000000e+00	0.000000000000000000e+00	0.000000000000000000e+00
1.449967000000000183e+01	1.950001000000000673e+01	2.050000000000000000e+01	0.000000000000000000e+00	0.000000000000000000e+00	0.000000000000000000e+00	0.000000000000000000e+00
1.549967000000000183e+01	1.950001000000000673e+01	2.012000000000000099e+01	0.000000000000000000e+00	0.000000000000000000e+00	0.000000000000000000e+00	0.000000000000000000e+00
1.649967000000000539e+01	1.950001000000000673e+01	2.296000000000000085e+01	0.000000000000000000e+00	0.000000000000000000e+00	0.000000000000000000e+00	0.000000000000000000e+00
1.749967000000000183e+01	1.950001000000000673e+01	2.287999999999999901e+01	0.000000000000000000e+00	0.000000000000000000e+00	0.000000000000000000e+00	0.000000000000000000e+00
1.849967000000000539e+01	1.950001000000000673e+01	2.303999999999999915e+01	0.000000000000000000e+00	0.000000000000000000e+00	0.000000000000000000e+00	0.000000000000000000e+00
1.949967000000000539e+01	1.950001000000000673e+01	2.300000000000000000e+01	0.000000000000000000e+00	0.000000000000000000e+00	0.000000000000000000e+00	0.000000000000000000e+00
