#Date: 2024-11-27 12:02:03
#Total scanning time: 1732705221.6080263
#Scan direction: X
#X range: 1.4993099999999997 - 10.499310000000001 um
#Y range: 1.49992 - 10.499920000000003 um
#X pixels: 10, pixelsize: 1e-06 um
#Y pixels: 10, pixelsize: 1e-06 um
#Integration time per pixel: 1.0 ms
#Columns: X [um], Y [um], counts, freq_center, fwhm, contrast, sensitivity
1.499309999999999699e+00	1.499919999999999920e+00	1.300000000000000000e+01	0.000000000000000000e+00	0.000000000000000000e+00	0.000000000000000000e+00	0.000000000000000000e+00
2.499309999999999921e+00	1.499919999999999920e+00	1.600000000000000000e+01	0.000000000000000000e+00	0.000000000000000000e+00	0.000000000000000000e+00	0.000000000000000000e+00
3.499309999999999921e+00	1.499919999999999920e+00	1.400000000000000000e+01	0.000000000000000000e+00	0.000000000000000000e+00	0.000000000000000000e+00	0.000000000000000000e+00
4.499310000000000365e+00	1.499919999999999920e+00	1.500000000000000000e+01	0.000000000000000000e+00	0.000000000000000000e+00	0.000000000000000000e+00	0.000000000000000000e+00
5.499310000000000365e+00	1.499919999999999920e+00	9.000000000000000000e+00	0.000000000000000000e+00	0.000000000000000000e+00	0.000000000000000000e+00	0.000000000000000000e+00
6.499310000000001253e+00	1.499919999999999920e+00	1.300000000000000000e+01	0.000000000000000000e+00	0.000000000000000000e+00	0.000000000000000000e+00	0.000000000000000000e+00
7.499310000000000365e+00	1.499919999999999920e+00	1.500000000000000000e+01	0.000000000000000000e+00	0.000000000000000000e+00	0.000000000000000000e+00	0.000000000000000000e+00
8.499310000000001253e+00	1.499919999999999920e+00	1.600000000000000000e+01	0.000000000000000000e+00	0.000000000000000000e+00	0.000000000000000000e+00	0.000000000000000000e+00
9.499310000000001253e+00	1.499919999999999920e+00	1.500000000000000000e+01	0.000000000000000000e+00	0.000000000000000000e+00	0.000000000000000000e+00	0.000000000000000000e+00
1.049931000000000125e+01	1.499919999999999920e+00	8.000000000000000000e+00	0.000000000000000000e+00	0.000000000000000000e+00	0.000000000000000000e+00	0.000000000000000000e+00
1.499309999999999699e+00	2.499919999999999920e+00	1.500000000000000000e+01	0.000000000000000000e+00	0.000000000000000000e+00	0.000000000000000000e+00	0.000000000000000000e+00
2.499309999999999921e+00	2.499919999999999920e+00	1.800000000000000000e+01	0.000000000000000000e+00	0.000000000000000000e+00	0.000000000000000000e+00	0.000000000000000000e+00
3.499309999999999921e+00	2.499919999999999920e+00	1.200000000000000000e+01	0.000000000000000000e+00	0.000000000000000000e+00	0.000000000000000000e+00	0.000000000000000000e+00
4.499310000000000365e+00	2.499919999999999920e+00	1.700000000000000000e+01	0.000000000000000000e+00	0.000000000000000000e+00	0.000000000000000000e+00	0.000000000000000000e+00
5.499310000000000365e+00	2.499919999999999920e+00	1.600000000000000000e+01	0.000000000000000000e+00	0.000000000000000000e+00	0.000000000000000000e+00	0.000000000000000000e+00
6.499310000000001253e+00	2.499919999999999920e+00	1.200000000000000000e+01	0.000000000000000000e+00	0.000000000000000000e+00	0.000000000000000000e+00	0.000000000000000000e+00
7.499310000000000365e+00	2.499919999999999920e+00	1.600000000000000000e+01	0.000000000000000000e+00	0.000000000000000000e+00	0.000000000000000000e+00	0.000000000000000000e+00
8.499310000000001253e+00	2.499919999999999920e+00	1.300000000000000000e+01	0.000000000000000000e+00	0.000000000000000000e+00	0.000000000000000000e+00	0.000000000000000000e+00
9.499310000000001253e+00	2.499919999999999920e+00	2.000000000000000000e+01	0.000000000000000000e+00	0.000000000000000000e+00	0.000000000000000000e+00	0.000000000000000000e+00
1.049931000000000125e+01	2.499919999999999920e+00	1.500000000000000000e+01	0.000000000000000000e+00	0.000000000000000000e+00	0.000000000000000000e+00	0.000000000000000000e+00
1.499309999999999699e+00	3.499920000000000364e+00	1.300000000000000000e+01	0.000000000000000000e+00	0.000000000000000000e+00	0.000000000000000000e+00	0.000000000000000000e+00
2.499309999999999921e+00	3.499920000000000364e+00	8.000000000000000000e+00	0.000000000000000000e+00	0.000000000000000000e+00	0.000000000000000000e+00	0.000000000000000000e+00
3.499309999999999921e+00	3.499920000000000364e+00	1.200000000000000000e+01	0.000000000000000000e+00	0.000000000000000000e+00	0.000000000000000000e+00	0.000000000000000000e+00
4.499310000000000365e+00	3.499920000000000364e+00	1.300000000000000000e+01	0.000000000000000000e+00	0.000000000000000000e+00	0.000000000000000000e+00	0.000000000000000000e+00
5.499310000000000365e+00	3.499920000000000364e+00	1.400000000000000000e+01	0.000000000000000000e+00	0.000000000000000000e+00	0.000000000000000000e+00	0.000000000000000000e+00
6.499310000000001253e+00	3.499920000000000364e+00	1.400000000000000000e+01	0.000000000000000000e+00	0.000000000000000000e+00	0.000000000000000000e+00	0.000000000000000000e+00
7.499310000000000365e+00	3.499920000000000364e+00	1.600000000000000000e+01	0.000000000000000000e+00	0.000000000000000000e+00	0.000000000000000000e+00	0.000000000000000000e+00
8.499310000000001253e+00	3.499920000000000364e+00	1.000000000000000000e+01	0.000000000000000000e+00	0.000000000000000000e+00	0.000000000000000000e+00	0.000000000000000000e+00
9.499310000000001253e+00	3.499920000000000364e+00	1.700000000000000000e+01	0.000000000000000000e+00	0.000000000000000000e+00	0.000000000000000000e+00	0.000000000000000000e+00
1.049931000000000125e+01	3.499920000000000364e+00	1.800000000000000000e+01	0.000000000000000000e+00	0.000000000000000000e+00	0.000000000000000000e+00	0.000000000000000000e+00
1.499309999999999699e+00	4.499920000000000364e+00	1.400000000000000000e+01	0.000000000000000000e+00	0.000000000000000000e+00	0.000000000000000000e+00	0.000000000000000000e+00
2.499309999999999921e+00	4.499920000000000364e+00	8.000000000000000000e+00	0.000000000000000000e+00	0.000000000000000000e+00	0.000000000000000000e+00	0.000000000000000000e+00
3.499309999999999921e+00	4.499920000000000364e+00	1.700000000000000000e+01	0.000000000000000000e+00	0.000000000000000000e+00	0.000000000000000000e+00	0.000000000000000000e+00
4.499310000000000365e+00	4.499920000000000364e+00	1.100000000000000000e+01	0.000000000000000000e+00	0.000000000000000000e+00	0.000000000000000000e+00	0.000000000000000000e+00
5.499310000000000365e+00	4.499920000000000364e+00	1.500000000000000000e+01	0.000000000000000000e+00	0.000000000000000000e+00	0.000000000000000000e+00	0.000000000000000000e+00
6.499310000000001253e+00	4.499920000000000364e+00	2.000000000000000000e+01	0.000000000000000000e+00	0.000000000000000000e+00	0.000000000000000000e+00	0.000000000000000000e+00
7.499310000000000365e+00	4.499920000000000364e+00	1.400000000000000000e+01	0.000000000000000000e+00	0.000000000000000000e+00	0.000000000000000000e+00	0.000000000000000000e+00
8.499310000000001253e+00	4.499920000000000364e+00	1.300000000000000000e+01	0.000000000000000000e+00	0.000000000000000000e+00	0.000000000000000000e+00	0.000000000000000000e+00
9.499310000000001253e+00	4.499920000000000364e+00	1.100000000000000000e+01	0.000000000000000000e+00	0.000000000000000000e+00	0.000000000000000000e+00	0.000000000000000000e+00
1.049931000000000125e+01	4.499920000000000364e+00	1.600000000000000000e+01	0.000000000000000000e+00	0.000000000000000000e+00	0.000000000000000000e+00	0.000000000000000000e+00
1.499309999999999699e+00	5.499920000000001252e+00	1.300000000000000000e+01	0.000000000000000000e+00	0.000000000000000000e+00	0.000000000000000000e+00	0.000000000000000000e+00
2.499309999999999921e+00	5.499920000000001252e+00	1.700000000000000000e+01	0.000000000000000000e+00	0.000000000000000000e+00	0.000000000000000000e+00	0.000000000000000000e+00
3.499309999999999921e+00	5.499920000000001252e+00	1.300000000000000000e+01	0.000000000000000000e+00	0.000000000000000000e+00	0.000000000000000000e+00	0.000000000000000000e+00
4.499310000000000365e+00	5.499920000000001252e+00	1.100000000000000000e+01	0.000000000000000000e+00	0.000000000000000000e+00	0.000000000000000000e+00	0.000000000000000000e+00
5.499310000000000365e+00	5.499920000000001252e+00	1.500000000000000000e+01	0.000000000000000000e+00	0.000000000000000000e+00	0.000000000000000000e+00	0.000000000000000000e+00
6.499310000000001253e+00	5.499920000000001252e+00	1.600000000000000000e+01	0.000000000000000000e+00	0.000000000000000000e+00	0.000000000000000000e+00	0.000000000000000000e+00
7.499310000000000365e+00	5.499920000000001252e+00	1.300000000000000000e+01	0.000000000000000000e+00	0.000000000000000000e+00	0.000000000000000000e+00	0.000000000000000000e+00
8.499310000000001253e+00	5.499920000000001252e+00	1.400000000000000000e+01	0.000000000000000000e+00	0.000000000000000000e+00	0.000000000000000000e+00	0.000000000000000000e+00
9.499310000000001253e+00	5.499920000000001252e+00	1.600000000000000000e+01	0.000000000000000000e+00	0.000000000000000000e+00	0.000000000000000000e+00	0.000000000000000000e+00
1.049931000000000125e+01	5.499920000000001252e+00	1.400000000000000000e+01	0.000000000000000000e+00	0.000000000000000000e+00	0.000000000000000000e+00	0.000000000000000000e+00
1.499309999999999699e+00	6.499920000000001252e+00	1.000000000000000000e+01	0.000000000000000000e+00	0.000000000000000000e+00	0.000000000000000000e+00	0.000000000000000000e+00
2.499309999999999921e+00	6.499920000000001252e+00	1.200000000000000000e+01	0.000000000000000000e+00	0.000000000000000000e+00	0.000000000000000000e+00	0.000000000000000000e+00
3.499309999999999921e+00	6.499920000000001252e+00	1.800000000000000000e+01	0.000000000000000000e+00	0.000000000000000000e+00	0.000000000000000000e+00	0.000000000000000000e+00
4.499310000000000365e+00	6.499920000000001252e+00	1.100000000000000000e+01	0.000000000000000000e+00	0.000000000000000000e+00	0.000000000000000000e+00	0.000000000000000000e+00
5.499310000000000365e+00	6.499920000000001252e+00	1.300000000000000000e+01	0.000000000000000000e+00	0.000000000000000000e+00	0.000000000000000000e+00	0.000000000000000000e+00
6.499310000000001253e+00	6.499920000000001252e+00	1.500000000000000000e+01	0.000000000000000000e+00	0.000000000000000000e+00	0.000000000000000000e+00	0.000000000000000000e+00
7.499310000000000365e+00	6.499920000000001252e+00	1.600000000000000000e+01	0.000000000000000000e+00	0.000000000000000000e+00	0.000000000000000000e+00	0.000000000000000000e+00
8.499310000000001253e+00	6.499920000000001252e+00	2.200000000000000000e+01	0.000000000000000000e+00	0.000000000000000000e+00	0.000000000000000000e+00	0.000000000000000000e+00
9.499310000000001253e+00	6.499920000000001252e+00	1.000000000000000000e+01	0.000000000000000000e+00	0.000000000000000000e+00	0.000000000000000000e+00	0.000000000000000000e+00
1.049931000000000125e+01	6.499920000000001252e+00	1.400000000000000000e+01	0.000000000000000000e+00	0.000000000000000000e+00	0.000000000000000000e+00	0.000000000000000000e+00
1.499309999999999699e+00	7.499920000000000364e+00	1.100000000000000000e+01	0.000000000000000000e+00	0.000000000000000000e+00	0.000000000000000000e+00	0.000000000000000000e+00
2.499309999999999921e+00	7.499920000000000364e+00	1.300000000000000000e+01	0.000000000000000000e+00	0.000000000000000000e+00	0.000000000000000000e+00	0.000000000000000000e+00
3.499309999999999921e+00	7.499920000000000364e+00	1.500000000000000000e+01	0.000000000000000000e+00	0.000000000000000000e+00	0.000000000000000000e+00	0.000000000000000000e+00
4.499310000000000365e+00	7.499920000000000364e+00	1.700000000000000000e+01	0.000000000000000000e+00	0.000000000000000000e+00	0.000000000000000000e+00	0.000000000000000000e+00
5.499310000000000365e+00	7.499920000000000364e+00	1.900000000000000000e+01	0.000000000000000000e+00	0.000000000000000000e+00	0.000000000000000000e+00	0.000000000000000000e+00
6.499310000000001253e+00	7.499920000000000364e+00	9.000000000000000000e+00	0.000000000000000000e+00	0.000000000000000000e+00	0.000000000000000000e+00	0.000000000000000000e+00
7.499310000000000365e+00	7.499920000000000364e+00	2.400000000000000000e+01	0.000000000000000000e+00	0.000000000000000000e+00	0.000000000000000000e+00	0.000000000000000000e+00
8.499310000000001253e+00	7.499920000000000364e+00	2.000000000000000000e+01	0.000000000000000000e+00	0.000000000000000000e+00	0.000000000000000000e+00	0.000000000000000000e+00
9.499310000000001253e+00	7.499920000000000364e+00	9.000000000000000000e+00	0.000000000000000000e+00	0.000000000000000000e+00	0.000000000000000000e+00	0.000000000000000000e+00
1.049931000000000125e+01	7.499920000000000364e+00	1.500000000000000000e+01	0.000000000000000000e+00	0.000000000000000000e+00	0.000000000000000000e+00	0.000000000000000000e+00
1.499309999999999699e+00	8.499920000000001252e+00	1.100000000000000000e+01	0.000000000000000000e+00	0.000000000000000000e+00	0.000000000000000000e+00	0.000000000000000000e+00
2.499309999999999921e+00	8.499920000000001252e+00	1.500000000000000000e+01	0.000000000000000000e+00	0.000000000000000000e+00	0.000000000000000000e+00	0.000000000000000000e+00
3.499309999999999921e+00	8.499920000000001252e+00	1.100000000000000000e+01	0.000000000000000000e+00	0.000000000000000000e+00	0.000000000000000000e+00	0.000000000000000000e+00
4.499310000000000365e+00	8.499920000000001252e+00	1.600000000000000000e+01	0.000000000000000000e+00	0.000000000000000000e+00	0.000000000000000000e+00	0.000000000000000000e+00
5.499310000000000365e+00	8.499920000000001252e+00	1.700000000000000000e+01	0.000000000000000000e+00	0.000000000000000000e+00	0.000000000000000000e+00	0.000000000000000000e+00
6.499310000000001253e+00	8.499920000000001252e+00	1.400000000000000000e+01	0.000000000000000000e+00	0.000000000000000000e+00	0.000000000000000000e+00	0.000000000000000000e+00
7.499310000000000365e+00	8.499920000000001252e+00	1.000000000000000000e+01	0.000000000000000000e+00	0.000000000000000000e+00	0.000000000000000000e+00	0.000000000000000000e+00
8.499310000000001253e+00	8.499920000000001252e+00	9.000000000000000000e+00	0.000000000000000000e+00	0.000000000000000000e+00	0.000000000000000000e+00	0.000000000000000000e+00
9.499310000000001253e+00	8.499920000000001252e+00	1.000000000000000000e+01	0.000000000000000000e+00	0.000000000000000000e+00	0.000000000000000000e+00	0.000000000000000000e+00
1.049931000000000125e+01	8.499920000000001252e+00	1.500000000000000000e+01	0.000000000000000000e+00	0.000000000000000000e+00	0.000000000000000000e+00	0.000000000000000000e+00
1.499309999999999699e+00	9.499920000000001252e+00	1.400000000000000000e+01	0.000000000000000000e+00	0.000000000000000000e+00	0.000000000000000000e+00	0.000000000000000000e+00
2.499309999999999921e+00	9.499920000000001252e+00	2.500000000000000000e+01	0.000000000000000000e+00	0.000000000000000000e+00	0.000000000000000000e+00	0.000000000000000000e+00
3.499309999999999921e+00	9.499920000000001252e+00	1.800000000000000000e+01	0.000000000000000000e+00	0.000000000000000000e+00	0.000000000000000000e+00	0.000000000000000000e+00
4.499310000000000365e+00	9.499920000000001252e+00	1.500000000000000000e+01	0.000000000000000000e+00	0.000000000000000000e+00	0.000000000000000000e+00	0.000000000000000000e+00
5.499310000000000365e+00	9.499920000000001252e+00	2.000000000000000000e+01	0.000000000000000000e+00	0.000000000000000000e+00	0.000000000000000000e+00	0.000000000000000000e+00
6.499310000000001253e+00	9.499920000000001252e+00	1.300000000000000000e+01	0.000000000000000000e+00	0.000000000000000000e+00	0.000000000000000000e+00	0.000000000000000000e+00
7.499310000000000365e+00	9.499920000000001252e+00	1.500000000000000000e+01	0.000000000000000000e+00	0.000000000000000000e+00	0.000000000000000000e+00	0.000000000000000000e+00
8.499310000000001253e+00	9.499920000000001252e+00	1.600000000000000000e+01	0.000000000000000000e+00	0.000000000000000000e+00	0.000000000000000000e+00	0.000000000000000000e+00
9.499310000000001253e+00	9.499920000000001252e+00	1.900000000000000000e+01	0.000000000000000000e+00	0.000000000000000000e+00	0.000000000000000000e+00	0.000000000000000000e+00
1.049931000000000125e+01	9.499920000000001252e+00	2.300000000000000000e+01	0.000000000000000000e+00	0.000000000000000000e+00	0.000000000000000000e+00	0.000000000000000000e+00
1.499309999999999699e+00	1.049992000000000303e+01	1.400000000000000000e+01	0.000000000000000000e+00	0.000000000000000000e+00	0.000000000000000000e+00	0.000000000000000000e+00
2.499309999999999921e+00	1.049992000000000303e+01	1.800000000000000000e+01	0.000000000000000000e+00	0.000000000000000000e+00	0.000000000000000000e+00	0.000000000000000000e+00
3.499309999999999921e+00	1.049992000000000303e+01	1.200000000000000000e+01	0.000000000000000000e+00	0.000000000000000000e+00	0.000000000000000000e+00	0.000000000000000000e+00
4.499310000000000365e+00	1.049992000000000303e+01	1.800000000000000000e+01	0.000000000000000000e+00	0.000000000000000000e+00	0.000000000000000000e+00	0.000000000000000000e+00
5.499310000000000365e+00	1.049992000000000303e+01	1.700000000000000000e+01	0.000000000000000000e+00	0.000000000000000000e+00	0.000000000000000000e+00	0.000000000000000000e+00
6.499310000000001253e+00	1.049992000000000303e+01	1.500000000000000000e+01	0.000000000000000000e+00	0.000000000000000000e+00	0.000000000000000000e+00	0.000000000000000000e+00
7.499310000000000365e+00	1.049992000000000303e+01	2.000000000000000000e+01	0.000000000000000000e+00	0.000000000000000000e+00	0.000000000000000000e+00	0.000000000000000000e+00
8.499310000000001253e+00	1.049992000000000303e+01	1.800000000000000000e+01	0.000000000000000000e+00	0.000000000000000000e+00	0.000000000000000000e+00	0.000000000000000000e+00
9.499310000000001253e+00	1.049992000000000303e+01	1.400000000000000000e+01	0.000000000000000000e+00	0.000000000000000000e+00	0.000000000000000000e+00	0.000000000000000000e+00
1.049931000000000125e+01	1.049992000000000303e+01	1.500000000000000000e+01	0.000000000000000000e+00	0.000000000000000000e+00	0.000000000000000000e+00	0.000000000000000000e+00
