#Date: 2024-11-22 14:08:58
#Scan direction: X
#X range: 1.54957e-06 - 2.449569999999999e-06 um
#Y range: 2.59996e-06 - 3.3999600000000006e-06 um
#X pixels: 10, pixelsize: 1e-07 um
#Y pixels: 5, pixelsize: 2e-07 um
#Integration time per pixel: 0.1 ms
#Columns: X [um], Y [um], contrast
0.000002 0.000003 0.000000
0.000002 0.000003 0.000000
0.000002 0.000003 0.000000
0.000002 0.000003 0.000000
0.000002 0.000003 0.000000
0.000002 0.000003 0.000000
0.000002 0.000003 0.000000
0.000002 0.000003 0.000000
0.000002 0.000003 0.000000
0.000002 0.000003 0.000000
0.000002 0.000003 0.000000
0.000002 0.000003 0.000000
0.000002 0.000003 0.000000
0.000002 0.000003 0.000000
0.000002 0.000003 0.000000
0.000002 0.000003 0.000000
0.000002 0.000003 0.000000
0.000002 0.000003 0.000000
0.000002 0.000003 0.000000
0.000002 0.000003 0.000000
0.000002 0.000003 0.000000
0.000002 0.000003 0.000000
0.000002 0.000003 0.000000
0.000002 0.000003 0.000000
0.000002 0.000003 0.000000
0.000002 0.000003 0.000000
0.000002 0.000003 0.000000
0.000002 0.000003 0.000000
0.000002 0.000003 0.000000
0.000002 0.000003 0.000000
0.000002 0.000003 0.000000
0.000002 0.000003 0.000000
0.000002 0.000003 0.000000
0.000002 0.000003 0.000000
0.000002 0.000003 0.000000
0.000002 0.000003 0.000000
0.000002 0.000003 0.000000
0.000002 0.000003 0.000000
0.000002 0.000003 0.000000
0.000002 0.000003 0.000000
0.000002 0.000003 0.000000
0.000002 0.000003 0.000000
0.000002 0.000003 0.000000
0.000002 0.000003 0.000000
0.000002 0.000003 0.000000
0.000002 0.000003 0.000000
0.000002 0.000003 0.000000
0.000002 0.000003 0.000000
0.000002 0.000003 0.000000
0.000002 0.000003 0.000000
