#Date: 2024-11-27 12:07:35
#Total scanning time: 1732705221.6672041
#Scan direction: X
#X range: 1.4997099999999997 - 10.49971 um
#Y range: 1.49992 - 10.499920000000003 um
#X pixels: 10, pixelsize: 1e-06 um
#Y pixels: 10, pixelsize: 1e-06 um
#Integration time per pixel: 10.0 ms
#Columns: X [um], Y [um], counts, freq_center, fwhm, contrast, sensitivity
1.499709999999999654e+00	1.499919999999999920e+00	1.559999999999999964e+01	0.000000000000000000e+00	0.000000000000000000e+00	0.000000000000000000e+00	0.000000000000000000e+00
2.499709999999999877e+00	1.499919999999999920e+00	1.530000000000000071e+01	0.000000000000000000e+00	0.000000000000000000e+00	0.000000000000000000e+00	0.000000000000000000e+00
3.499709999999999877e+00	1.499919999999999920e+00	1.669999999999999929e+01	0.000000000000000000e+00	0.000000000000000000e+00	0.000000000000000000e+00	0.000000000000000000e+00
4.499710000000000321e+00	1.499919999999999920e+00	1.630000000000000071e+01	0.000000000000000000e+00	0.000000000000000000e+00	0.000000000000000000e+00	0.000000000000000000e+00
5.499710000000000321e+00	1.499919999999999920e+00	1.700000000000000000e+01	0.000000000000000000e+00	0.000000000000000000e+00	0.000000000000000000e+00	0.000000000000000000e+00
6.499710000000000321e+00	1.499919999999999920e+00	1.509999999999999964e+01	0.000000000000000000e+00	0.000000000000000000e+00	0.000000000000000000e+00	0.000000000000000000e+00
7.499710000000001209e+00	1.499919999999999920e+00	1.819999999999999929e+01	0.000000000000000000e+00	0.000000000000000000e+00	0.000000000000000000e+00	0.000000000000000000e+00
8.499710000000000321e+00	1.499919999999999920e+00	1.639999999999999858e+01	0.000000000000000000e+00	0.000000000000000000e+00	0.000000000000000000e+00	0.000000000000000000e+00
9.499710000000000321e+00	1.499919999999999920e+00	1.430000000000000071e+01	0.000000000000000000e+00	0.000000000000000000e+00	0.000000000000000000e+00	0.000000000000000000e+00
1.049971000000000032e+01	1.499919999999999920e+00	1.580000000000000071e+01	0.000000000000000000e+00	0.000000000000000000e+00	0.000000000000000000e+00	0.000000000000000000e+00
1.499709999999999654e+00	2.499919999999999920e+00	1.580000000000000071e+01	0.000000000000000000e+00	0.000000000000000000e+00	0.000000000000000000e+00	0.000000000000000000e+00
2.499709999999999877e+00	2.499919999999999920e+00	1.519999999999999929e+01	0.000000000000000000e+00	0.000000000000000000e+00	0.000000000000000000e+00	0.000000000000000000e+00
3.499709999999999877e+00	2.499919999999999920e+00	1.450000000000000000e+01	0.000000000000000000e+00	0.000000000000000000e+00	0.000000000000000000e+00	0.000000000000000000e+00
4.499710000000000321e+00	2.499919999999999920e+00	1.400000000000000000e+01	0.000000000000000000e+00	0.000000000000000000e+00	0.000000000000000000e+00	0.000000000000000000e+00
5.499710000000000321e+00	2.499919999999999920e+00	1.639999999999999858e+01	0.000000000000000000e+00	0.000000000000000000e+00	0.000000000000000000e+00	0.000000000000000000e+00
6.499710000000000321e+00	2.499919999999999920e+00	1.530000000000000071e+01	0.000000000000000000e+00	0.000000000000000000e+00	0.000000000000000000e+00	0.000000000000000000e+00
7.499710000000001209e+00	2.499919999999999920e+00	1.509999999999999964e+01	0.000000000000000000e+00	0.000000000000000000e+00	0.000000000000000000e+00	0.000000000000000000e+00
8.499710000000000321e+00	2.499919999999999920e+00	1.630000000000000071e+01	0.000000000000000000e+00	0.000000000000000000e+00	0.000000000000000000e+00	0.000000000000000000e+00
9.499710000000000321e+00	2.499919999999999920e+00	1.700000000000000000e+01	0.000000000000000000e+00	0.000000000000000000e+00	0.000000000000000000e+00	0.000000000000000000e+00
1.049971000000000032e+01	2.499919999999999920e+00	1.700000000000000000e+01	0.000000000000000000e+00	0.000000000000000000e+00	0.000000000000000000e+00	0.000000000000000000e+00
1.499709999999999654e+00	3.499920000000000364e+00	1.500000000000000000e+01	0.000000000000000000e+00	0.000000000000000000e+00	0.000000000000000000e+00	0.000000000000000000e+00
2.499709999999999877e+00	3.499920000000000364e+00	1.739999999999999858e+01	0.000000000000000000e+00	0.000000000000000000e+00	0.000000000000000000e+00	0.000000000000000000e+00
3.499709999999999877e+00	3.499920000000000364e+00	1.530000000000000071e+01	0.000000000000000000e+00	0.000000000000000000e+00	0.000000000000000000e+00	0.000000000000000000e+00
4.499710000000000321e+00	3.499920000000000364e+00	1.500000000000000000e+01	0.000000000000000000e+00	0.000000000000000000e+00	0.000000000000000000e+00	0.000000000000000000e+00
5.499710000000000321e+00	3.499920000000000364e+00	1.369999999999999929e+01	0.000000000000000000e+00	0.000000000000000000e+00	0.000000000000000000e+00	0.000000000000000000e+00
6.499710000000000321e+00	3.499920000000000364e+00	1.650000000000000000e+01	0.000000000000000000e+00	0.000000000000000000e+00	0.000000000000000000e+00	0.000000000000000000e+00
7.499710000000001209e+00	3.499920000000000364e+00	1.569999999999999929e+01	0.000000000000000000e+00	0.000000000000000000e+00	0.000000000000000000e+00	0.000000000000000000e+00
8.499710000000000321e+00	3.499920000000000364e+00	1.610000000000000142e+01	0.000000000000000000e+00	0.000000000000000000e+00	0.000000000000000000e+00	0.000000000000000000e+00
9.499710000000000321e+00	3.499920000000000364e+00	1.469999999999999929e+01	0.000000000000000000e+00	0.000000000000000000e+00	0.000000000000000000e+00	0.000000000000000000e+00
1.049971000000000032e+01	3.499920000000000364e+00	1.619999999999999929e+01	0.000000000000000000e+00	0.000000000000000000e+00	0.000000000000000000e+00	0.000000000000000000e+00
1.499709999999999654e+00	4.499920000000000364e+00	1.240000000000000036e+01	0.000000000000000000e+00	0.000000000000000000e+00	0.000000000000000000e+00	0.000000000000000000e+00
2.499709999999999877e+00	4.499920000000000364e+00	1.550000000000000000e+01	0.000000000000000000e+00	0.000000000000000000e+00	0.000000000000000000e+00	0.000000000000000000e+00
3.499709999999999877e+00	4.499920000000000364e+00	1.639999999999999858e+01	0.000000000000000000e+00	0.000000000000000000e+00	0.000000000000000000e+00	0.000000000000000000e+00
4.499710000000000321e+00	4.499920000000000364e+00	1.369999999999999929e+01	0.000000000000000000e+00	0.000000000000000000e+00	0.000000000000000000e+00	0.000000000000000000e+00
5.499710000000000321e+00	4.499920000000000364e+00	1.400000000000000000e+01	0.000000000000000000e+00	0.000000000000000000e+00	0.000000000000000000e+00	0.000000000000000000e+00
6.499710000000000321e+00	4.499920000000000364e+00	1.480000000000000071e+01	0.000000000000000000e+00	0.000000000000000000e+00	0.000000000000000000e+00	0.000000000000000000e+00
7.499710000000001209e+00	4.499920000000000364e+00	1.559999999999999964e+01	0.000000000000000000e+00	0.000000000000000000e+00	0.000000000000000000e+00	0.000000000000000000e+00
8.499710000000000321e+00	4.499920000000000364e+00	1.440000000000000036e+01	0.000000000000000000e+00	0.000000000000000000e+00	0.000000000000000000e+00	0.000000000000000000e+00
9.499710000000000321e+00	4.499920000000000364e+00	1.639999999999999858e+01	0.000000000000000000e+00	0.000000000000000000e+00	0.000000000000000000e+00	0.000000000000000000e+00
1.049971000000000032e+01	4.499920000000000364e+00	1.650000000000000000e+01	0.000000000000000000e+00	0.000000000000000000e+00	0.000000000000000000e+00	0.000000000000000000e+00
1.499709999999999654e+00	5.499920000000001252e+00	1.240000000000000036e+01	0.000000000000000000e+00	0.000000000000000000e+00	0.000000000000000000e+00	0.000000000000000000e+00
2.499709999999999877e+00	5.499920000000001252e+00	1.650000000000000000e+01	0.000000000000000000e+00	0.000000000000000000e+00	0.000000000000000000e+00	0.000000000000000000e+00
3.499709999999999877e+00	5.499920000000001252e+00	1.480000000000000071e+01	0.000000000000000000e+00	0.000000000000000000e+00	0.000000000000000000e+00	0.000000000000000000e+00
4.499710000000000321e+00	5.499920000000001252e+00	1.669999999999999929e+01	0.000000000000000000e+00	0.000000000000000000e+00	0.000000000000000000e+00	0.000000000000000000e+00
5.499710000000000321e+00	5.499920000000001252e+00	1.519999999999999929e+01	0.000000000000000000e+00	0.000000000000000000e+00	0.000000000000000000e+00	0.000000000000000000e+00
6.499710000000000321e+00	5.499920000000001252e+00	1.619999999999999929e+01	0.000000000000000000e+00	0.000000000000000000e+00	0.000000000000000000e+00	0.000000000000000000e+00
7.499710000000001209e+00	5.499920000000001252e+00	1.450000000000000000e+01	0.000000000000000000e+00	0.000000000000000000e+00	0.000000000000000000e+00	0.000000000000000000e+00
8.499710000000000321e+00	5.499920000000001252e+00	1.750000000000000000e+01	0.000000000000000000e+00	0.000000000000000000e+00	0.000000000000000000e+00	0.000000000000000000e+00
9.499710000000000321e+00	5.499920000000001252e+00	1.380000000000000071e+01	0.000000000000000000e+00	0.000000000000000000e+00	0.000000000000000000e+00	0.000000000000000000e+00
1.049971000000000032e+01	5.499920000000001252e+00	1.600000000000000000e+01	0.000000000000000000e+00	0.000000000000000000e+00	0.000000000000000000e+00	0.000000000000000000e+00
1.499709999999999654e+00	6.499920000000001252e+00	1.340000000000000036e+01	0.000000000000000000e+00	0.000000000000000000e+00	0.000000000000000000e+00	0.000000000000000000e+00
2.499709999999999877e+00	6.499920000000001252e+00	1.480000000000000071e+01	0.000000000000000000e+00	0.000000000000000000e+00	0.000000000000000000e+00	0.000000000000000000e+00
3.499709999999999877e+00	6.499920000000001252e+00	1.440000000000000036e+01	0.000000000000000000e+00	0.000000000000000000e+00	0.000000000000000000e+00	0.000000000000000000e+00
4.499710000000000321e+00	6.499920000000001252e+00	1.819999999999999929e+01	0.000000000000000000e+00	0.000000000000000000e+00	0.000000000000000000e+00	0.000000000000000000e+00
5.499710000000000321e+00	6.499920000000001252e+00	1.350000000000000000e+01	0.000000000000000000e+00	0.000000000000000000e+00	0.000000000000000000e+00	0.000000000000000000e+00
6.499710000000000321e+00	6.499920000000001252e+00	1.230000000000000071e+01	0.000000000000000000e+00	0.000000000000000000e+00	0.000000000000000000e+00	0.000000000000000000e+00
7.499710000000001209e+00	6.499920000000001252e+00	1.430000000000000071e+01	0.000000000000000000e+00	0.000000000000000000e+00	0.000000000000000000e+00	0.000000000000000000e+00
8.499710000000000321e+00	6.499920000000001252e+00	1.639999999999999858e+01	0.000000000000000000e+00	0.000000000000000000e+00	0.000000000000000000e+00	0.000000000000000000e+00
9.499710000000000321e+00	6.499920000000001252e+00	1.300000000000000000e+01	0.000000000000000000e+00	0.000000000000000000e+00	0.000000000000000000e+00	0.000000000000000000e+00
1.049971000000000032e+01	6.499920000000001252e+00	1.680000000000000071e+01	0.000000000000000000e+00	0.000000000000000000e+00	0.000000000000000000e+00	0.000000000000000000e+00
1.499709999999999654e+00	7.499920000000000364e+00	1.689999999999999858e+01	0.000000000000000000e+00	0.000000000000000000e+00	0.000000000000000000e+00	0.000000000000000000e+00
2.499709999999999877e+00	7.499920000000000364e+00	1.540000000000000036e+01	0.000000000000000000e+00	0.000000000000000000e+00	0.000000000000000000e+00	0.000000000000000000e+00
3.499709999999999877e+00	7.499920000000000364e+00	1.580000000000000071e+01	0.000000000000000000e+00	0.000000000000000000e+00	0.000000000000000000e+00	0.000000000000000000e+00
4.499710000000000321e+00	7.499920000000000364e+00	1.630000000000000071e+01	0.000000000000000000e+00	0.000000000000000000e+00	0.000000000000000000e+00	0.000000000000000000e+00
5.499710000000000321e+00	7.499920000000000364e+00	1.700000000000000000e+01	0.000000000000000000e+00	0.000000000000000000e+00	0.000000000000000000e+00	0.000000000000000000e+00
6.499710000000000321e+00	7.499920000000000364e+00	1.430000000000000071e+01	0.000000000000000000e+00	0.000000000000000000e+00	0.000000000000000000e+00	0.000000000000000000e+00
7.499710000000001209e+00	7.499920000000000364e+00	1.280000000000000071e+01	0.000000000000000000e+00	0.000000000000000000e+00	0.000000000000000000e+00	0.000000000000000000e+00
8.499710000000000321e+00	7.499920000000000364e+00	1.580000000000000071e+01	0.000000000000000000e+00	0.000000000000000000e+00	0.000000000000000000e+00	0.000000000000000000e+00
9.499710000000000321e+00	7.499920000000000364e+00	1.700000000000000000e+01	0.000000000000000000e+00	0.000000000000000000e+00	0.000000000000000000e+00	0.000000000000000000e+00
1.049971000000000032e+01	7.499920000000000364e+00	1.550000000000000000e+01	0.000000000000000000e+00	0.000000000000000000e+00	0.000000000000000000e+00	0.000000000000000000e+00
1.499709999999999654e+00	8.499920000000001252e+00	1.409999999999999964e+01	0.000000000000000000e+00	0.000000000000000000e+00	0.000000000000000000e+00	0.000000000000000000e+00
2.499709999999999877e+00	8.499920000000001252e+00	1.610000000000000142e+01	0.000000000000000000e+00	0.000000000000000000e+00	0.000000000000000000e+00	0.000000000000000000e+00
3.499709999999999877e+00	8.499920000000001252e+00	1.669999999999999929e+01	0.000000000000000000e+00	0.000000000000000000e+00	0.000000000000000000e+00	0.000000000000000000e+00
4.499710000000000321e+00	8.499920000000001252e+00	1.490000000000000036e+01	0.000000000000000000e+00	0.000000000000000000e+00	0.000000000000000000e+00	0.000000000000000000e+00
5.499710000000000321e+00	8.499920000000001252e+00	1.500000000000000000e+01	0.000000000000000000e+00	0.000000000000000000e+00	0.000000000000000000e+00	0.000000000000000000e+00
6.499710000000000321e+00	8.499920000000001252e+00	1.639999999999999858e+01	0.000000000000000000e+00	0.000000000000000000e+00	0.000000000000000000e+00	0.000000000000000000e+00
7.499710000000001209e+00	8.499920000000001252e+00	1.459999999999999964e+01	0.000000000000000000e+00	0.000000000000000000e+00	0.000000000000000000e+00	0.000000000000000000e+00
8.499710000000000321e+00	8.499920000000001252e+00	1.519999999999999929e+01	0.000000000000000000e+00	0.000000000000000000e+00	0.000000000000000000e+00	0.000000000000000000e+00
9.499710000000000321e+00	8.499920000000001252e+00	1.610000000000000142e+01	0.000000000000000000e+00	0.000000000000000000e+00	0.000000000000000000e+00	0.000000000000000000e+00
1.049971000000000032e+01	8.499920000000001252e+00	1.689999999999999858e+01	0.000000000000000000e+00	0.000000000000000000e+00	0.000000000000000000e+00	0.000000000000000000e+00
1.499709999999999654e+00	9.499920000000001252e+00	1.569999999999999929e+01	0.000000000000000000e+00	0.000000000000000000e+00	0.000000000000000000e+00	0.000000000000000000e+00
2.499709999999999877e+00	9.499920000000001252e+00	1.639999999999999858e+01	0.000000000000000000e+00	0.000000000000000000e+00	0.000000000000000000e+00	0.000000000000000000e+00
3.499709999999999877e+00	9.499920000000001252e+00	1.569999999999999929e+01	0.000000000000000000e+00	0.000000000000000000e+00	0.000000000000000000e+00	0.000000000000000000e+00
4.499710000000000321e+00	9.499920000000001252e+00	1.739999999999999858e+01	0.000000000000000000e+00	0.000000000000000000e+00	0.000000000000000000e+00	0.000000000000000000e+00
5.499710000000000321e+00	9.499920000000001252e+00	1.569999999999999929e+01	0.000000000000000000e+00	0.000000000000000000e+00	0.000000000000000000e+00	0.000000000000000000e+00
6.499710000000000321e+00	9.499920000000001252e+00	1.710000000000000142e+01	0.000000000000000000e+00	0.000000000000000000e+00	0.000000000000000000e+00	0.000000000000000000e+00
7.499710000000001209e+00	9.499920000000001252e+00	1.500000000000000000e+01	0.000000000000000000e+00	0.000000000000000000e+00	0.000000000000000000e+00	0.000000000000000000e+00
8.499710000000000321e+00	9.499920000000001252e+00	1.509999999999999964e+01	0.000000000000000000e+00	0.000000000000000000e+00	0.000000000000000000e+00	0.000000000000000000e+00
9.499710000000000321e+00	9.499920000000001252e+00	1.500000000000000000e+01	0.000000000000000000e+00	0.000000000000000000e+00	0.000000000000000000e+00	0.000000000000000000e+00
1.049971000000000032e+01	9.499920000000001252e+00	1.440000000000000036e+01	0.000000000000000000e+00	0.000000000000000000e+00	0.000000000000000000e+00	0.000000000000000000e+00
1.499709999999999654e+00	1.049992000000000303e+01	1.450000000000000000e+01	0.000000000000000000e+00	0.000000000000000000e+00	0.000000000000000000e+00	0.000000000000000000e+00
2.499709999999999877e+00	1.049992000000000303e+01	1.419999999999999929e+01	0.000000000000000000e+00	0.000000000000000000e+00	0.000000000000000000e+00	0.000000000000000000e+00
3.499709999999999877e+00	1.049992000000000303e+01	1.850000000000000000e+01	0.000000000000000000e+00	0.000000000000000000e+00	0.000000000000000000e+00	0.000000000000000000e+00
4.499710000000000321e+00	1.049992000000000303e+01	1.719999999999999929e+01	0.000000000000000000e+00	0.000000000000000000e+00	0.000000000000000000e+00	0.000000000000000000e+00
5.499710000000000321e+00	1.049992000000000303e+01	1.519999999999999929e+01	0.000000000000000000e+00	0.000000000000000000e+00	0.000000000000000000e+00	0.000000000000000000e+00
6.499710000000000321e+00	1.049992000000000303e+01	1.509999999999999964e+01	0.000000000000000000e+00	0.000000000000000000e+00	0.000000000000000000e+00	0.000000000000000000e+00
7.499710000000001209e+00	1.049992000000000303e+01	1.369999999999999929e+01	0.000000000000000000e+00	0.000000000000000000e+00	0.000000000000000000e+00	0.000000000000000000e+00
8.499710000000000321e+00	1.049992000000000303e+01	1.660000000000000142e+01	0.000000000000000000e+00	0.000000000000000000e+00	0.000000000000000000e+00	0.000000000000000000e+00
9.499710000000000321e+00	1.049992000000000303e+01	1.619999999999999929e+01	0.000000000000000000e+00	0.000000000000000000e+00	0.000000000000000000e+00	0.000000000000000000e+00
1.049971000000000032e+01	1.049992000000000303e+01	1.519999999999999929e+01	0.000000000000000000e+00	0.000000000000000000e+00	0.000000000000000000e+00	0.000000000000000000e+00
