#Date: 2024-12-02 13:55:36
#Total scanning time: 442.02103757858276
#Scan direction: X
#X range: 10.249279999999999 - 19.749280000000002 um
#Y range: 10.25001 - 19.750010000000007 um
#X pixels: 20, pixelsize: 5e-07 um
#Y pixels: 20, pixelsize: 5e-07 um
#Integration time per pixel: 0.1 ms
#Columns: X [um], Y [um], counts, freq_center, fwhm, contrast, sensitivity
1.024927999999999884e+01	1.025000999999999962e+01	3.201599999999999824e+01	0.000000000000000000e+00	0.000000000000000000e+00	0.000000000000000000e+00	0.000000000000000000e+00
1.074927999999999884e+01	1.025000999999999962e+01	4.313400000000000034e+01	0.000000000000000000e+00	0.000000000000000000e+00	0.000000000000000000e+00	0.000000000000000000e+00
1.124927999999999884e+01	1.025000999999999962e+01	5.452600000000000335e+01	0.000000000000000000e+00	0.000000000000000000e+00	0.000000000000000000e+00	0.000000000000000000e+00
1.174928000000000061e+01	1.025000999999999962e+01	5.986999999999999744e+01	0.000000000000000000e+00	0.000000000000000000e+00	0.000000000000000000e+00	0.000000000000000000e+00
1.224928000000000061e+01	1.025000999999999962e+01	6.453600000000000136e+01	0.000000000000000000e+00	0.000000000000000000e+00	0.000000000000000000e+00	0.000000000000000000e+00
1.274928000000000061e+01	1.025000999999999962e+01	6.924800000000000466e+01	0.000000000000000000e+00	0.000000000000000000e+00	0.000000000000000000e+00	0.000000000000000000e+00
1.324928000000000061e+01	1.025000999999999962e+01	7.377800000000000580e+01	0.000000000000000000e+00	0.000000000000000000e+00	0.000000000000000000e+00	0.000000000000000000e+00
1.374928000000000061e+01	1.025000999999999962e+01	8.015399999999999636e+01	0.000000000000000000e+00	0.000000000000000000e+00	0.000000000000000000e+00	0.000000000000000000e+00
1.424928000000000061e+01	1.025000999999999962e+01	7.993800000000000239e+01	0.000000000000000000e+00	0.000000000000000000e+00	0.000000000000000000e+00	0.000000000000000000e+00
1.474928000000000239e+01	1.025000999999999962e+01	7.781600000000000250e+01	0.000000000000000000e+00	0.000000000000000000e+00	0.000000000000000000e+00	0.000000000000000000e+00
1.524928000000000239e+01	1.025000999999999962e+01	7.232999999999999829e+01	0.000000000000000000e+00	0.000000000000000000e+00	0.000000000000000000e+00	0.000000000000000000e+00
1.574928000000000061e+01	1.025000999999999962e+01	6.989199999999999591e+01	0.000000000000000000e+00	0.000000000000000000e+00	0.000000000000000000e+00	0.000000000000000000e+00
1.624928000000000239e+01	1.025000999999999962e+01	6.482800000000000296e+01	0.000000000000000000e+00	0.000000000000000000e+00	0.000000000000000000e+00	0.000000000000000000e+00
1.674928000000000594e+01	1.025000999999999962e+01	6.171800000000000352e+01	0.000000000000000000e+00	0.000000000000000000e+00	0.000000000000000000e+00	0.000000000000000000e+00
1.724928000000000239e+01	1.025000999999999962e+01	6.508599999999999852e+01	0.000000000000000000e+00	0.000000000000000000e+00	0.000000000000000000e+00	0.000000000000000000e+00
1.774928000000000239e+01	1.025000999999999962e+01	6.583599999999999852e+01	0.000000000000000000e+00	0.000000000000000000e+00	0.000000000000000000e+00	0.000000000000000000e+00
1.824928000000000239e+01	1.025000999999999962e+01	6.428000000000000114e+01	0.000000000000000000e+00	0.000000000000000000e+00	0.000000000000000000e+00	0.000000000000000000e+00
1.874928000000000594e+01	1.025000999999999962e+01	6.170600000000000307e+01	0.000000000000000000e+00	0.000000000000000000e+00	0.000000000000000000e+00	0.000000000000000000e+00
1.924928000000000594e+01	1.025000999999999962e+01	5.840200000000000102e+01	0.000000000000000000e+00	0.000000000000000000e+00	0.000000000000000000e+00	0.000000000000000000e+00
1.974928000000000239e+01	1.025000999999999962e+01	5.471000000000000085e+01	0.000000000000000000e+00	0.000000000000000000e+00	0.000000000000000000e+00	0.000000000000000000e+00
1.024927999999999884e+01	1.075000999999999962e+01	3.110000000000000142e+01	0.000000000000000000e+00	0.000000000000000000e+00	0.000000000000000000e+00	0.000000000000000000e+00
1.074927999999999884e+01	1.075000999999999962e+01	4.110399999999999920e+01	0.000000000000000000e+00	0.000000000000000000e+00	0.000000000000000000e+00	0.000000000000000000e+00
1.124927999999999884e+01	1.075000999999999962e+01	5.553199999999999648e+01	0.000000000000000000e+00	0.000000000000000000e+00	0.000000000000000000e+00	0.000000000000000000e+00
1.174928000000000061e+01	1.075000999999999962e+01	6.470000000000000284e+01	0.000000000000000000e+00	0.000000000000000000e+00	0.000000000000000000e+00	0.000000000000000000e+00
1.224928000000000061e+01	1.075000999999999962e+01	7.009600000000000364e+01	0.000000000000000000e+00	0.000000000000000000e+00	0.000000000000000000e+00	0.000000000000000000e+00
1.274928000000000061e+01	1.075000999999999962e+01	7.583400000000000318e+01	0.000000000000000000e+00	0.000000000000000000e+00	0.000000000000000000e+00	0.000000000000000000e+00
1.324928000000000061e+01	1.075000999999999962e+01	8.267400000000000659e+01	0.000000000000000000e+00	0.000000000000000000e+00	0.000000000000000000e+00	0.000000000000000000e+00
1.374928000000000061e+01	1.075000999999999962e+01	9.213800000000000523e+01	0.000000000000000000e+00	0.000000000000000000e+00	0.000000000000000000e+00	0.000000000000000000e+00
1.424928000000000061e+01	1.075000999999999962e+01	9.348199999999999932e+01	0.000000000000000000e+00	0.000000000000000000e+00	0.000000000000000000e+00	0.000000000000000000e+00
1.474928000000000239e+01	1.075000999999999962e+01	9.321599999999999397e+01	0.000000000000000000e+00	0.000000000000000000e+00	0.000000000000000000e+00	0.000000000000000000e+00
1.524928000000000239e+01	1.075000999999999962e+01	8.829600000000000648e+01	0.000000000000000000e+00	0.000000000000000000e+00	0.000000000000000000e+00	0.000000000000000000e+00
1.574928000000000061e+01	1.075000999999999962e+01	8.454999999999999716e+01	0.000000000000000000e+00	0.000000000000000000e+00	0.000000000000000000e+00	0.000000000000000000e+00
1.624928000000000239e+01	1.075000999999999962e+01	8.150400000000000489e+01	0.000000000000000000e+00	0.000000000000000000e+00	0.000000000000000000e+00	0.000000000000000000e+00
1.674928000000000594e+01	1.075000999999999962e+01	7.470000000000000284e+01	0.000000000000000000e+00	0.000000000000000000e+00	0.000000000000000000e+00	0.000000000000000000e+00
1.724928000000000239e+01	1.075000999999999962e+01	7.751200000000000045e+01	0.000000000000000000e+00	0.000000000000000000e+00	0.000000000000000000e+00	0.000000000000000000e+00
1.774928000000000239e+01	1.075000999999999962e+01	8.202599999999999625e+01	0.000000000000000000e+00	0.000000000000000000e+00	0.000000000000000000e+00	0.000000000000000000e+00
1.824928000000000239e+01	1.075000999999999962e+01	8.075799999999999557e+01	0.000000000000000000e+00	0.000000000000000000e+00	0.000000000000000000e+00	0.000000000000000000e+00
1.874928000000000594e+01	1.075000999999999962e+01	7.889799999999999613e+01	0.000000000000000000e+00	0.000000000000000000e+00	0.000000000000000000e+00	0.000000000000000000e+00
1.924928000000000594e+01	1.075000999999999962e+01	7.798600000000000421e+01	0.000000000000000000e+00	0.000000000000000000e+00	0.000000000000000000e+00	0.000000000000000000e+00
1.974928000000000239e+01	1.075000999999999962e+01	7.303199999999999648e+01	0.000000000000000000e+00	0.000000000000000000e+00	0.000000000000000000e+00	0.000000000000000000e+00
1.024927999999999884e+01	1.125000999999999962e+01	3.217600000000000193e+01	0.000000000000000000e+00	0.000000000000000000e+00	0.000000000000000000e+00	0.000000000000000000e+00
1.074927999999999884e+01	1.125000999999999962e+01	4.125399999999999778e+01	0.000000000000000000e+00	0.000000000000000000e+00	0.000000000000000000e+00	0.000000000000000000e+00
1.124927999999999884e+01	1.125000999999999962e+01	5.748599999999999710e+01	0.000000000000000000e+00	0.000000000000000000e+00	0.000000000000000000e+00	0.000000000000000000e+00
1.174928000000000061e+01	1.125000999999999962e+01	7.575799999999999557e+01	0.000000000000000000e+00	0.000000000000000000e+00	0.000000000000000000e+00	0.000000000000000000e+00
1.224928000000000061e+01	1.125000999999999962e+01	8.585999999999999943e+01	0.000000000000000000e+00	0.000000000000000000e+00	0.000000000000000000e+00	0.000000000000000000e+00
1.274928000000000061e+01	1.125000999999999962e+01	8.993999999999999773e+01	0.000000000000000000e+00	0.000000000000000000e+00	0.000000000000000000e+00	0.000000000000000000e+00
1.324928000000000061e+01	1.125000999999999962e+01	1.002180000000000035e+02	0.000000000000000000e+00	0.000000000000000000e+00	0.000000000000000000e+00	0.000000000000000000e+00
1.374928000000000061e+01	1.125000999999999962e+01	1.184060000000000059e+02	0.000000000000000000e+00	0.000000000000000000e+00	0.000000000000000000e+00	0.000000000000000000e+00
1.424928000000000061e+01	1.125000999999999962e+01	1.258880000000000052e+02	0.000000000000000000e+00	0.000000000000000000e+00	0.000000000000000000e+00	0.000000000000000000e+00
1.474928000000000239e+01	1.125000999999999962e+01	1.256020000000000039e+02	0.000000000000000000e+00	0.000000000000000000e+00	0.000000000000000000e+00	0.000000000000000000e+00
1.524928000000000239e+01	1.125000999999999962e+01	1.227219999999999942e+02	0.000000000000000000e+00	0.000000000000000000e+00	0.000000000000000000e+00	0.000000000000000000e+00
1.574928000000000061e+01	1.125000999999999962e+01	1.134839999999999947e+02	0.000000000000000000e+00	0.000000000000000000e+00	0.000000000000000000e+00	0.000000000000000000e+00
1.624928000000000239e+01	1.125000999999999962e+01	1.103299999999999983e+02	0.000000000000000000e+00	0.000000000000000000e+00	0.000000000000000000e+00	0.000000000000000000e+00
1.674928000000000594e+01	1.125000999999999962e+01	1.030060000000000002e+02	0.000000000000000000e+00	0.000000000000000000e+00	0.000000000000000000e+00	0.000000000000000000e+00
1.724928000000000239e+01	1.125000999999999962e+01	1.011779999999999973e+02	0.000000000000000000e+00	0.000000000000000000e+00	0.000000000000000000e+00	0.000000000000000000e+00
1.774928000000000239e+01	1.125000999999999962e+01	1.057540000000000049e+02	0.000000000000000000e+00	0.000000000000000000e+00	0.000000000000000000e+00	0.000000000000000000e+00
1.824928000000000239e+01	1.125000999999999962e+01	1.065000000000000000e+02	0.000000000000000000e+00	0.000000000000000000e+00	0.000000000000000000e+00	0.000000000000000000e+00
1.874928000000000594e+01	1.125000999999999962e+01	1.035660000000000025e+02	0.000000000000000000e+00	0.000000000000000000e+00	0.000000000000000000e+00	0.000000000000000000e+00
1.924928000000000594e+01	1.125000999999999962e+01	1.002379999999999995e+02	0.000000000000000000e+00	0.000000000000000000e+00	0.000000000000000000e+00	0.000000000000000000e+00
1.974928000000000239e+01	1.125000999999999962e+01	9.441200000000000614e+01	0.000000000000000000e+00	0.000000000000000000e+00	0.000000000000000000e+00	0.000000000000000000e+00
1.024927999999999884e+01	1.175000999999999962e+01	3.260399999999999920e+01	0.000000000000000000e+00	0.000000000000000000e+00	0.000000000000000000e+00	0.000000000000000000e+00
1.074927999999999884e+01	1.175000999999999962e+01	3.974399999999999977e+01	0.000000000000000000e+00	0.000000000000000000e+00	0.000000000000000000e+00	0.000000000000000000e+00
1.124927999999999884e+01	1.175000999999999962e+01	6.428600000000000136e+01	0.000000000000000000e+00	0.000000000000000000e+00	0.000000000000000000e+00	0.000000000000000000e+00
1.174928000000000061e+01	1.175000999999999962e+01	9.851200000000000045e+01	0.000000000000000000e+00	0.000000000000000000e+00	0.000000000000000000e+00	0.000000000000000000e+00
1.224928000000000061e+01	1.175000999999999962e+01	1.103659999999999997e+02	0.000000000000000000e+00	0.000000000000000000e+00	0.000000000000000000e+00	0.000000000000000000e+00
1.274928000000000061e+01	1.175000999999999962e+01	1.078739999999999952e+02	0.000000000000000000e+00	0.000000000000000000e+00	0.000000000000000000e+00	0.000000000000000000e+00
1.324928000000000061e+01	1.175000999999999962e+01	1.225859999999999985e+02	0.000000000000000000e+00	0.000000000000000000e+00	0.000000000000000000e+00	0.000000000000000000e+00
1.374928000000000061e+01	1.175000999999999962e+01	1.600300000000000011e+02	0.000000000000000000e+00	0.000000000000000000e+00	0.000000000000000000e+00	0.000000000000000000e+00
1.424928000000000061e+01	1.175000999999999962e+01	1.883739999999999952e+02	0.000000000000000000e+00	0.000000000000000000e+00	0.000000000000000000e+00	0.000000000000000000e+00
1.474928000000000239e+01	1.175000999999999962e+01	1.930279999999999916e+02	0.000000000000000000e+00	0.000000000000000000e+00	0.000000000000000000e+00	0.000000000000000000e+00
1.524928000000000239e+01	1.175000999999999962e+01	1.907319999999999993e+02	0.000000000000000000e+00	0.000000000000000000e+00	0.000000000000000000e+00	0.000000000000000000e+00
1.574928000000000061e+01	1.175000999999999962e+01	1.800020000000000095e+02	0.000000000000000000e+00	0.000000000000000000e+00	0.000000000000000000e+00	0.000000000000000000e+00
1.624928000000000239e+01	1.175000999999999962e+01	1.715819999999999936e+02	0.000000000000000000e+00	0.000000000000000000e+00	0.000000000000000000e+00	0.000000000000000000e+00
1.674928000000000594e+01	1.175000999999999962e+01	1.624339999999999975e+02	0.000000000000000000e+00	0.000000000000000000e+00	0.000000000000000000e+00	0.000000000000000000e+00
1.724928000000000239e+01	1.175000999999999962e+01	1.633340000000000032e+02	0.000000000000000000e+00	0.000000000000000000e+00	0.000000000000000000e+00	0.000000000000000000e+00
1.774928000000000239e+01	1.175000999999999962e+01	1.677899999999999920e+02	0.000000000000000000e+00	0.000000000000000000e+00	0.000000000000000000e+00	0.000000000000000000e+00
1.824928000000000239e+01	1.175000999999999962e+01	1.779540000000000077e+02	0.000000000000000000e+00	0.000000000000000000e+00	0.000000000000000000e+00	0.000000000000000000e+00
1.874928000000000594e+01	1.175000999999999962e+01	1.805819999999999936e+02	0.000000000000000000e+00	0.000000000000000000e+00	0.000000000000000000e+00	0.000000000000000000e+00
1.924928000000000594e+01	1.175000999999999962e+01	1.784859999999999900e+02	0.000000000000000000e+00	0.000000000000000000e+00	0.000000000000000000e+00	0.000000000000000000e+00
1.974928000000000239e+01	1.175000999999999962e+01	1.763880000000000052e+02	0.000000000000000000e+00	0.000000000000000000e+00	0.000000000000000000e+00	0.000000000000000000e+00
1.024927999999999884e+01	1.225000999999999962e+01	3.324600000000000222e+01	0.000000000000000000e+00	0.000000000000000000e+00	0.000000000000000000e+00	0.000000000000000000e+00
1.074927999999999884e+01	1.225000999999999962e+01	3.597599999999999909e+01	0.000000000000000000e+00	0.000000000000000000e+00	0.000000000000000000e+00	0.000000000000000000e+00
1.124927999999999884e+01	1.225000999999999962e+01	5.632800000000000296e+01	0.000000000000000000e+00	0.000000000000000000e+00	0.000000000000000000e+00	0.000000000000000000e+00
1.174928000000000061e+01	1.225000999999999962e+01	1.024560000000000031e+02	0.000000000000000000e+00	0.000000000000000000e+00	0.000000000000000000e+00	0.000000000000000000e+00
1.224928000000000061e+01	1.225000999999999962e+01	1.251800000000000068e+02	0.000000000000000000e+00	0.000000000000000000e+00	0.000000000000000000e+00	0.000000000000000000e+00
1.274928000000000061e+01	1.225000999999999962e+01	1.211919999999999931e+02	0.000000000000000000e+00	0.000000000000000000e+00	0.000000000000000000e+00	0.000000000000000000e+00
1.324928000000000061e+01	1.225000999999999962e+01	1.324159999999999968e+02	0.000000000000000000e+00	0.000000000000000000e+00	0.000000000000000000e+00	0.000000000000000000e+00
1.374928000000000061e+01	1.225000999999999962e+01	1.698940000000000055e+02	0.000000000000000000e+00	0.000000000000000000e+00	0.000000000000000000e+00	0.000000000000000000e+00
1.424928000000000061e+01	1.225000999999999962e+01	1.956579999999999870e+02	0.000000000000000000e+00	0.000000000000000000e+00	0.000000000000000000e+00	0.000000000000000000e+00
1.474928000000000239e+01	1.225000999999999962e+01	1.990420000000000016e+02	0.000000000000000000e+00	0.000000000000000000e+00	0.000000000000000000e+00	0.000000000000000000e+00
1.524928000000000239e+01	1.225000999999999962e+01	1.979939999999999998e+02	0.000000000000000000e+00	0.000000000000000000e+00	0.000000000000000000e+00	0.000000000000000000e+00
1.574928000000000061e+01	1.225000999999999962e+01	1.927880000000000109e+02	0.000000000000000000e+00	0.000000000000000000e+00	0.000000000000000000e+00	0.000000000000000000e+00
1.624928000000000239e+01	1.225000999999999962e+01	1.858000000000000114e+02	0.000000000000000000e+00	0.000000000000000000e+00	0.000000000000000000e+00	0.000000000000000000e+00
1.674928000000000594e+01	1.225000999999999962e+01	1.809799999999999898e+02	0.000000000000000000e+00	0.000000000000000000e+00	0.000000000000000000e+00	0.000000000000000000e+00
1.724928000000000239e+01	1.225000999999999962e+01	1.817259999999999991e+02	0.000000000000000000e+00	0.000000000000000000e+00	0.000000000000000000e+00	0.000000000000000000e+00
1.774928000000000239e+01	1.225000999999999962e+01	1.773600000000000136e+02	0.000000000000000000e+00	0.000000000000000000e+00	0.000000000000000000e+00	0.000000000000000000e+00
1.824928000000000239e+01	1.225000999999999962e+01	1.788820000000000050e+02	0.000000000000000000e+00	0.000000000000000000e+00	0.000000000000000000e+00	0.000000000000000000e+00
1.874928000000000594e+01	1.225000999999999962e+01	1.838979999999999961e+02	0.000000000000000000e+00	0.000000000000000000e+00	0.000000000000000000e+00	0.000000000000000000e+00
1.924928000000000594e+01	1.225000999999999962e+01	1.814139999999999873e+02	0.000000000000000000e+00	0.000000000000000000e+00	0.000000000000000000e+00	0.000000000000000000e+00
1.974928000000000239e+01	1.225000999999999962e+01	1.803779999999999859e+02	0.000000000000000000e+00	0.000000000000000000e+00	0.000000000000000000e+00	0.000000000000000000e+00
1.024927999999999884e+01	1.275001000000000140e+01	3.296800000000000352e+01	0.000000000000000000e+00	0.000000000000000000e+00	0.000000000000000000e+00	0.000000000000000000e+00
1.074927999999999884e+01	1.275001000000000140e+01	3.427000000000000313e+01	0.000000000000000000e+00	0.000000000000000000e+00	0.000000000000000000e+00	0.000000000000000000e+00
1.124927999999999884e+01	1.275001000000000140e+01	5.005400000000000205e+01	0.000000000000000000e+00	0.000000000000000000e+00	0.000000000000000000e+00	0.000000000000000000e+00
1.174928000000000061e+01	1.275001000000000140e+01	8.871999999999999886e+01	0.000000000000000000e+00	0.000000000000000000e+00	0.000000000000000000e+00	0.000000000000000000e+00
1.224928000000000061e+01	1.275001000000000140e+01	1.162980000000000018e+02	0.000000000000000000e+00	0.000000000000000000e+00	0.000000000000000000e+00	0.000000000000000000e+00
1.274928000000000061e+01	1.275001000000000140e+01	1.254920000000000044e+02	0.000000000000000000e+00	0.000000000000000000e+00	0.000000000000000000e+00	0.000000000000000000e+00
1.324928000000000061e+01	1.275001000000000140e+01	1.298899999999999864e+02	0.000000000000000000e+00	0.000000000000000000e+00	0.000000000000000000e+00	0.000000000000000000e+00
1.374928000000000061e+01	1.275001000000000140e+01	1.666100000000000136e+02	0.000000000000000000e+00	0.000000000000000000e+00	0.000000000000000000e+00	0.000000000000000000e+00
1.424928000000000061e+01	1.275001000000000140e+01	1.946419999999999959e+02	0.000000000000000000e+00	0.000000000000000000e+00	0.000000000000000000e+00	0.000000000000000000e+00
1.474928000000000239e+01	1.275001000000000140e+01	1.896260000000000048e+02	0.000000000000000000e+00	0.000000000000000000e+00	0.000000000000000000e+00	0.000000000000000000e+00
1.524928000000000239e+01	1.275001000000000140e+01	1.910000000000000000e+02	0.000000000000000000e+00	0.000000000000000000e+00	0.000000000000000000e+00	0.000000000000000000e+00
1.574928000000000061e+01	1.275001000000000140e+01	1.913160000000000025e+02	0.000000000000000000e+00	0.000000000000000000e+00	0.000000000000000000e+00	0.000000000000000000e+00
1.624928000000000239e+01	1.275001000000000140e+01	1.871779999999999973e+02	0.000000000000000000e+00	0.000000000000000000e+00	0.000000000000000000e+00	0.000000000000000000e+00
1.674928000000000594e+01	1.275001000000000140e+01	1.814859999999999900e+02	0.000000000000000000e+00	0.000000000000000000e+00	0.000000000000000000e+00	0.000000000000000000e+00
1.724928000000000239e+01	1.275001000000000140e+01	1.784480000000000075e+02	0.000000000000000000e+00	0.000000000000000000e+00	0.000000000000000000e+00	0.000000000000000000e+00
1.774928000000000239e+01	1.275001000000000140e+01	1.790939999999999941e+02	0.000000000000000000e+00	0.000000000000000000e+00	0.000000000000000000e+00	0.000000000000000000e+00
1.824928000000000239e+01	1.275001000000000140e+01	1.778199999999999932e+02	0.000000000000000000e+00	0.000000000000000000e+00	0.000000000000000000e+00	0.000000000000000000e+00
1.874928000000000594e+01	1.275001000000000140e+01	1.760600000000000023e+02	0.000000000000000000e+00	0.000000000000000000e+00	0.000000000000000000e+00	0.000000000000000000e+00
1.924928000000000594e+01	1.275001000000000140e+01	1.769600000000000080e+02	0.000000000000000000e+00	0.000000000000000000e+00	0.000000000000000000e+00	0.000000000000000000e+00
1.974928000000000239e+01	1.275001000000000140e+01	1.743280000000000030e+02	0.000000000000000000e+00	0.000000000000000000e+00	0.000000000000000000e+00	0.000000000000000000e+00
1.024927999999999884e+01	1.325001000000000140e+01	3.089199999999999946e+01	0.000000000000000000e+00	0.000000000000000000e+00	0.000000000000000000e+00	0.000000000000000000e+00
1.074927999999999884e+01	1.325001000000000140e+01	3.147800000000000153e+01	0.000000000000000000e+00	0.000000000000000000e+00	0.000000000000000000e+00	0.000000000000000000e+00
1.124927999999999884e+01	1.325001000000000140e+01	4.424399999999999977e+01	0.000000000000000000e+00	0.000000000000000000e+00	0.000000000000000000e+00	0.000000000000000000e+00
1.174928000000000061e+01	1.325001000000000140e+01	6.785200000000000387e+01	0.000000000000000000e+00	0.000000000000000000e+00	0.000000000000000000e+00	0.000000000000000000e+00
1.224928000000000061e+01	1.325001000000000140e+01	9.142400000000000659e+01	0.000000000000000000e+00	0.000000000000000000e+00	0.000000000000000000e+00	0.000000000000000000e+00
1.274928000000000061e+01	1.325001000000000140e+01	1.114219999999999970e+02	0.000000000000000000e+00	0.000000000000000000e+00	0.000000000000000000e+00	0.000000000000000000e+00
1.324928000000000061e+01	1.325001000000000140e+01	1.236419999999999959e+02	0.000000000000000000e+00	0.000000000000000000e+00	0.000000000000000000e+00	0.000000000000000000e+00
1.374928000000000061e+01	1.325001000000000140e+01	1.465699999999999932e+02	0.000000000000000000e+00	0.000000000000000000e+00	0.000000000000000000e+00	0.000000000000000000e+00
1.424928000000000061e+01	1.325001000000000140e+01	1.885180000000000007e+02	0.000000000000000000e+00	0.000000000000000000e+00	0.000000000000000000e+00	0.000000000000000000e+00
1.474928000000000239e+01	1.325001000000000140e+01	1.941539999999999964e+02	0.000000000000000000e+00	0.000000000000000000e+00	0.000000000000000000e+00	0.000000000000000000e+00
1.524928000000000239e+01	1.325001000000000140e+01	1.969699999999999989e+02	0.000000000000000000e+00	0.000000000000000000e+00	0.000000000000000000e+00	0.000000000000000000e+00
1.574928000000000061e+01	1.325001000000000140e+01	1.960660000000000025e+02	0.000000000000000000e+00	0.000000000000000000e+00	0.000000000000000000e+00	0.000000000000000000e+00
1.624928000000000239e+01	1.325001000000000140e+01	1.939000000000000057e+02	0.000000000000000000e+00	0.000000000000000000e+00	0.000000000000000000e+00	0.000000000000000000e+00
1.674928000000000594e+01	1.325001000000000140e+01	1.910600000000000023e+02	0.000000000000000000e+00	0.000000000000000000e+00	0.000000000000000000e+00	0.000000000000000000e+00
1.724928000000000239e+01	1.325001000000000140e+01	1.825999999999999943e+02	0.000000000000000000e+00	0.000000000000000000e+00	0.000000000000000000e+00	0.000000000000000000e+00
1.774928000000000239e+01	1.325001000000000140e+01	1.849639999999999986e+02	0.000000000000000000e+00	0.000000000000000000e+00	0.000000000000000000e+00	0.000000000000000000e+00
1.824928000000000239e+01	1.325001000000000140e+01	1.873619999999999948e+02	0.000000000000000000e+00	0.000000000000000000e+00	0.000000000000000000e+00	0.000000000000000000e+00
1.874928000000000594e+01	1.325001000000000140e+01	1.816419999999999959e+02	0.000000000000000000e+00	0.000000000000000000e+00	0.000000000000000000e+00	0.000000000000000000e+00
1.924928000000000594e+01	1.325001000000000140e+01	1.836220000000000141e+02	0.000000000000000000e+00	0.000000000000000000e+00	0.000000000000000000e+00	0.000000000000000000e+00
1.974928000000000239e+01	1.325001000000000140e+01	1.831059999999999945e+02	0.000000000000000000e+00	0.000000000000000000e+00	0.000000000000000000e+00	0.000000000000000000e+00
1.024927999999999884e+01	1.375001000000000140e+01	2.880000000000000071e+01	0.000000000000000000e+00	0.000000000000000000e+00	0.000000000000000000e+00	0.000000000000000000e+00
1.074927999999999884e+01	1.375001000000000140e+01	2.860200000000000031e+01	0.000000000000000000e+00	0.000000000000000000e+00	0.000000000000000000e+00	0.000000000000000000e+00
1.124927999999999884e+01	1.375001000000000140e+01	3.452799999999999869e+01	0.000000000000000000e+00	0.000000000000000000e+00	0.000000000000000000e+00	0.000000000000000000e+00
1.174928000000000061e+01	1.375001000000000140e+01	4.400399999999999778e+01	0.000000000000000000e+00	0.000000000000000000e+00	0.000000000000000000e+00	0.000000000000000000e+00
1.224928000000000061e+01	1.375001000000000140e+01	5.802799999999999869e+01	0.000000000000000000e+00	0.000000000000000000e+00	0.000000000000000000e+00	0.000000000000000000e+00
1.274928000000000061e+01	1.375001000000000140e+01	7.737999999999999545e+01	0.000000000000000000e+00	0.000000000000000000e+00	0.000000000000000000e+00	0.000000000000000000e+00
1.324928000000000061e+01	1.375001000000000140e+01	1.028059999999999974e+02	0.000000000000000000e+00	0.000000000000000000e+00	0.000000000000000000e+00	0.000000000000000000e+00
1.374928000000000061e+01	1.375001000000000140e+01	1.319600000000000080e+02	0.000000000000000000e+00	0.000000000000000000e+00	0.000000000000000000e+00	0.000000000000000000e+00
1.424928000000000061e+01	1.375001000000000140e+01	1.805420000000000016e+02	0.000000000000000000e+00	0.000000000000000000e+00	0.000000000000000000e+00	0.000000000000000000e+00
1.474928000000000239e+01	1.375001000000000140e+01	1.947760000000000105e+02	0.000000000000000000e+00	0.000000000000000000e+00	0.000000000000000000e+00	0.000000000000000000e+00
1.524928000000000239e+01	1.375001000000000140e+01	1.978679999999999950e+02	0.000000000000000000e+00	0.000000000000000000e+00	0.000000000000000000e+00	0.000000000000000000e+00
1.574928000000000061e+01	1.375001000000000140e+01	2.003220000000000027e+02	0.000000000000000000e+00	0.000000000000000000e+00	0.000000000000000000e+00	0.000000000000000000e+00
1.624928000000000239e+01	1.375001000000000140e+01	1.980039999999999907e+02	0.000000000000000000e+00	0.000000000000000000e+00	0.000000000000000000e+00	0.000000000000000000e+00
1.674928000000000594e+01	1.375001000000000140e+01	1.939139999999999873e+02	0.000000000000000000e+00	0.000000000000000000e+00	0.000000000000000000e+00	0.000000000000000000e+00
1.724928000000000239e+01	1.375001000000000140e+01	1.839139999999999873e+02	0.000000000000000000e+00	0.000000000000000000e+00	0.000000000000000000e+00	0.000000000000000000e+00
1.774928000000000239e+01	1.375001000000000140e+01	1.781879999999999882e+02	0.000000000000000000e+00	0.000000000000000000e+00	0.000000000000000000e+00	0.000000000000000000e+00
1.824928000000000239e+01	1.375001000000000140e+01	1.866779999999999973e+02	0.000000000000000000e+00	0.000000000000000000e+00	0.000000000000000000e+00	0.000000000000000000e+00
1.874928000000000594e+01	1.375001000000000140e+01	1.806140000000000043e+02	0.000000000000000000e+00	0.000000000000000000e+00	0.000000000000000000e+00	0.000000000000000000e+00
1.924928000000000594e+01	1.375001000000000140e+01	1.826599999999999966e+02	0.000000000000000000e+00	0.000000000000000000e+00	0.000000000000000000e+00	0.000000000000000000e+00
1.974928000000000239e+01	1.375001000000000140e+01	1.863640000000000043e+02	0.000000000000000000e+00	0.000000000000000000e+00	0.000000000000000000e+00	0.000000000000000000e+00
1.024927999999999884e+01	1.425001000000000140e+01	2.711599999999999966e+01	0.000000000000000000e+00	0.000000000000000000e+00	0.000000000000000000e+00	0.000000000000000000e+00
1.074927999999999884e+01	1.425001000000000140e+01	2.650000000000000000e+01	0.000000000000000000e+00	0.000000000000000000e+00	0.000000000000000000e+00	0.000000000000000000e+00
1.124927999999999884e+01	1.425001000000000140e+01	2.944600000000000151e+01	0.000000000000000000e+00	0.000000000000000000e+00	0.000000000000000000e+00	0.000000000000000000e+00
1.174928000000000061e+01	1.425001000000000140e+01	3.701200000000000045e+01	0.000000000000000000e+00	0.000000000000000000e+00	0.000000000000000000e+00	0.000000000000000000e+00
1.224928000000000061e+01	1.425001000000000140e+01	4.768599999999999994e+01	0.000000000000000000e+00	0.000000000000000000e+00	0.000000000000000000e+00	0.000000000000000000e+00
1.274928000000000061e+01	1.425001000000000140e+01	6.367999999999999972e+01	0.000000000000000000e+00	0.000000000000000000e+00	0.000000000000000000e+00	0.000000000000000000e+00
1.324928000000000061e+01	1.425001000000000140e+01	8.782200000000000273e+01	0.000000000000000000e+00	0.000000000000000000e+00	0.000000000000000000e+00	0.000000000000000000e+00
1.374928000000000061e+01	1.425001000000000140e+01	1.165780000000000030e+02	0.000000000000000000e+00	0.000000000000000000e+00	0.000000000000000000e+00	0.000000000000000000e+00
1.424928000000000061e+01	1.425001000000000140e+01	1.657280000000000086e+02	0.000000000000000000e+00	0.000000000000000000e+00	0.000000000000000000e+00	0.000000000000000000e+00
1.474928000000000239e+01	1.425001000000000140e+01	1.905699999999999932e+02	0.000000000000000000e+00	0.000000000000000000e+00	0.000000000000000000e+00	0.000000000000000000e+00
1.524928000000000239e+01	1.425001000000000140e+01	1.949099999999999966e+02	0.000000000000000000e+00	0.000000000000000000e+00	0.000000000000000000e+00	0.000000000000000000e+00
1.574928000000000061e+01	1.425001000000000140e+01	1.976939999999999884e+02	0.000000000000000000e+00	0.000000000000000000e+00	0.000000000000000000e+00	0.000000000000000000e+00
1.624928000000000239e+01	1.425001000000000140e+01	1.996879999999999882e+02	0.000000000000000000e+00	0.000000000000000000e+00	0.000000000000000000e+00	0.000000000000000000e+00
1.674928000000000594e+01	1.425001000000000140e+01	1.995819999999999936e+02	0.000000000000000000e+00	0.000000000000000000e+00	0.000000000000000000e+00	0.000000000000000000e+00
1.724928000000000239e+01	1.425001000000000140e+01	1.964339999999999975e+02	0.000000000000000000e+00	0.000000000000000000e+00	0.000000000000000000e+00	0.000000000000000000e+00
1.774928000000000239e+01	1.425001000000000140e+01	1.869639999999999986e+02	0.000000000000000000e+00	0.000000000000000000e+00	0.000000000000000000e+00	0.000000000000000000e+00
1.824928000000000239e+01	1.425001000000000140e+01	1.917439999999999998e+02	0.000000000000000000e+00	0.000000000000000000e+00	0.000000000000000000e+00	0.000000000000000000e+00
1.874928000000000594e+01	1.425001000000000140e+01	1.903600000000000136e+02	0.000000000000000000e+00	0.000000000000000000e+00	0.000000000000000000e+00	0.000000000000000000e+00
1.924928000000000594e+01	1.425001000000000140e+01	1.875840000000000032e+02	0.000000000000000000e+00	0.000000000000000000e+00	0.000000000000000000e+00	0.000000000000000000e+00
1.974928000000000239e+01	1.425001000000000140e+01	1.872160000000000082e+02	0.000000000000000000e+00	0.000000000000000000e+00	0.000000000000000000e+00	0.000000000000000000e+00
1.024927999999999884e+01	1.475001000000000140e+01	2.527199999999999847e+01	0.000000000000000000e+00	0.000000000000000000e+00	0.000000000000000000e+00	0.000000000000000000e+00
1.074927999999999884e+01	1.475001000000000140e+01	2.489600000000000080e+01	0.000000000000000000e+00	0.000000000000000000e+00	0.000000000000000000e+00	0.000000000000000000e+00
1.124927999999999884e+01	1.475001000000000140e+01	2.763800000000000168e+01	0.000000000000000000e+00	0.000000000000000000e+00	0.000000000000000000e+00	0.000000000000000000e+00
1.174928000000000061e+01	1.475001000000000140e+01	3.456199999999999761e+01	0.000000000000000000e+00	0.000000000000000000e+00	0.000000000000000000e+00	0.000000000000000000e+00
1.224928000000000061e+01	1.475001000000000140e+01	4.526400000000000290e+01	0.000000000000000000e+00	0.000000000000000000e+00	0.000000000000000000e+00	0.000000000000000000e+00
1.274928000000000061e+01	1.475001000000000140e+01	5.910399999999999920e+01	0.000000000000000000e+00	0.000000000000000000e+00	0.000000000000000000e+00	0.000000000000000000e+00
1.324928000000000061e+01	1.475001000000000140e+01	8.364799999999999613e+01	0.000000000000000000e+00	0.000000000000000000e+00	0.000000000000000000e+00	0.000000000000000000e+00
1.374928000000000061e+01	1.475001000000000140e+01	1.116719999999999970e+02	0.000000000000000000e+00	0.000000000000000000e+00	0.000000000000000000e+00	0.000000000000000000e+00
1.424928000000000061e+01	1.475001000000000140e+01	1.605240000000000009e+02	0.000000000000000000e+00	0.000000000000000000e+00	0.000000000000000000e+00	0.000000000000000000e+00
1.474928000000000239e+01	1.475001000000000140e+01	1.873280000000000030e+02	0.000000000000000000e+00	0.000000000000000000e+00	0.000000000000000000e+00	0.000000000000000000e+00
1.524928000000000239e+01	1.475001000000000140e+01	1.934579999999999984e+02	0.000000000000000000e+00	0.000000000000000000e+00	0.000000000000000000e+00	0.000000000000000000e+00
1.574928000000000061e+01	1.475001000000000140e+01	1.953760000000000048e+02	0.000000000000000000e+00	0.000000000000000000e+00	0.000000000000000000e+00	0.000000000000000000e+00
1.624928000000000239e+01	1.475001000000000140e+01	1.975600000000000023e+02	0.000000000000000000e+00	0.000000000000000000e+00	0.000000000000000000e+00	0.000000000000000000e+00
1.674928000000000594e+01	1.475001000000000140e+01	2.005120000000000005e+02	0.000000000000000000e+00	0.000000000000000000e+00	0.000000000000000000e+00	0.000000000000000000e+00
1.724928000000000239e+01	1.475001000000000140e+01	1.983480000000000132e+02	0.000000000000000000e+00	0.000000000000000000e+00	0.000000000000000000e+00	0.000000000000000000e+00
1.774928000000000239e+01	1.475001000000000140e+01	1.955840000000000032e+02	0.000000000000000000e+00	0.000000000000000000e+00	0.000000000000000000e+00	0.000000000000000000e+00
1.824928000000000239e+01	1.475001000000000140e+01	1.937379999999999995e+02	0.000000000000000000e+00	0.000000000000000000e+00	0.000000000000000000e+00	0.000000000000000000e+00
1.874928000000000594e+01	1.475001000000000140e+01	1.879259999999999877e+02	0.000000000000000000e+00	0.000000000000000000e+00	0.000000000000000000e+00	0.000000000000000000e+00
1.924928000000000594e+01	1.475001000000000140e+01	1.858460000000000036e+02	0.000000000000000000e+00	0.000000000000000000e+00	0.000000000000000000e+00	0.000000000000000000e+00
1.974928000000000239e+01	1.475001000000000140e+01	1.851419999999999959e+02	0.000000000000000000e+00	0.000000000000000000e+00	0.000000000000000000e+00	0.000000000000000000e+00
1.024927999999999884e+01	1.525001000000000140e+01	2.356200000000000117e+01	0.000000000000000000e+00	0.000000000000000000e+00	0.000000000000000000e+00	0.000000000000000000e+00
1.074927999999999884e+01	1.525001000000000140e+01	2.328800000000000026e+01	0.000000000000000000e+00	0.000000000000000000e+00	0.000000000000000000e+00	0.000000000000000000e+00
1.124927999999999884e+01	1.525001000000000140e+01	2.480399999999999849e+01	0.000000000000000000e+00	0.000000000000000000e+00	0.000000000000000000e+00	0.000000000000000000e+00
1.174928000000000061e+01	1.525001000000000140e+01	3.023400000000000176e+01	0.000000000000000000e+00	0.000000000000000000e+00	0.000000000000000000e+00	0.000000000000000000e+00
1.224928000000000061e+01	1.525001000000000140e+01	4.014200000000000301e+01	0.000000000000000000e+00	0.000000000000000000e+00	0.000000000000000000e+00	0.000000000000000000e+00
1.274928000000000061e+01	1.525001000000000140e+01	5.231199999999999761e+01	0.000000000000000000e+00	0.000000000000000000e+00	0.000000000000000000e+00	0.000000000000000000e+00
1.324928000000000061e+01	1.525001000000000140e+01	7.492799999999999727e+01	0.000000000000000000e+00	0.000000000000000000e+00	0.000000000000000000e+00	0.000000000000000000e+00
1.374928000000000061e+01	1.525001000000000140e+01	1.042579999999999956e+02	0.000000000000000000e+00	0.000000000000000000e+00	0.000000000000000000e+00	0.000000000000000000e+00
1.424928000000000061e+01	1.525001000000000140e+01	1.462520000000000095e+02	0.000000000000000000e+00	0.000000000000000000e+00	0.000000000000000000e+00	0.000000000000000000e+00
1.474928000000000239e+01	1.525001000000000140e+01	1.822700000000000102e+02	0.000000000000000000e+00	0.000000000000000000e+00	0.000000000000000000e+00	0.000000000000000000e+00
1.524928000000000239e+01	1.525001000000000140e+01	1.893660000000000139e+02	0.000000000000000000e+00	0.000000000000000000e+00	0.000000000000000000e+00	0.000000000000000000e+00
1.574928000000000061e+01	1.525001000000000140e+01	1.906140000000000043e+02	0.000000000000000000e+00	0.000000000000000000e+00	0.000000000000000000e+00	0.000000000000000000e+00
1.624928000000000239e+01	1.525001000000000140e+01	1.923779999999999859e+02	0.000000000000000000e+00	0.000000000000000000e+00	0.000000000000000000e+00	0.000000000000000000e+00
1.674928000000000594e+01	1.525001000000000140e+01	1.955159999999999911e+02	0.000000000000000000e+00	0.000000000000000000e+00	0.000000000000000000e+00	0.000000000000000000e+00
1.724928000000000239e+01	1.525001000000000140e+01	1.954699999999999989e+02	0.000000000000000000e+00	0.000000000000000000e+00	0.000000000000000000e+00	0.000000000000000000e+00
1.774928000000000239e+01	1.525001000000000140e+01	1.986980000000000075e+02	0.000000000000000000e+00	0.000000000000000000e+00	0.000000000000000000e+00	0.000000000000000000e+00
1.824928000000000239e+01	1.525001000000000140e+01	2.005639999999999930e+02	0.000000000000000000e+00	0.000000000000000000e+00	0.000000000000000000e+00	0.000000000000000000e+00
1.874928000000000594e+01	1.525001000000000140e+01	1.916220000000000141e+02	0.000000000000000000e+00	0.000000000000000000e+00	0.000000000000000000e+00	0.000000000000000000e+00
1.924928000000000594e+01	1.525001000000000140e+01	1.846620000000000061e+02	0.000000000000000000e+00	0.000000000000000000e+00	0.000000000000000000e+00	0.000000000000000000e+00
1.974928000000000239e+01	1.525001000000000140e+01	1.837139999999999986e+02	0.000000000000000000e+00	0.000000000000000000e+00	0.000000000000000000e+00	0.000000000000000000e+00
1.024927999999999884e+01	1.575001000000000495e+01	2.189199999999999946e+01	0.000000000000000000e+00	0.000000000000000000e+00	0.000000000000000000e+00	0.000000000000000000e+00
1.074927999999999884e+01	1.575001000000000495e+01	2.172599999999999909e+01	0.000000000000000000e+00	0.000000000000000000e+00	0.000000000000000000e+00	0.000000000000000000e+00
1.124927999999999884e+01	1.575001000000000495e+01	2.219600000000000151e+01	0.000000000000000000e+00	0.000000000000000000e+00	0.000000000000000000e+00	0.000000000000000000e+00
1.174928000000000061e+01	1.575001000000000495e+01	2.816799999999999926e+01	0.000000000000000000e+00	0.000000000000000000e+00	0.000000000000000000e+00	0.000000000000000000e+00
1.224928000000000061e+01	1.575001000000000495e+01	3.797200000000000131e+01	0.000000000000000000e+00	0.000000000000000000e+00	0.000000000000000000e+00	0.000000000000000000e+00
1.274928000000000061e+01	1.575001000000000495e+01	4.951800000000000068e+01	0.000000000000000000e+00	0.000000000000000000e+00	0.000000000000000000e+00	0.000000000000000000e+00
1.324928000000000061e+01	1.575001000000000495e+01	7.133599999999999852e+01	0.000000000000000000e+00	0.000000000000000000e+00	0.000000000000000000e+00	0.000000000000000000e+00
1.374928000000000061e+01	1.575001000000000495e+01	9.959799999999999898e+01	0.000000000000000000e+00	0.000000000000000000e+00	0.000000000000000000e+00	0.000000000000000000e+00
1.424928000000000061e+01	1.575001000000000495e+01	1.362479999999999905e+02	0.000000000000000000e+00	0.000000000000000000e+00	0.000000000000000000e+00	0.000000000000000000e+00
1.474928000000000239e+01	1.575001000000000495e+01	1.746800000000000068e+02	0.000000000000000000e+00	0.000000000000000000e+00	0.000000000000000000e+00	0.000000000000000000e+00
1.524928000000000239e+01	1.575001000000000495e+01	1.836160000000000139e+02	0.000000000000000000e+00	0.000000000000000000e+00	0.000000000000000000e+00	0.000000000000000000e+00
1.574928000000000061e+01	1.575001000000000495e+01	1.866579999999999870e+02	0.000000000000000000e+00	0.000000000000000000e+00	0.000000000000000000e+00	0.000000000000000000e+00
1.624928000000000239e+01	1.575001000000000495e+01	1.872980000000000018e+02	0.000000000000000000e+00	0.000000000000000000e+00	0.000000000000000000e+00	0.000000000000000000e+00
1.674928000000000594e+01	1.575001000000000495e+01	1.871500000000000057e+02	0.000000000000000000e+00	0.000000000000000000e+00	0.000000000000000000e+00	0.000000000000000000e+00
1.724928000000000239e+01	1.575001000000000495e+01	1.880300000000000011e+02	0.000000000000000000e+00	0.000000000000000000e+00	0.000000000000000000e+00	0.000000000000000000e+00
1.774928000000000239e+01	1.575001000000000495e+01	1.956579999999999870e+02	0.000000000000000000e+00	0.000000000000000000e+00	0.000000000000000000e+00	0.000000000000000000e+00
1.824928000000000239e+01	1.575001000000000495e+01	2.013259999999999934e+02	0.000000000000000000e+00	0.000000000000000000e+00	0.000000000000000000e+00	0.000000000000000000e+00
1.874928000000000594e+01	1.575001000000000495e+01	1.923779999999999859e+02	0.000000000000000000e+00	0.000000000000000000e+00	0.000000000000000000e+00	0.000000000000000000e+00
1.924928000000000594e+01	1.575001000000000495e+01	1.817079999999999984e+02	0.000000000000000000e+00	0.000000000000000000e+00	0.000000000000000000e+00	0.000000000000000000e+00
1.974928000000000239e+01	1.575001000000000495e+01	1.800180000000000007e+02	0.000000000000000000e+00	0.000000000000000000e+00	0.000000000000000000e+00	0.000000000000000000e+00
1.024927999999999884e+01	1.625001000000000317e+01	1.949599999999999866e+01	0.000000000000000000e+00	0.000000000000000000e+00	0.000000000000000000e+00	0.000000000000000000e+00
1.074927999999999884e+01	1.625001000000000317e+01	1.902799999999999869e+01	0.000000000000000000e+00	0.000000000000000000e+00	0.000000000000000000e+00	0.000000000000000000e+00
1.124927999999999884e+01	1.625001000000000317e+01	1.938599999999999923e+01	0.000000000000000000e+00	0.000000000000000000e+00	0.000000000000000000e+00	0.000000000000000000e+00
1.174928000000000061e+01	1.625001000000000317e+01	2.349800000000000111e+01	0.000000000000000000e+00	0.000000000000000000e+00	0.000000000000000000e+00	0.000000000000000000e+00
1.224928000000000061e+01	1.625001000000000317e+01	3.137600000000000122e+01	0.000000000000000000e+00	0.000000000000000000e+00	0.000000000000000000e+00	0.000000000000000000e+00
1.274928000000000061e+01	1.625001000000000317e+01	4.240400000000000347e+01	0.000000000000000000e+00	0.000000000000000000e+00	0.000000000000000000e+00	0.000000000000000000e+00
1.324928000000000061e+01	1.625001000000000317e+01	6.206600000000000250e+01	0.000000000000000000e+00	0.000000000000000000e+00	0.000000000000000000e+00	0.000000000000000000e+00
1.374928000000000061e+01	1.625001000000000317e+01	9.051800000000000068e+01	0.000000000000000000e+00	0.000000000000000000e+00	0.000000000000000000e+00	0.000000000000000000e+00
1.424928000000000061e+01	1.625001000000000317e+01	1.222819999999999965e+02	0.000000000000000000e+00	0.000000000000000000e+00	0.000000000000000000e+00	0.000000000000000000e+00
1.474928000000000239e+01	1.625001000000000317e+01	1.656860000000000070e+02	0.000000000000000000e+00	0.000000000000000000e+00	0.000000000000000000e+00	0.000000000000000000e+00
1.524928000000000239e+01	1.625001000000000317e+01	1.765200000000000102e+02	0.000000000000000000e+00	0.000000000000000000e+00	0.000000000000000000e+00	0.000000000000000000e+00
1.574928000000000061e+01	1.625001000000000317e+01	1.795500000000000114e+02	0.000000000000000000e+00	0.000000000000000000e+00	0.000000000000000000e+00	0.000000000000000000e+00
1.624928000000000239e+01	1.625001000000000317e+01	1.788760000000000048e+02	0.000000000000000000e+00	0.000000000000000000e+00	0.000000000000000000e+00	0.000000000000000000e+00
1.674928000000000594e+01	1.625001000000000317e+01	1.801119999999999948e+02	0.000000000000000000e+00	0.000000000000000000e+00	0.000000000000000000e+00	0.000000000000000000e+00
1.724928000000000239e+01	1.625001000000000317e+01	1.792379999999999995e+02	0.000000000000000000e+00	0.000000000000000000e+00	0.000000000000000000e+00	0.000000000000000000e+00
1.774928000000000239e+01	1.625001000000000317e+01	1.872980000000000018e+02	0.000000000000000000e+00	0.000000000000000000e+00	0.000000000000000000e+00	0.000000000000000000e+00
1.824928000000000239e+01	1.625001000000000317e+01	1.967160000000000082e+02	0.000000000000000000e+00	0.000000000000000000e+00	0.000000000000000000e+00	0.000000000000000000e+00
1.874928000000000594e+01	1.625001000000000317e+01	1.891399999999999864e+02	0.000000000000000000e+00	0.000000000000000000e+00	0.000000000000000000e+00	0.000000000000000000e+00
1.924928000000000594e+01	1.625001000000000317e+01	1.768779999999999859e+02	0.000000000000000000e+00	0.000000000000000000e+00	0.000000000000000000e+00	0.000000000000000000e+00
1.974928000000000239e+01	1.625001000000000317e+01	1.766279999999999859e+02	0.000000000000000000e+00	0.000000000000000000e+00	0.000000000000000000e+00	0.000000000000000000e+00
1.024927999999999884e+01	1.675000999999999962e+01	1.633999999999999986e+01	0.000000000000000000e+00	0.000000000000000000e+00	0.000000000000000000e+00	0.000000000000000000e+00
1.074927999999999884e+01	1.675000999999999962e+01	1.606800000000000139e+01	0.000000000000000000e+00	0.000000000000000000e+00	0.000000000000000000e+00	0.000000000000000000e+00
1.124927999999999884e+01	1.675000999999999962e+01	1.629799999999999827e+01	0.000000000000000000e+00	0.000000000000000000e+00	0.000000000000000000e+00	0.000000000000000000e+00
1.174928000000000061e+01	1.675000999999999962e+01	1.895599999999999952e+01	0.000000000000000000e+00	0.000000000000000000e+00	0.000000000000000000e+00	0.000000000000000000e+00
1.224928000000000061e+01	1.675000999999999962e+01	2.464600000000000080e+01	0.000000000000000000e+00	0.000000000000000000e+00	0.000000000000000000e+00	0.000000000000000000e+00
1.274928000000000061e+01	1.675000999999999962e+01	3.460399999999999920e+01	0.000000000000000000e+00	0.000000000000000000e+00	0.000000000000000000e+00	0.000000000000000000e+00
1.324928000000000061e+01	1.675000999999999962e+01	5.246999999999999886e+01	0.000000000000000000e+00	0.000000000000000000e+00	0.000000000000000000e+00	0.000000000000000000e+00
1.374928000000000061e+01	1.675000999999999962e+01	7.831999999999999318e+01	0.000000000000000000e+00	0.000000000000000000e+00	0.000000000000000000e+00	0.000000000000000000e+00
1.424928000000000061e+01	1.675000999999999962e+01	1.096839999999999975e+02	0.000000000000000000e+00	0.000000000000000000e+00	0.000000000000000000e+00	0.000000000000000000e+00
1.474928000000000239e+01	1.675000999999999962e+01	1.545800000000000125e+02	0.000000000000000000e+00	0.000000000000000000e+00	0.000000000000000000e+00	0.000000000000000000e+00
1.524928000000000239e+01	1.675000999999999962e+01	1.693619999999999948e+02	0.000000000000000000e+00	0.000000000000000000e+00	0.000000000000000000e+00	0.000000000000000000e+00
1.574928000000000061e+01	1.675000999999999962e+01	1.722340000000000089e+02	0.000000000000000000e+00	0.000000000000000000e+00	0.000000000000000000e+00	0.000000000000000000e+00
1.624928000000000239e+01	1.675000999999999962e+01	1.705000000000000000e+02	0.000000000000000000e+00	0.000000000000000000e+00	0.000000000000000000e+00	0.000000000000000000e+00
1.674928000000000594e+01	1.675000999999999962e+01	1.721879999999999882e+02	0.000000000000000000e+00	0.000000000000000000e+00	0.000000000000000000e+00	0.000000000000000000e+00
1.724928000000000239e+01	1.675000999999999962e+01	1.709000000000000057e+02	0.000000000000000000e+00	0.000000000000000000e+00	0.000000000000000000e+00	0.000000000000000000e+00
1.774928000000000239e+01	1.675000999999999962e+01	1.716220000000000141e+02	0.000000000000000000e+00	0.000000000000000000e+00	0.000000000000000000e+00	0.000000000000000000e+00
1.824928000000000239e+01	1.675000999999999962e+01	1.764219999999999970e+02	0.000000000000000000e+00	0.000000000000000000e+00	0.000000000000000000e+00	0.000000000000000000e+00
1.874928000000000594e+01	1.675000999999999962e+01	1.778559999999999945e+02	0.000000000000000000e+00	0.000000000000000000e+00	0.000000000000000000e+00	0.000000000000000000e+00
1.924928000000000594e+01	1.675000999999999962e+01	1.706160000000000139e+02	0.000000000000000000e+00	0.000000000000000000e+00	0.000000000000000000e+00	0.000000000000000000e+00
1.974928000000000239e+01	1.675000999999999962e+01	1.701519999999999868e+02	0.000000000000000000e+00	0.000000000000000000e+00	0.000000000000000000e+00	0.000000000000000000e+00
1.024927999999999884e+01	1.725001000000000317e+01	1.432600000000000051e+01	0.000000000000000000e+00	0.000000000000000000e+00	0.000000000000000000e+00	0.000000000000000000e+00
1.074927999999999884e+01	1.725001000000000317e+01	1.416200000000000081e+01	0.000000000000000000e+00	0.000000000000000000e+00	0.000000000000000000e+00	0.000000000000000000e+00
1.124927999999999884e+01	1.725001000000000317e+01	1.378999999999999915e+01	0.000000000000000000e+00	0.000000000000000000e+00	0.000000000000000000e+00	0.000000000000000000e+00
1.174928000000000061e+01	1.725001000000000317e+01	1.458200000000000074e+01	0.000000000000000000e+00	0.000000000000000000e+00	0.000000000000000000e+00	0.000000000000000000e+00
1.224928000000000061e+01	1.725001000000000317e+01	1.831200000000000117e+01	0.000000000000000000e+00	0.000000000000000000e+00	0.000000000000000000e+00	0.000000000000000000e+00
1.274928000000000061e+01	1.725001000000000317e+01	2.534600000000000009e+01	0.000000000000000000e+00	0.000000000000000000e+00	0.000000000000000000e+00	0.000000000000000000e+00
1.324928000000000061e+01	1.725001000000000317e+01	3.837199999999999989e+01	0.000000000000000000e+00	0.000000000000000000e+00	0.000000000000000000e+00	0.000000000000000000e+00
1.374928000000000061e+01	1.725001000000000317e+01	6.170199999999999818e+01	0.000000000000000000e+00	0.000000000000000000e+00	0.000000000000000000e+00	0.000000000000000000e+00
1.424928000000000061e+01	1.725001000000000317e+01	9.015600000000000591e+01	0.000000000000000000e+00	0.000000000000000000e+00	0.000000000000000000e+00	0.000000000000000000e+00
1.474928000000000239e+01	1.725001000000000317e+01	1.317860000000000014e+02	0.000000000000000000e+00	0.000000000000000000e+00	0.000000000000000000e+00	0.000000000000000000e+00
1.524928000000000239e+01	1.725001000000000317e+01	1.571040000000000134e+02	0.000000000000000000e+00	0.000000000000000000e+00	0.000000000000000000e+00	0.000000000000000000e+00
1.574928000000000061e+01	1.725001000000000317e+01	1.626839999999999975e+02	0.000000000000000000e+00	0.000000000000000000e+00	0.000000000000000000e+00	0.000000000000000000e+00
1.624928000000000239e+01	1.725001000000000317e+01	1.620740000000000123e+02	0.000000000000000000e+00	0.000000000000000000e+00	0.000000000000000000e+00	0.000000000000000000e+00
1.674928000000000594e+01	1.725001000000000317e+01	1.637560000000000002e+02	0.000000000000000000e+00	0.000000000000000000e+00	0.000000000000000000e+00	0.000000000000000000e+00
1.724928000000000239e+01	1.725001000000000317e+01	1.608319999999999936e+02	0.000000000000000000e+00	0.000000000000000000e+00	0.000000000000000000e+00	0.000000000000000000e+00
1.774928000000000239e+01	1.725001000000000317e+01	1.597119999999999891e+02	0.000000000000000000e+00	0.000000000000000000e+00	0.000000000000000000e+00	0.000000000000000000e+00
1.824928000000000239e+01	1.725001000000000317e+01	1.626939999999999884e+02	0.000000000000000000e+00	0.000000000000000000e+00	0.000000000000000000e+00	0.000000000000000000e+00
1.874928000000000594e+01	1.725001000000000317e+01	1.652800000000000011e+02	0.000000000000000000e+00	0.000000000000000000e+00	0.000000000000000000e+00	0.000000000000000000e+00
1.924928000000000594e+01	1.725001000000000317e+01	1.646740000000000066e+02	0.000000000000000000e+00	0.000000000000000000e+00	0.000000000000000000e+00	0.000000000000000000e+00
1.974928000000000239e+01	1.725001000000000317e+01	1.644360000000000070e+02	0.000000000000000000e+00	0.000000000000000000e+00	0.000000000000000000e+00	0.000000000000000000e+00
1.024927999999999884e+01	1.775001000000000673e+01	1.238400000000000034e+01	0.000000000000000000e+00	0.000000000000000000e+00	0.000000000000000000e+00	0.000000000000000000e+00
1.074927999999999884e+01	1.775001000000000673e+01	1.235800000000000054e+01	0.000000000000000000e+00	0.000000000000000000e+00	0.000000000000000000e+00	0.000000000000000000e+00
1.124927999999999884e+01	1.775001000000000673e+01	1.184800000000000075e+01	0.000000000000000000e+00	0.000000000000000000e+00	0.000000000000000000e+00	0.000000000000000000e+00
1.174928000000000061e+01	1.775001000000000673e+01	1.267999999999999972e+01	0.000000000000000000e+00	0.000000000000000000e+00	0.000000000000000000e+00	0.000000000000000000e+00
1.224928000000000061e+01	1.775001000000000673e+01	1.573199999999999932e+01	0.000000000000000000e+00	0.000000000000000000e+00	0.000000000000000000e+00	0.000000000000000000e+00
1.274928000000000061e+01	1.775001000000000673e+01	2.203600000000000136e+01	0.000000000000000000e+00	0.000000000000000000e+00	0.000000000000000000e+00	0.000000000000000000e+00
1.324928000000000061e+01	1.775001000000000673e+01	3.021000000000000085e+01	0.000000000000000000e+00	0.000000000000000000e+00	0.000000000000000000e+00	0.000000000000000000e+00
1.374928000000000061e+01	1.775001000000000673e+01	5.162199999999999989e+01	0.000000000000000000e+00	0.000000000000000000e+00	0.000000000000000000e+00	0.000000000000000000e+00
1.424928000000000061e+01	1.775001000000000673e+01	8.184399999999999409e+01	0.000000000000000000e+00	0.000000000000000000e+00	0.000000000000000000e+00	0.000000000000000000e+00
1.474928000000000239e+01	1.775001000000000673e+01	1.185000000000000000e+02	0.000000000000000000e+00	0.000000000000000000e+00	0.000000000000000000e+00	0.000000000000000000e+00
1.524928000000000239e+01	1.775001000000000673e+01	1.428700000000000045e+02	0.000000000000000000e+00	0.000000000000000000e+00	0.000000000000000000e+00	0.000000000000000000e+00
1.574928000000000061e+01	1.775001000000000673e+01	1.499439999999999884e+02	0.000000000000000000e+00	0.000000000000000000e+00	0.000000000000000000e+00	0.000000000000000000e+00
1.624928000000000239e+01	1.775001000000000673e+01	1.523400000000000034e+02	0.000000000000000000e+00	0.000000000000000000e+00	0.000000000000000000e+00	0.000000000000000000e+00
1.674928000000000594e+01	1.775001000000000673e+01	1.503400000000000034e+02	0.000000000000000000e+00	0.000000000000000000e+00	0.000000000000000000e+00	0.000000000000000000e+00
1.724928000000000239e+01	1.775001000000000673e+01	1.473060000000000116e+02	0.000000000000000000e+00	0.000000000000000000e+00	0.000000000000000000e+00	0.000000000000000000e+00
1.774928000000000239e+01	1.775001000000000673e+01	1.425720000000000027e+02	0.000000000000000000e+00	0.000000000000000000e+00	0.000000000000000000e+00	0.000000000000000000e+00
1.824928000000000239e+01	1.775001000000000673e+01	1.439600000000000080e+02	0.000000000000000000e+00	0.000000000000000000e+00	0.000000000000000000e+00	0.000000000000000000e+00
1.874928000000000594e+01	1.775001000000000673e+01	1.508420000000000130e+02	0.000000000000000000e+00	0.000000000000000000e+00	0.000000000000000000e+00	0.000000000000000000e+00
1.924928000000000594e+01	1.775001000000000673e+01	1.514919999999999902e+02	0.000000000000000000e+00	0.000000000000000000e+00	0.000000000000000000e+00	0.000000000000000000e+00
1.974928000000000239e+01	1.775001000000000673e+01	1.519879999999999995e+02	0.000000000000000000e+00	0.000000000000000000e+00	0.000000000000000000e+00	0.000000000000000000e+00
1.024927999999999884e+01	1.825001000000000317e+01	1.078800000000000026e+01	0.000000000000000000e+00	0.000000000000000000e+00	0.000000000000000000e+00	0.000000000000000000e+00
1.074927999999999884e+01	1.825001000000000317e+01	1.088400000000000034e+01	0.000000000000000000e+00	0.000000000000000000e+00	0.000000000000000000e+00	0.000000000000000000e+00
1.124927999999999884e+01	1.825001000000000317e+01	1.088000000000000078e+01	0.000000000000000000e+00	0.000000000000000000e+00	0.000000000000000000e+00	0.000000000000000000e+00
1.174928000000000061e+01	1.825001000000000317e+01	1.079199999999999982e+01	0.000000000000000000e+00	0.000000000000000000e+00	0.000000000000000000e+00	0.000000000000000000e+00
1.224928000000000061e+01	1.825001000000000317e+01	1.328400000000000070e+01	0.000000000000000000e+00	0.000000000000000000e+00	0.000000000000000000e+00	0.000000000000000000e+00
1.274928000000000061e+01	1.825001000000000317e+01	1.723799999999999955e+01	0.000000000000000000e+00	0.000000000000000000e+00	0.000000000000000000e+00	0.000000000000000000e+00
1.324928000000000061e+01	1.825001000000000317e+01	2.364000000000000057e+01	0.000000000000000000e+00	0.000000000000000000e+00	0.000000000000000000e+00	0.000000000000000000e+00
1.374928000000000061e+01	1.825001000000000317e+01	3.759799999999999898e+01	0.000000000000000000e+00	0.000000000000000000e+00	0.000000000000000000e+00	0.000000000000000000e+00
1.424928000000000061e+01	1.825001000000000317e+01	6.383599999999999852e+01	0.000000000000000000e+00	0.000000000000000000e+00	0.000000000000000000e+00	0.000000000000000000e+00
1.474928000000000239e+01	1.825001000000000317e+01	9.521399999999999864e+01	0.000000000000000000e+00	0.000000000000000000e+00	0.000000000000000000e+00	0.000000000000000000e+00
1.524928000000000239e+01	1.825001000000000317e+01	1.203059999999999974e+02	0.000000000000000000e+00	0.000000000000000000e+00	0.000000000000000000e+00	0.000000000000000000e+00
1.574928000000000061e+01	1.825001000000000317e+01	1.312199999999999989e+02	0.000000000000000000e+00	0.000000000000000000e+00	0.000000000000000000e+00	0.000000000000000000e+00
1.624928000000000239e+01	1.825001000000000317e+01	1.337760000000000105e+02	0.000000000000000000e+00	0.000000000000000000e+00	0.000000000000000000e+00	0.000000000000000000e+00
1.674928000000000594e+01	1.825001000000000317e+01	1.311920000000000073e+02	0.000000000000000000e+00	0.000000000000000000e+00	0.000000000000000000e+00	0.000000000000000000e+00
1.724928000000000239e+01	1.825001000000000317e+01	1.274860000000000042e+02	0.000000000000000000e+00	0.000000000000000000e+00	0.000000000000000000e+00	0.000000000000000000e+00
1.774928000000000239e+01	1.825001000000000317e+01	1.254759999999999991e+02	0.000000000000000000e+00	0.000000000000000000e+00	0.000000000000000000e+00	0.000000000000000000e+00
1.824928000000000239e+01	1.825001000000000317e+01	1.266820000000000022e+02	0.000000000000000000e+00	0.000000000000000000e+00	0.000000000000000000e+00	0.000000000000000000e+00
1.874928000000000594e+01	1.825001000000000317e+01	1.313580000000000041e+02	0.000000000000000000e+00	0.000000000000000000e+00	0.000000000000000000e+00	0.000000000000000000e+00
1.924928000000000594e+01	1.825001000000000317e+01	1.346759999999999877e+02	0.000000000000000000e+00	0.000000000000000000e+00	0.000000000000000000e+00	0.000000000000000000e+00
1.974928000000000239e+01	1.825001000000000317e+01	1.355780000000000030e+02	0.000000000000000000e+00	0.000000000000000000e+00	0.000000000000000000e+00	0.000000000000000000e+00
1.024927999999999884e+01	1.875001000000000317e+01	1.001600000000000001e+01	0.000000000000000000e+00	0.000000000000000000e+00	0.000000000000000000e+00	0.000000000000000000e+00
1.074927999999999884e+01	1.875001000000000317e+01	9.830000000000000071e+00	0.000000000000000000e+00	0.000000000000000000e+00	0.000000000000000000e+00	0.000000000000000000e+00
1.124927999999999884e+01	1.875001000000000317e+01	9.635999999999999233e+00	0.000000000000000000e+00	0.000000000000000000e+00	0.000000000000000000e+00	0.000000000000000000e+00
1.174928000000000061e+01	1.875001000000000317e+01	9.653999999999999915e+00	0.000000000000000000e+00	0.000000000000000000e+00	0.000000000000000000e+00	0.000000000000000000e+00
1.224928000000000061e+01	1.875001000000000317e+01	1.094400000000000084e+01	0.000000000000000000e+00	0.000000000000000000e+00	0.000000000000000000e+00	0.000000000000000000e+00
1.274928000000000061e+01	1.875001000000000317e+01	1.399600000000000044e+01	0.000000000000000000e+00	0.000000000000000000e+00	0.000000000000000000e+00	0.000000000000000000e+00
1.324928000000000061e+01	1.875001000000000317e+01	2.007400000000000162e+01	0.000000000000000000e+00	0.000000000000000000e+00	0.000000000000000000e+00	0.000000000000000000e+00
1.374928000000000061e+01	1.875001000000000317e+01	2.790399999999999991e+01	0.000000000000000000e+00	0.000000000000000000e+00	0.000000000000000000e+00	0.000000000000000000e+00
1.424928000000000061e+01	1.875001000000000317e+01	4.991199999999999903e+01	0.000000000000000000e+00	0.000000000000000000e+00	0.000000000000000000e+00	0.000000000000000000e+00
1.474928000000000239e+01	1.875001000000000317e+01	7.888800000000000523e+01	0.000000000000000000e+00	0.000000000000000000e+00	0.000000000000000000e+00	0.000000000000000000e+00
1.524928000000000239e+01	1.875001000000000317e+01	1.069300000000000068e+02	0.000000000000000000e+00	0.000000000000000000e+00	0.000000000000000000e+00	0.000000000000000000e+00
1.574928000000000061e+01	1.875001000000000317e+01	1.245300000000000011e+02	0.000000000000000000e+00	0.000000000000000000e+00	0.000000000000000000e+00	0.000000000000000000e+00
1.624928000000000239e+01	1.875001000000000317e+01	1.228319999999999936e+02	0.000000000000000000e+00	0.000000000000000000e+00	0.000000000000000000e+00	0.000000000000000000e+00
1.674928000000000594e+01	1.875001000000000317e+01	1.161680000000000064e+02	0.000000000000000000e+00	0.000000000000000000e+00	0.000000000000000000e+00	0.000000000000000000e+00
1.724928000000000239e+01	1.875001000000000317e+01	1.122360000000000042e+02	0.000000000000000000e+00	0.000000000000000000e+00	0.000000000000000000e+00	0.000000000000000000e+00
1.774928000000000239e+01	1.875001000000000317e+01	1.073659999999999997e+02	0.000000000000000000e+00	0.000000000000000000e+00	0.000000000000000000e+00	0.000000000000000000e+00
1.824928000000000239e+01	1.875001000000000317e+01	1.076520000000000010e+02	0.000000000000000000e+00	0.000000000000000000e+00	0.000000000000000000e+00	0.000000000000000000e+00
1.874928000000000594e+01	1.875001000000000317e+01	1.089300000000000068e+02	0.000000000000000000e+00	0.000000000000000000e+00	0.000000000000000000e+00	0.000000000000000000e+00
1.924928000000000594e+01	1.875001000000000317e+01	1.225859999999999985e+02	0.000000000000000000e+00	0.000000000000000000e+00	0.000000000000000000e+00	0.000000000000000000e+00
1.974928000000000239e+01	1.875001000000000317e+01	1.296119999999999948e+02	0.000000000000000000e+00	0.000000000000000000e+00	0.000000000000000000e+00	0.000000000000000000e+00
1.024927999999999884e+01	1.925001000000000317e+01	8.301999999999999602e+00	0.000000000000000000e+00	0.000000000000000000e+00	0.000000000000000000e+00	0.000000000000000000e+00
1.074927999999999884e+01	1.925001000000000317e+01	8.422000000000000597e+00	0.000000000000000000e+00	0.000000000000000000e+00	0.000000000000000000e+00	0.000000000000000000e+00
1.124927999999999884e+01	1.925001000000000317e+01	8.023999999999999133e+00	0.000000000000000000e+00	0.000000000000000000e+00	0.000000000000000000e+00	0.000000000000000000e+00
1.174928000000000061e+01	1.925001000000000317e+01	8.477999999999999758e+00	0.000000000000000000e+00	0.000000000000000000e+00	0.000000000000000000e+00	0.000000000000000000e+00
1.224928000000000061e+01	1.925001000000000317e+01	8.608000000000000540e+00	0.000000000000000000e+00	0.000000000000000000e+00	0.000000000000000000e+00	0.000000000000000000e+00
1.274928000000000061e+01	1.925001000000000317e+01	1.045599999999999952e+01	0.000000000000000000e+00	0.000000000000000000e+00	0.000000000000000000e+00	0.000000000000000000e+00
1.324928000000000061e+01	1.925001000000000317e+01	1.311200000000000010e+01	0.000000000000000000e+00	0.000000000000000000e+00	0.000000000000000000e+00	0.000000000000000000e+00
1.374928000000000061e+01	1.925001000000000317e+01	1.669600000000000151e+01	0.000000000000000000e+00	0.000000000000000000e+00	0.000000000000000000e+00	0.000000000000000000e+00
1.424928000000000061e+01	1.925001000000000317e+01	2.220400000000000063e+01	0.000000000000000000e+00	0.000000000000000000e+00	0.000000000000000000e+00	0.000000000000000000e+00
1.474928000000000239e+01	1.925001000000000317e+01	3.750200000000000244e+01	0.000000000000000000e+00	0.000000000000000000e+00	0.000000000000000000e+00	0.000000000000000000e+00
1.524928000000000239e+01	1.925001000000000317e+01	5.458599999999999852e+01	0.000000000000000000e+00	0.000000000000000000e+00	0.000000000000000000e+00	0.000000000000000000e+00
1.574928000000000061e+01	1.925001000000000317e+01	6.723799999999999955e+01	0.000000000000000000e+00	0.000000000000000000e+00	0.000000000000000000e+00	0.000000000000000000e+00
1.624928000000000239e+01	1.925001000000000317e+01	6.909000000000000341e+01	0.000000000000000000e+00	0.000000000000000000e+00	0.000000000000000000e+00	0.000000000000000000e+00
1.674928000000000594e+01	1.925001000000000317e+01	6.922400000000000375e+01	0.000000000000000000e+00	0.000000000000000000e+00	0.000000000000000000e+00	0.000000000000000000e+00
1.724928000000000239e+01	1.925001000000000317e+01	6.834999999999999432e+01	0.000000000000000000e+00	0.000000000000000000e+00	0.000000000000000000e+00	0.000000000000000000e+00
1.774928000000000239e+01	1.925001000000000317e+01	6.745799999999999841e+01	0.000000000000000000e+00	0.000000000000000000e+00	0.000000000000000000e+00	0.000000000000000000e+00
1.824928000000000239e+01	1.925001000000000317e+01	6.467600000000000193e+01	0.000000000000000000e+00	0.000000000000000000e+00	0.000000000000000000e+00	0.000000000000000000e+00
1.874928000000000594e+01	1.925001000000000317e+01	6.368800000000000239e+01	0.000000000000000000e+00	0.000000000000000000e+00	0.000000000000000000e+00	0.000000000000000000e+00
1.924928000000000594e+01	1.925001000000000317e+01	6.703799999999999670e+01	0.000000000000000000e+00	0.000000000000000000e+00	0.000000000000000000e+00	0.000000000000000000e+00
1.974928000000000239e+01	1.925001000000000317e+01	7.832800000000000296e+01	0.000000000000000000e+00	0.000000000000000000e+00	0.000000000000000000e+00	0.000000000000000000e+00
1.024927999999999884e+01	1.975001000000000673e+01	7.466000000000000192e+00	0.000000000000000000e+00	0.000000000000000000e+00	0.000000000000000000e+00	0.000000000000000000e+00
1.074927999999999884e+01	1.975001000000000673e+01	7.315999999999999837e+00	0.000000000000000000e+00	0.000000000000000000e+00	0.000000000000000000e+00	0.000000000000000000e+00
1.124927999999999884e+01	1.975001000000000673e+01	7.450000000000000178e+00	0.000000000000000000e+00	0.000000000000000000e+00	0.000000000000000000e+00	0.000000000000000000e+00
1.174928000000000061e+01	1.975001000000000673e+01	7.233999999999999986e+00	0.000000000000000000e+00	0.000000000000000000e+00	0.000000000000000000e+00	0.000000000000000000e+00
1.224928000000000061e+01	1.975001000000000673e+01	7.466000000000000192e+00	0.000000000000000000e+00	0.000000000000000000e+00	0.000000000000000000e+00	0.000000000000000000e+00
1.274928000000000061e+01	1.975001000000000673e+01	8.060000000000000497e+00	0.000000000000000000e+00	0.000000000000000000e+00	0.000000000000000000e+00	0.000000000000000000e+00
1.324928000000000061e+01	1.975001000000000673e+01	9.211999999999999744e+00	0.000000000000000000e+00	0.000000000000000000e+00	0.000000000000000000e+00	0.000000000000000000e+00
1.374928000000000061e+01	1.975001000000000673e+01	1.113199999999999967e+01	0.000000000000000000e+00	0.000000000000000000e+00	0.000000000000000000e+00	0.000000000000000000e+00
1.424928000000000061e+01	1.975001000000000673e+01	1.224399999999999977e+01	0.000000000000000000e+00	0.000000000000000000e+00	0.000000000000000000e+00	0.000000000000000000e+00
1.474928000000000239e+01	1.975001000000000673e+01	1.353200000000000003e+01	0.000000000000000000e+00	0.000000000000000000e+00	0.000000000000000000e+00	0.000000000000000000e+00
1.524928000000000239e+01	1.975001000000000673e+01	1.510999999999999943e+01	0.000000000000000000e+00	0.000000000000000000e+00	0.000000000000000000e+00	0.000000000000000000e+00
1.574928000000000061e+01	1.975001000000000673e+01	1.707000000000000028e+01	0.000000000000000000e+00	0.000000000000000000e+00	0.000000000000000000e+00	0.000000000000000000e+00
1.624928000000000239e+01	1.975001000000000673e+01	1.812199999999999989e+01	0.000000000000000000e+00	0.000000000000000000e+00	0.000000000000000000e+00	0.000000000000000000e+00
1.674928000000000594e+01	1.975001000000000673e+01	1.879799999999999827e+01	0.000000000000000000e+00	0.000000000000000000e+00	0.000000000000000000e+00	0.000000000000000000e+00
1.724928000000000239e+01	1.975001000000000673e+01	1.868400000000000105e+01	0.000000000000000000e+00	0.000000000000000000e+00	0.000000000000000000e+00	0.000000000000000000e+00
1.774928000000000239e+01	1.975001000000000673e+01	1.868400000000000105e+01	0.000000000000000000e+00	0.000000000000000000e+00	0.000000000000000000e+00	0.000000000000000000e+00
1.824928000000000239e+01	1.975001000000000673e+01	1.883999999999999986e+01	0.000000000000000000e+00	0.000000000000000000e+00	0.000000000000000000e+00	0.000000000000000000e+00
1.874928000000000594e+01	1.975001000000000673e+01	1.936199999999999832e+01	0.000000000000000000e+00	0.000000000000000000e+00	0.000000000000000000e+00	0.000000000000000000e+00
1.924928000000000594e+01	1.975001000000000673e+01	1.906200000000000117e+01	0.000000000000000000e+00	0.000000000000000000e+00	0.000000000000000000e+00	0.000000000000000000e+00
1.974928000000000239e+01	1.975001000000000673e+01	1.901399999999999935e+01	0.000000000000000000e+00	0.000000000000000000e+00	0.000000000000000000e+00	0.000000000000000000e+00
