#Date: 2024-11-22 14:39:49
#Scan direction: X
#X range: 1.5499600000000002 - 2.449959999999999 um
#Y range: 0.59977 - 1.39977 um
#X pixels: 10, pixelsize: 1e-07 um
#Y pixels: 5, pixelsize: 2e-07 um
#Integration time per pixel: 0.1 ms
#Columns: X [um], Y [um], counts, freq_center, fwhm, contrast, sensitivity
1.549960 0.599770 0.000000 0.000000 0.000000 0.000000 0.000000
1.649960 0.599770 0.000000 0.000000 0.000000 0.000000 0.000000
1.749960 0.599770 0.000000 0.000000 0.000000 0.000000 0.000000
1.849960 0.599770 0.000000 0.000000 0.000000 0.000000 0.000000
1.949960 0.599770 0.000000 0.000000 0.000000 0.000000 0.000000
2.049960 0.599770 0.000000 0.000000 0.000000 0.000000 0.000000
2.149960 0.599770 0.000000 0.000000 0.000000 0.000000 0.000000
2.249960 0.599770 0.000000 0.000000 0.000000 0.000000 0.000000
2.349960 0.599770 0.000000 0.000000 0.000000 0.000000 0.000000
2.449960 0.599770 0.000000 0.000000 0.000000 0.000000 0.000000
1.549960 0.799770 0.000000 0.000000 0.000000 0.000000 0.000000
1.649960 0.799770 0.000000 0.000000 0.000000 0.000000 0.000000
1.749960 0.799770 0.000000 0.000000 0.000000 0.000000 0.000000
1.849960 0.799770 0.000000 0.000000 0.000000 0.000000 0.000000
1.949960 0.799770 0.000000 0.000000 0.000000 0.000000 0.000000
2.049960 0.799770 0.000000 0.000000 0.000000 0.000000 0.000000
2.149960 0.799770 0.000000 0.000000 0.000000 0.000000 0.000000
2.249960 0.799770 0.000000 0.000000 0.000000 0.000000 0.000000
2.349960 0.799770 0.000000 0.000000 0.000000 0.000000 0.000000
2.449960 0.799770 0.000000 0.000000 0.000000 0.000000 0.000000
1.549960 0.999770 0.000000 0.000000 0.000000 0.000000 0.000000
1.649960 0.999770 0.000000 0.000000 0.000000 0.000000 0.000000
1.749960 0.999770 0.000000 0.000000 0.000000 0.000000 0.000000
1.849960 0.999770 0.000000 0.000000 0.000000 0.000000 0.000000
1.949960 0.999770 0.000000 0.000000 0.000000 0.000000 0.000000
2.049960 0.999770 0.000000 0.000000 0.000000 0.000000 0.000000
2.149960 0.999770 0.000000 0.000000 0.000000 0.000000 0.000000
2.249960 0.999770 0.000000 0.000000 0.000000 0.000000 0.000000
2.349960 0.999770 0.000000 0.000000 0.000000 0.000000 0.000000
2.449960 0.999770 0.000000 0.000000 0.000000 0.000000 0.000000
1.549960 1.199770 0.000000 0.000000 0.000000 0.000000 0.000000
1.649960 1.199770 0.000000 0.000000 0.000000 0.000000 0.000000
1.749960 1.199770 0.000000 0.000000 0.000000 0.000000 0.000000
1.849960 1.199770 0.000000 0.000000 0.000000 0.000000 0.000000
1.949960 1.199770 0.000000 0.000000 0.000000 0.000000 0.000000
2.049960 1.199770 0.000000 0.000000 0.000000 0.000000 0.000000
2.149960 1.199770 0.000000 0.000000 0.000000 0.000000 0.000000
2.249960 1.199770 0.000000 0.000000 0.000000 0.000000 0.000000
2.349960 1.199770 0.000000 0.000000 0.000000 0.000000 0.000000
2.449960 1.199770 0.000000 0.000000 0.000000 0.000000 0.000000
1.549960 1.399770 0.000000 0.000000 0.000000 0.000000 0.000000
1.649960 1.399770 0.000000 0.000000 0.000000 0.000000 0.000000
1.749960 1.399770 0.000000 0.000000 0.000000 0.000000 0.000000
1.849960 1.399770 0.000000 0.000000 0.000000 0.000000 0.000000
1.949960 1.399770 0.000000 0.000000 0.000000 0.000000 0.000000
2.049960 1.399770 0.000000 0.000000 0.000000 0.000000 0.000000
2.149960 1.399770 0.000000 0.000000 0.000000 0.000000 0.000000
2.249960 1.399770 0.000000 0.000000 0.000000 0.000000 0.000000
2.349960 1.399770 0.000000 0.000000 0.000000 0.000000 0.000000
2.449960 1.399770 0.000000 0.000000 0.000000 0.000000 0.000000
