#Date: 2024-12-03 16:43:52
#Total scanning time: 202.11270117759705
#Scan direction: X
#X range: 10.49908 - 19.499080000000003 um
#Y range: 10.50001 - 19.500010000000007 um
#X pixels: 10, pixelsize: 1e-06 um
#Y pixels: 10, pixelsize: 1e-06 um
#Integration time per pixel: 50.0 ms
#Columns: X [um], Y [um], counts, freq_center, fwhm, contrast, sensitivity
1.049907999999999930e+01	1.050000999999999962e+01	3.582000000000000028e+01	0.000000000000000000e+00	0.000000000000000000e+00	0.000000000000000000e+00	0.000000000000000000e+00
1.149907999999999930e+01	1.050000999999999962e+01	3.771999999999999886e+01	0.000000000000000000e+00	0.000000000000000000e+00	0.000000000000000000e+00	0.000000000000000000e+00
1.249908000000000108e+01	1.050000999999999962e+01	4.111999999999999744e+01	0.000000000000000000e+00	0.000000000000000000e+00	0.000000000000000000e+00	0.000000000000000000e+00
1.349908000000000108e+01	1.050000999999999962e+01	3.996000000000000085e+01	0.000000000000000000e+00	0.000000000000000000e+00	0.000000000000000000e+00	0.000000000000000000e+00
1.449908000000000108e+01	1.050000999999999962e+01	3.529999999999999716e+01	0.000000000000000000e+00	0.000000000000000000e+00	0.000000000000000000e+00	0.000000000000000000e+00
1.549908000000000108e+01	1.050000999999999962e+01	3.126000000000000156e+01	0.000000000000000000e+00	0.000000000000000000e+00	0.000000000000000000e+00	0.000000000000000000e+00
1.649908000000000641e+01	1.050000999999999962e+01	3.180000000000000071e+01	0.000000000000000000e+00	0.000000000000000000e+00	0.000000000000000000e+00	0.000000000000000000e+00
1.749908000000000285e+01	1.050000999999999962e+01	2.910000000000000142e+01	0.000000000000000000e+00	0.000000000000000000e+00	0.000000000000000000e+00	0.000000000000000000e+00
1.849908000000000641e+01	1.050000999999999962e+01	2.755999999999999872e+01	0.000000000000000000e+00	0.000000000000000000e+00	0.000000000000000000e+00	0.000000000000000000e+00
1.949908000000000285e+01	1.050000999999999962e+01	2.633999999999999986e+01	0.000000000000000000e+00	0.000000000000000000e+00	0.000000000000000000e+00	0.000000000000000000e+00
1.049907999999999930e+01	1.150001000000000140e+01	7.178000000000000114e+01	0.000000000000000000e+00	0.000000000000000000e+00	0.000000000000000000e+00	0.000000000000000000e+00
1.149907999999999930e+01	1.150001000000000140e+01	7.864000000000000057e+01	0.000000000000000000e+00	0.000000000000000000e+00	0.000000000000000000e+00	0.000000000000000000e+00
1.249908000000000108e+01	1.150001000000000140e+01	9.957999999999999829e+01	0.000000000000000000e+00	0.000000000000000000e+00	0.000000000000000000e+00	0.000000000000000000e+00
1.349908000000000108e+01	1.150001000000000140e+01	1.030999999999999943e+02	0.000000000000000000e+00	0.000000000000000000e+00	0.000000000000000000e+00	0.000000000000000000e+00
1.449908000000000108e+01	1.150001000000000140e+01	1.002600000000000051e+02	0.000000000000000000e+00	0.000000000000000000e+00	0.000000000000000000e+00	0.000000000000000000e+00
1.549908000000000108e+01	1.150001000000000140e+01	8.912000000000000455e+01	0.000000000000000000e+00	0.000000000000000000e+00	0.000000000000000000e+00	0.000000000000000000e+00
1.649908000000000641e+01	1.150001000000000140e+01	7.762000000000000455e+01	0.000000000000000000e+00	0.000000000000000000e+00	0.000000000000000000e+00	0.000000000000000000e+00
1.749908000000000285e+01	1.150001000000000140e+01	8.312000000000000455e+01	0.000000000000000000e+00	0.000000000000000000e+00	0.000000000000000000e+00	0.000000000000000000e+00
1.849908000000000641e+01	1.150001000000000140e+01	7.968000000000000682e+01	0.000000000000000000e+00	0.000000000000000000e+00	0.000000000000000000e+00	0.000000000000000000e+00
1.949908000000000285e+01	1.150001000000000140e+01	7.728000000000000114e+01	0.000000000000000000e+00	0.000000000000000000e+00	0.000000000000000000e+00	0.000000000000000000e+00
1.049907999999999930e+01	1.250001000000000140e+01	1.317800000000000011e+02	0.000000000000000000e+00	0.000000000000000000e+00	0.000000000000000000e+00	0.000000000000000000e+00
1.149907999999999930e+01	1.250001000000000140e+01	1.564399999999999977e+02	0.000000000000000000e+00	0.000000000000000000e+00	0.000000000000000000e+00	0.000000000000000000e+00
1.249908000000000108e+01	1.250001000000000140e+01	1.790999999999999943e+02	0.000000000000000000e+00	0.000000000000000000e+00	0.000000000000000000e+00	0.000000000000000000e+00
1.349908000000000108e+01	1.250001000000000140e+01	1.739799999999999898e+02	0.000000000000000000e+00	0.000000000000000000e+00	0.000000000000000000e+00	0.000000000000000000e+00
1.449908000000000108e+01	1.250001000000000140e+01	1.662599999999999909e+02	0.000000000000000000e+00	0.000000000000000000e+00	0.000000000000000000e+00	0.000000000000000000e+00
1.549908000000000108e+01	1.250001000000000140e+01	1.652599999999999909e+02	0.000000000000000000e+00	0.000000000000000000e+00	0.000000000000000000e+00	0.000000000000000000e+00
1.649908000000000641e+01	1.250001000000000140e+01	1.631599999999999966e+02	0.000000000000000000e+00	0.000000000000000000e+00	0.000000000000000000e+00	0.000000000000000000e+00
1.749908000000000285e+01	1.250001000000000140e+01	1.700000000000000000e+02	0.000000000000000000e+00	0.000000000000000000e+00	0.000000000000000000e+00	0.000000000000000000e+00
1.849908000000000641e+01	1.250001000000000140e+01	1.698199999999999932e+02	0.000000000000000000e+00	0.000000000000000000e+00	0.000000000000000000e+00	0.000000000000000000e+00
1.949908000000000285e+01	1.250001000000000140e+01	1.642199999999999989e+02	0.000000000000000000e+00	0.000000000000000000e+00	0.000000000000000000e+00	0.000000000000000000e+00
1.049907999999999930e+01	1.350001000000000140e+01	8.857999999999999829e+01	0.000000000000000000e+00	0.000000000000000000e+00	0.000000000000000000e+00	0.000000000000000000e+00
1.149907999999999930e+01	1.350001000000000140e+01	1.609600000000000080e+02	0.000000000000000000e+00	0.000000000000000000e+00	0.000000000000000000e+00	0.000000000000000000e+00
1.249908000000000108e+01	1.350001000000000140e+01	1.837800000000000011e+02	0.000000000000000000e+00	0.000000000000000000e+00	0.000000000000000000e+00	0.000000000000000000e+00
1.349908000000000108e+01	1.350001000000000140e+01	1.806800000000000068e+02	0.000000000000000000e+00	0.000000000000000000e+00	0.000000000000000000e+00	0.000000000000000000e+00
1.449908000000000108e+01	1.350001000000000140e+01	1.742199999999999989e+02	0.000000000000000000e+00	0.000000000000000000e+00	0.000000000000000000e+00	0.000000000000000000e+00
1.549908000000000108e+01	1.350001000000000140e+01	1.657199999999999989e+02	0.000000000000000000e+00	0.000000000000000000e+00	0.000000000000000000e+00	0.000000000000000000e+00
1.649908000000000641e+01	1.350001000000000140e+01	1.691999999999999886e+02	0.000000000000000000e+00	0.000000000000000000e+00	0.000000000000000000e+00	0.000000000000000000e+00
1.749908000000000285e+01	1.350001000000000140e+01	1.637199999999999989e+02	0.000000000000000000e+00	0.000000000000000000e+00	0.000000000000000000e+00	0.000000000000000000e+00
1.849908000000000641e+01	1.350001000000000140e+01	1.605800000000000125e+02	0.000000000000000000e+00	0.000000000000000000e+00	0.000000000000000000e+00	0.000000000000000000e+00
1.949908000000000285e+01	1.350001000000000140e+01	1.574399999999999977e+02	0.000000000000000000e+00	0.000000000000000000e+00	0.000000000000000000e+00	0.000000000000000000e+00
1.049907999999999930e+01	1.450001000000000317e+01	7.970000000000000284e+01	0.000000000000000000e+00	0.000000000000000000e+00	0.000000000000000000e+00	0.000000000000000000e+00
1.149907999999999930e+01	1.450001000000000317e+01	1.608600000000000136e+02	0.000000000000000000e+00	0.000000000000000000e+00	0.000000000000000000e+00	0.000000000000000000e+00
1.249908000000000108e+01	1.450001000000000317e+01	1.962800000000000011e+02	0.000000000000000000e+00	0.000000000000000000e+00	0.000000000000000000e+00	0.000000000000000000e+00
1.349908000000000108e+01	1.450001000000000317e+01	1.980600000000000023e+02	0.000000000000000000e+00	0.000000000000000000e+00	0.000000000000000000e+00	0.000000000000000000e+00
1.449908000000000108e+01	1.450001000000000317e+01	1.910200000000000102e+02	0.000000000000000000e+00	0.000000000000000000e+00	0.000000000000000000e+00	0.000000000000000000e+00
1.549908000000000108e+01	1.450001000000000317e+01	1.826200000000000045e+02	0.000000000000000000e+00	0.000000000000000000e+00	0.000000000000000000e+00	0.000000000000000000e+00
1.649908000000000641e+01	1.450001000000000317e+01	1.796999999999999886e+02	0.000000000000000000e+00	0.000000000000000000e+00	0.000000000000000000e+00	0.000000000000000000e+00
1.749908000000000285e+01	1.450001000000000317e+01	1.797199999999999989e+02	0.000000000000000000e+00	0.000000000000000000e+00	0.000000000000000000e+00	0.000000000000000000e+00
1.849908000000000641e+01	1.450001000000000317e+01	1.765800000000000125e+02	0.000000000000000000e+00	0.000000000000000000e+00	0.000000000000000000e+00	0.000000000000000000e+00
1.949908000000000285e+01	1.450001000000000317e+01	1.738400000000000034e+02	0.000000000000000000e+00	0.000000000000000000e+00	0.000000000000000000e+00	0.000000000000000000e+00
1.049907999999999930e+01	1.550001000000000495e+01	7.201999999999999602e+01	0.000000000000000000e+00	0.000000000000000000e+00	0.000000000000000000e+00	0.000000000000000000e+00
1.149907999999999930e+01	1.550001000000000495e+01	1.585600000000000023e+02	0.000000000000000000e+00	0.000000000000000000e+00	0.000000000000000000e+00	0.000000000000000000e+00
1.249908000000000108e+01	1.550001000000000495e+01	1.894399999999999977e+02	0.000000000000000000e+00	0.000000000000000000e+00	0.000000000000000000e+00	0.000000000000000000e+00
1.349908000000000108e+01	1.550001000000000495e+01	1.961999999999999886e+02	0.000000000000000000e+00	0.000000000000000000e+00	0.000000000000000000e+00	0.000000000000000000e+00
1.449908000000000108e+01	1.550001000000000495e+01	2.001800000000000068e+02	0.000000000000000000e+00	0.000000000000000000e+00	0.000000000000000000e+00	0.000000000000000000e+00
1.549908000000000108e+01	1.550001000000000495e+01	2.117199999999999989e+02	0.000000000000000000e+00	0.000000000000000000e+00	0.000000000000000000e+00	0.000000000000000000e+00
1.649908000000000641e+01	1.550001000000000495e+01	1.955999999999999943e+02	0.000000000000000000e+00	0.000000000000000000e+00	0.000000000000000000e+00	0.000000000000000000e+00
1.749908000000000285e+01	1.550001000000000495e+01	1.853400000000000034e+02	0.000000000000000000e+00	0.000000000000000000e+00	0.000000000000000000e+00	0.000000000000000000e+00
1.849908000000000641e+01	1.550001000000000495e+01	1.804600000000000080e+02	0.000000000000000000e+00	0.000000000000000000e+00	0.000000000000000000e+00	0.000000000000000000e+00
1.949908000000000285e+01	1.550001000000000495e+01	1.786200000000000045e+02	0.000000000000000000e+00	0.000000000000000000e+00	0.000000000000000000e+00	0.000000000000000000e+00
1.049907999999999930e+01	1.650001000000000317e+01	6.745999999999999375e+01	0.000000000000000000e+00	0.000000000000000000e+00	0.000000000000000000e+00	0.000000000000000000e+00
1.149907999999999930e+01	1.650001000000000317e+01	1.588400000000000034e+02	0.000000000000000000e+00	0.000000000000000000e+00	0.000000000000000000e+00	0.000000000000000000e+00
1.249908000000000108e+01	1.650001000000000317e+01	1.891800000000000068e+02	0.000000000000000000e+00	0.000000000000000000e+00	0.000000000000000000e+00	0.000000000000000000e+00
1.349908000000000108e+01	1.650001000000000317e+01	1.931599999999999966e+02	0.000000000000000000e+00	0.000000000000000000e+00	0.000000000000000000e+00	0.000000000000000000e+00
1.449908000000000108e+01	1.650001000000000317e+01	1.934399999999999977e+02	0.000000000000000000e+00	0.000000000000000000e+00	0.000000000000000000e+00	0.000000000000000000e+00
1.549908000000000108e+01	1.650001000000000317e+01	2.200200000000000102e+02	0.000000000000000000e+00	0.000000000000000000e+00	0.000000000000000000e+00	0.000000000000000000e+00
1.649908000000000641e+01	1.650001000000000317e+01	1.958400000000000034e+02	0.000000000000000000e+00	0.000000000000000000e+00	0.000000000000000000e+00	0.000000000000000000e+00
1.749908000000000285e+01	1.650001000000000317e+01	1.835999999999999943e+02	0.000000000000000000e+00	0.000000000000000000e+00	0.000000000000000000e+00	0.000000000000000000e+00
1.849908000000000641e+01	1.650001000000000317e+01	1.794199999999999875e+02	0.000000000000000000e+00	0.000000000000000000e+00	0.000000000000000000e+00	0.000000000000000000e+00
1.949908000000000285e+01	1.650001000000000317e+01	1.747199999999999989e+02	0.000000000000000000e+00	0.000000000000000000e+00	0.000000000000000000e+00	0.000000000000000000e+00
1.049907999999999930e+01	1.750001000000000673e+01	7.098000000000000398e+01	0.000000000000000000e+00	0.000000000000000000e+00	0.000000000000000000e+00	0.000000000000000000e+00
1.149907999999999930e+01	1.750001000000000673e+01	1.578000000000000114e+02	0.000000000000000000e+00	0.000000000000000000e+00	0.000000000000000000e+00	0.000000000000000000e+00
1.249908000000000108e+01	1.750001000000000673e+01	1.790000000000000000e+02	0.000000000000000000e+00	0.000000000000000000e+00	0.000000000000000000e+00	0.000000000000000000e+00
1.349908000000000108e+01	1.750001000000000673e+01	1.890600000000000023e+02	0.000000000000000000e+00	0.000000000000000000e+00	0.000000000000000000e+00	0.000000000000000000e+00
1.449908000000000108e+01	1.750001000000000673e+01	1.821399999999999864e+02	0.000000000000000000e+00	0.000000000000000000e+00	0.000000000000000000e+00	0.000000000000000000e+00
1.549908000000000108e+01	1.750001000000000673e+01	1.833600000000000136e+02	0.000000000000000000e+00	0.000000000000000000e+00	0.000000000000000000e+00	0.000000000000000000e+00
1.649908000000000641e+01	1.750001000000000673e+01	1.809799999999999898e+02	0.000000000000000000e+00	0.000000000000000000e+00	0.000000000000000000e+00	0.000000000000000000e+00
1.749908000000000285e+01	1.750001000000000673e+01	1.760600000000000023e+02	0.000000000000000000e+00	0.000000000000000000e+00	0.000000000000000000e+00	0.000000000000000000e+00
1.849908000000000641e+01	1.750001000000000673e+01	1.750800000000000125e+02	0.000000000000000000e+00	0.000000000000000000e+00	0.000000000000000000e+00	0.000000000000000000e+00
1.949908000000000285e+01	1.750001000000000673e+01	1.709199999999999875e+02	0.000000000000000000e+00	0.000000000000000000e+00	0.000000000000000000e+00	0.000000000000000000e+00
1.049907999999999930e+01	1.850001000000000317e+01	5.729999999999999716e+01	0.000000000000000000e+00	0.000000000000000000e+00	0.000000000000000000e+00	0.000000000000000000e+00
1.149907999999999930e+01	1.850001000000000317e+01	1.433799999999999955e+02	0.000000000000000000e+00	0.000000000000000000e+00	0.000000000000000000e+00	0.000000000000000000e+00
1.249908000000000108e+01	1.850001000000000317e+01	1.845800000000000125e+02	0.000000000000000000e+00	0.000000000000000000e+00	0.000000000000000000e+00	0.000000000000000000e+00
1.349908000000000108e+01	1.850001000000000317e+01	1.850000000000000000e+02	0.000000000000000000e+00	0.000000000000000000e+00	0.000000000000000000e+00	0.000000000000000000e+00
1.449908000000000108e+01	1.850001000000000317e+01	1.858799999999999955e+02	0.000000000000000000e+00	0.000000000000000000e+00	0.000000000000000000e+00	0.000000000000000000e+00
1.549908000000000108e+01	1.850001000000000317e+01	1.801399999999999864e+02	0.000000000000000000e+00	0.000000000000000000e+00	0.000000000000000000e+00	0.000000000000000000e+00
1.649908000000000641e+01	1.850001000000000317e+01	1.806200000000000045e+02	0.000000000000000000e+00	0.000000000000000000e+00	0.000000000000000000e+00	0.000000000000000000e+00
1.749908000000000285e+01	1.850001000000000317e+01	1.850399999999999920e+02	0.000000000000000000e+00	0.000000000000000000e+00	0.000000000000000000e+00	0.000000000000000000e+00
1.849908000000000641e+01	1.850001000000000317e+01	1.824000000000000057e+02	0.000000000000000000e+00	0.000000000000000000e+00	0.000000000000000000e+00	0.000000000000000000e+00
1.949908000000000285e+01	1.850001000000000317e+01	1.761399999999999864e+02	0.000000000000000000e+00	0.000000000000000000e+00	0.000000000000000000e+00	0.000000000000000000e+00
1.049907999999999930e+01	1.950001000000000673e+01	3.525999999999999801e+01	0.000000000000000000e+00	0.000000000000000000e+00	0.000000000000000000e+00	0.000000000000000000e+00
1.149907999999999930e+01	1.950001000000000673e+01	7.054000000000000625e+01	0.000000000000000000e+00	0.000000000000000000e+00	0.000000000000000000e+00	0.000000000000000000e+00
1.249908000000000108e+01	1.950001000000000673e+01	8.520000000000000284e+01	0.000000000000000000e+00	0.000000000000000000e+00	0.000000000000000000e+00	0.000000000000000000e+00
1.349908000000000108e+01	1.950001000000000673e+01	8.148000000000000398e+01	0.000000000000000000e+00	0.000000000000000000e+00	0.000000000000000000e+00	0.000000000000000000e+00
1.449908000000000108e+01	1.950001000000000673e+01	8.012000000000000455e+01	0.000000000000000000e+00	0.000000000000000000e+00	0.000000000000000000e+00	0.000000000000000000e+00
1.549908000000000108e+01	1.950001000000000673e+01	8.287999999999999545e+01	0.000000000000000000e+00	0.000000000000000000e+00	0.000000000000000000e+00	0.000000000000000000e+00
1.649908000000000641e+01	1.950001000000000673e+01	9.450000000000000000e+01	0.000000000000000000e+00	0.000000000000000000e+00	0.000000000000000000e+00	0.000000000000000000e+00
1.749908000000000285e+01	1.950001000000000673e+01	1.032999999999999972e+02	0.000000000000000000e+00	0.000000000000000000e+00	0.000000000000000000e+00	0.000000000000000000e+00
1.849908000000000641e+01	1.950001000000000673e+01	1.046800000000000068e+02	0.000000000000000000e+00	0.000000000000000000e+00	0.000000000000000000e+00	0.000000000000000000e+00
1.949908000000000285e+01	1.950001000000000673e+01	1.021800000000000068e+02	0.000000000000000000e+00	0.000000000000000000e+00	0.000000000000000000e+00	0.000000000000000000e+00
