#Date: 2024-12-03 17:28:11
#Total scanning time: 984.6981792449951
#Scan direction: X
#X range: 2.2490799999999993 - 27.74908 um
#Y range: 2.25001 - 27.75001 um
#X pixels: 18, pixelsize: 1.5e-06 um
#Y pixels: 18, pixelsize: 1.5e-06 um
#Integration time per pixel: 50.0 ms
#Columns: X [um], Y [um], counts, freq_center, fwhm, contrast, sensitivity
2.249079999999999302e+00	2.250010000000000066e+00	3.419999999999999929e+00	0.000000000000000000e+00	0.000000000000000000e+00	0.000000000000000000e+00	0.000000000000000000e+00
3.749079999999999302e+00	2.250010000000000066e+00	4.000000000000000000e+00	0.000000000000000000e+00	0.000000000000000000e+00	0.000000000000000000e+00	0.000000000000000000e+00
5.249079999999999302e+00	2.250010000000000066e+00	3.660000000000000142e+00	0.000000000000000000e+00	0.000000000000000000e+00	0.000000000000000000e+00	0.000000000000000000e+00
6.749080000000000190e+00	2.250010000000000066e+00	3.919999999999999929e+00	0.000000000000000000e+00	0.000000000000000000e+00	0.000000000000000000e+00	0.000000000000000000e+00
8.249079999999999302e+00	2.250010000000000066e+00	3.799999999999999822e+00	0.000000000000000000e+00	0.000000000000000000e+00	0.000000000000000000e+00	0.000000000000000000e+00
9.749079999999999302e+00	2.250010000000000066e+00	4.400000000000000355e+00	0.000000000000000000e+00	0.000000000000000000e+00	0.000000000000000000e+00	0.000000000000000000e+00
1.124907999999999930e+01	2.250010000000000066e+00	3.479999999999999982e+00	0.000000000000000000e+00	0.000000000000000000e+00	0.000000000000000000e+00	0.000000000000000000e+00
1.274907999999999930e+01	2.250010000000000066e+00	3.759999999999999787e+00	0.000000000000000000e+00	0.000000000000000000e+00	0.000000000000000000e+00	0.000000000000000000e+00
1.424907999999999930e+01	2.250010000000000066e+00	4.339999999999999858e+00	0.000000000000000000e+00	0.000000000000000000e+00	0.000000000000000000e+00	0.000000000000000000e+00
1.574907999999999930e+01	2.250010000000000066e+00	4.259999999999999787e+00	0.000000000000000000e+00	0.000000000000000000e+00	0.000000000000000000e+00	0.000000000000000000e+00
1.724907999999999930e+01	2.250010000000000066e+00	4.459999999999999964e+00	0.000000000000000000e+00	0.000000000000000000e+00	0.000000000000000000e+00	0.000000000000000000e+00
1.874908000000000285e+01	2.250010000000000066e+00	4.639999999999999680e+00	0.000000000000000000e+00	0.000000000000000000e+00	0.000000000000000000e+00	0.000000000000000000e+00
2.024907999999999930e+01	2.250010000000000066e+00	3.600000000000000089e+00	0.000000000000000000e+00	0.000000000000000000e+00	0.000000000000000000e+00	0.000000000000000000e+00
2.174907999999999930e+01	2.250010000000000066e+00	4.240000000000000213e+00	0.000000000000000000e+00	0.000000000000000000e+00	0.000000000000000000e+00	0.000000000000000000e+00
2.324908000000000285e+01	2.250010000000000066e+00	4.700000000000000178e+00	0.000000000000000000e+00	0.000000000000000000e+00	0.000000000000000000e+00	0.000000000000000000e+00
2.474908000000000285e+01	2.250010000000000066e+00	5.219999999999999751e+00	0.000000000000000000e+00	0.000000000000000000e+00	0.000000000000000000e+00	0.000000000000000000e+00
2.624908000000000285e+01	2.250010000000000066e+00	4.700000000000000178e+00	0.000000000000000000e+00	0.000000000000000000e+00	0.000000000000000000e+00	0.000000000000000000e+00
2.774907999999999930e+01	2.250010000000000066e+00	6.120000000000000107e+00	0.000000000000000000e+00	0.000000000000000000e+00	0.000000000000000000e+00	0.000000000000000000e+00
2.249079999999999302e+00	3.750010000000000066e+00	4.040000000000000036e+00	0.000000000000000000e+00	0.000000000000000000e+00	0.000000000000000000e+00	0.000000000000000000e+00
3.749079999999999302e+00	3.750010000000000066e+00	4.259999999999999787e+00	0.000000000000000000e+00	0.000000000000000000e+00	0.000000000000000000e+00	0.000000000000000000e+00
5.249079999999999302e+00	3.750010000000000066e+00	3.959999999999999964e+00	0.000000000000000000e+00	0.000000000000000000e+00	0.000000000000000000e+00	0.000000000000000000e+00
6.749080000000000190e+00	3.750010000000000066e+00	4.120000000000000107e+00	0.000000000000000000e+00	0.000000000000000000e+00	0.000000000000000000e+00	0.000000000000000000e+00
8.249079999999999302e+00	3.750010000000000066e+00	4.339999999999999858e+00	0.000000000000000000e+00	0.000000000000000000e+00	0.000000000000000000e+00	0.000000000000000000e+00
9.749079999999999302e+00	3.750010000000000066e+00	4.900000000000000355e+00	0.000000000000000000e+00	0.000000000000000000e+00	0.000000000000000000e+00	0.000000000000000000e+00
1.124907999999999930e+01	3.750010000000000066e+00	4.160000000000000142e+00	0.000000000000000000e+00	0.000000000000000000e+00	0.000000000000000000e+00	0.000000000000000000e+00
1.274907999999999930e+01	3.750010000000000066e+00	4.839999999999999858e+00	0.000000000000000000e+00	0.000000000000000000e+00	0.000000000000000000e+00	0.000000000000000000e+00
1.424907999999999930e+01	3.750010000000000066e+00	4.500000000000000000e+00	0.000000000000000000e+00	0.000000000000000000e+00	0.000000000000000000e+00	0.000000000000000000e+00
1.574907999999999930e+01	3.750010000000000066e+00	4.500000000000000000e+00	0.000000000000000000e+00	0.000000000000000000e+00	0.000000000000000000e+00	0.000000000000000000e+00
1.724907999999999930e+01	3.750010000000000066e+00	4.480000000000000426e+00	0.000000000000000000e+00	0.000000000000000000e+00	0.000000000000000000e+00	0.000000000000000000e+00
1.874908000000000285e+01	3.750010000000000066e+00	4.559999999999999609e+00	0.000000000000000000e+00	0.000000000000000000e+00	0.000000000000000000e+00	0.000000000000000000e+00
2.024907999999999930e+01	3.750010000000000066e+00	5.240000000000000213e+00	0.000000000000000000e+00	0.000000000000000000e+00	0.000000000000000000e+00	0.000000000000000000e+00
2.174907999999999930e+01	3.750010000000000066e+00	5.139999999999999680e+00	0.000000000000000000e+00	0.000000000000000000e+00	0.000000000000000000e+00	0.000000000000000000e+00
2.324908000000000285e+01	3.750010000000000066e+00	5.099999999999999645e+00	0.000000000000000000e+00	0.000000000000000000e+00	0.000000000000000000e+00	0.000000000000000000e+00
2.474908000000000285e+01	3.750010000000000066e+00	5.719999999999999751e+00	0.000000000000000000e+00	0.000000000000000000e+00	0.000000000000000000e+00	0.000000000000000000e+00
2.624908000000000285e+01	3.750010000000000066e+00	5.360000000000000320e+00	0.000000000000000000e+00	0.000000000000000000e+00	0.000000000000000000e+00	0.000000000000000000e+00
2.774907999999999930e+01	3.750010000000000066e+00	6.339999999999999858e+00	0.000000000000000000e+00	0.000000000000000000e+00	0.000000000000000000e+00	0.000000000000000000e+00
2.249079999999999302e+00	5.250009999999999621e+00	4.580000000000000071e+00	0.000000000000000000e+00	0.000000000000000000e+00	0.000000000000000000e+00	0.000000000000000000e+00
3.749079999999999302e+00	5.250009999999999621e+00	4.940000000000000391e+00	0.000000000000000000e+00	0.000000000000000000e+00	0.000000000000000000e+00	0.000000000000000000e+00
5.249079999999999302e+00	5.250009999999999621e+00	4.519999999999999574e+00	0.000000000000000000e+00	0.000000000000000000e+00	0.000000000000000000e+00	0.000000000000000000e+00
6.749080000000000190e+00	5.250009999999999621e+00	4.379999999999999893e+00	0.000000000000000000e+00	0.000000000000000000e+00	0.000000000000000000e+00	0.000000000000000000e+00
8.249079999999999302e+00	5.250009999999999621e+00	4.580000000000000071e+00	0.000000000000000000e+00	0.000000000000000000e+00	0.000000000000000000e+00	0.000000000000000000e+00
9.749079999999999302e+00	5.250009999999999621e+00	4.459999999999999964e+00	0.000000000000000000e+00	0.000000000000000000e+00	0.000000000000000000e+00	0.000000000000000000e+00
1.124907999999999930e+01	5.250009999999999621e+00	4.480000000000000426e+00	0.000000000000000000e+00	0.000000000000000000e+00	0.000000000000000000e+00	0.000000000000000000e+00
1.274907999999999930e+01	5.250009999999999621e+00	4.660000000000000142e+00	0.000000000000000000e+00	0.000000000000000000e+00	0.000000000000000000e+00	0.000000000000000000e+00
1.424907999999999930e+01	5.250009999999999621e+00	5.219999999999999751e+00	0.000000000000000000e+00	0.000000000000000000e+00	0.000000000000000000e+00	0.000000000000000000e+00
1.574907999999999930e+01	5.250009999999999621e+00	4.639999999999999680e+00	0.000000000000000000e+00	0.000000000000000000e+00	0.000000000000000000e+00	0.000000000000000000e+00
1.724907999999999930e+01	5.250009999999999621e+00	4.320000000000000284e+00	0.000000000000000000e+00	0.000000000000000000e+00	0.000000000000000000e+00	0.000000000000000000e+00
1.874908000000000285e+01	5.250009999999999621e+00	4.519999999999999574e+00	0.000000000000000000e+00	0.000000000000000000e+00	0.000000000000000000e+00	0.000000000000000000e+00
2.024907999999999930e+01	5.250009999999999621e+00	5.559999999999999609e+00	0.000000000000000000e+00	0.000000000000000000e+00	0.000000000000000000e+00	0.000000000000000000e+00
2.174907999999999930e+01	5.250009999999999621e+00	5.459999999999999964e+00	0.000000000000000000e+00	0.000000000000000000e+00	0.000000000000000000e+00	0.000000000000000000e+00
2.324908000000000285e+01	5.250009999999999621e+00	4.980000000000000426e+00	0.000000000000000000e+00	0.000000000000000000e+00	0.000000000000000000e+00	0.000000000000000000e+00
2.474908000000000285e+01	5.250009999999999621e+00	6.559999999999999609e+00	0.000000000000000000e+00	0.000000000000000000e+00	0.000000000000000000e+00	0.000000000000000000e+00
2.624908000000000285e+01	5.250009999999999621e+00	5.679999999999999716e+00	0.000000000000000000e+00	0.000000000000000000e+00	0.000000000000000000e+00	0.000000000000000000e+00
2.774907999999999930e+01	5.250009999999999621e+00	7.179999999999999716e+00	0.000000000000000000e+00	0.000000000000000000e+00	0.000000000000000000e+00	0.000000000000000000e+00
2.249079999999999302e+00	6.750010000000000510e+00	4.219999999999999751e+00	0.000000000000000000e+00	0.000000000000000000e+00	0.000000000000000000e+00	0.000000000000000000e+00
3.749079999999999302e+00	6.750010000000000510e+00	4.280000000000000249e+00	0.000000000000000000e+00	0.000000000000000000e+00	0.000000000000000000e+00	0.000000000000000000e+00
5.249079999999999302e+00	6.750010000000000510e+00	4.459999999999999964e+00	0.000000000000000000e+00	0.000000000000000000e+00	0.000000000000000000e+00	0.000000000000000000e+00
6.749080000000000190e+00	6.750010000000000510e+00	4.440000000000000391e+00	0.000000000000000000e+00	0.000000000000000000e+00	0.000000000000000000e+00	0.000000000000000000e+00
8.249079999999999302e+00	6.750010000000000510e+00	3.799999999999999822e+00	0.000000000000000000e+00	0.000000000000000000e+00	0.000000000000000000e+00	0.000000000000000000e+00
9.749079999999999302e+00	6.750010000000000510e+00	4.500000000000000000e+00	0.000000000000000000e+00	0.000000000000000000e+00	0.000000000000000000e+00	0.000000000000000000e+00
1.124907999999999930e+01	6.750010000000000510e+00	4.360000000000000320e+00	0.000000000000000000e+00	0.000000000000000000e+00	0.000000000000000000e+00	0.000000000000000000e+00
1.274907999999999930e+01	6.750010000000000510e+00	4.540000000000000036e+00	0.000000000000000000e+00	0.000000000000000000e+00	0.000000000000000000e+00	0.000000000000000000e+00
1.424907999999999930e+01	6.750010000000000510e+00	4.580000000000000071e+00	0.000000000000000000e+00	0.000000000000000000e+00	0.000000000000000000e+00	0.000000000000000000e+00
1.574907999999999930e+01	6.750010000000000510e+00	4.280000000000000249e+00	0.000000000000000000e+00	0.000000000000000000e+00	0.000000000000000000e+00	0.000000000000000000e+00
1.724907999999999930e+01	6.750010000000000510e+00	5.000000000000000000e+00	0.000000000000000000e+00	0.000000000000000000e+00	0.000000000000000000e+00	0.000000000000000000e+00
1.874908000000000285e+01	6.750010000000000510e+00	4.959999999999999964e+00	0.000000000000000000e+00	0.000000000000000000e+00	0.000000000000000000e+00	0.000000000000000000e+00
2.024907999999999930e+01	6.750010000000000510e+00	5.679999999999999716e+00	0.000000000000000000e+00	0.000000000000000000e+00	0.000000000000000000e+00	0.000000000000000000e+00
2.174907999999999930e+01	6.750010000000000510e+00	6.219999999999999751e+00	0.000000000000000000e+00	0.000000000000000000e+00	0.000000000000000000e+00	0.000000000000000000e+00
2.324908000000000285e+01	6.750010000000000510e+00	6.519999999999999574e+00	0.000000000000000000e+00	0.000000000000000000e+00	0.000000000000000000e+00	0.000000000000000000e+00
2.474908000000000285e+01	6.750010000000000510e+00	7.280000000000000249e+00	0.000000000000000000e+00	0.000000000000000000e+00	0.000000000000000000e+00	0.000000000000000000e+00
2.624908000000000285e+01	6.750010000000000510e+00	6.719999999999999751e+00	0.000000000000000000e+00	0.000000000000000000e+00	0.000000000000000000e+00	0.000000000000000000e+00
2.774907999999999930e+01	6.750010000000000510e+00	7.019999999999999574e+00	0.000000000000000000e+00	0.000000000000000000e+00	0.000000000000000000e+00	0.000000000000000000e+00
2.249079999999999302e+00	8.250009999999999621e+00	5.120000000000000107e+00	0.000000000000000000e+00	0.000000000000000000e+00	0.000000000000000000e+00	0.000000000000000000e+00
3.749079999999999302e+00	8.250009999999999621e+00	4.780000000000000249e+00	0.000000000000000000e+00	0.000000000000000000e+00	0.000000000000000000e+00	0.000000000000000000e+00
5.249079999999999302e+00	8.250009999999999621e+00	4.580000000000000071e+00	0.000000000000000000e+00	0.000000000000000000e+00	0.000000000000000000e+00	0.000000000000000000e+00
6.749080000000000190e+00	8.250009999999999621e+00	4.740000000000000213e+00	0.000000000000000000e+00	0.000000000000000000e+00	0.000000000000000000e+00	0.000000000000000000e+00
8.249079999999999302e+00	8.250009999999999621e+00	5.040000000000000036e+00	0.000000000000000000e+00	0.000000000000000000e+00	0.000000000000000000e+00	0.000000000000000000e+00
9.749079999999999302e+00	8.250009999999999621e+00	5.160000000000000142e+00	0.000000000000000000e+00	0.000000000000000000e+00	0.000000000000000000e+00	0.000000000000000000e+00
1.124907999999999930e+01	8.250009999999999621e+00	4.620000000000000107e+00	0.000000000000000000e+00	0.000000000000000000e+00	0.000000000000000000e+00	0.000000000000000000e+00
1.274907999999999930e+01	8.250009999999999621e+00	4.400000000000000355e+00	0.000000000000000000e+00	0.000000000000000000e+00	0.000000000000000000e+00	0.000000000000000000e+00
1.424907999999999930e+01	8.250009999999999621e+00	4.900000000000000355e+00	0.000000000000000000e+00	0.000000000000000000e+00	0.000000000000000000e+00	0.000000000000000000e+00
1.574907999999999930e+01	8.250009999999999621e+00	4.940000000000000391e+00	0.000000000000000000e+00	0.000000000000000000e+00	0.000000000000000000e+00	0.000000000000000000e+00
1.724907999999999930e+01	8.250009999999999621e+00	4.919999999999999929e+00	0.000000000000000000e+00	0.000000000000000000e+00	0.000000000000000000e+00	0.000000000000000000e+00
1.874908000000000285e+01	8.250009999999999621e+00	5.519999999999999574e+00	0.000000000000000000e+00	0.000000000000000000e+00	0.000000000000000000e+00	0.000000000000000000e+00
2.024907999999999930e+01	8.250009999999999621e+00	6.160000000000000142e+00	0.000000000000000000e+00	0.000000000000000000e+00	0.000000000000000000e+00	0.000000000000000000e+00
2.174907999999999930e+01	8.250009999999999621e+00	7.959999999999999964e+00	0.000000000000000000e+00	0.000000000000000000e+00	0.000000000000000000e+00	0.000000000000000000e+00
2.324908000000000285e+01	8.250009999999999621e+00	8.679999999999999716e+00	0.000000000000000000e+00	0.000000000000000000e+00	0.000000000000000000e+00	0.000000000000000000e+00
2.474908000000000285e+01	8.250009999999999621e+00	9.439999999999999503e+00	0.000000000000000000e+00	0.000000000000000000e+00	0.000000000000000000e+00	0.000000000000000000e+00
2.624908000000000285e+01	8.250009999999999621e+00	8.119999999999999218e+00	0.000000000000000000e+00	0.000000000000000000e+00	0.000000000000000000e+00	0.000000000000000000e+00
2.774907999999999930e+01	8.250009999999999621e+00	7.620000000000000107e+00	0.000000000000000000e+00	0.000000000000000000e+00	0.000000000000000000e+00	0.000000000000000000e+00
2.249079999999999302e+00	9.750010000000001398e+00	4.759999999999999787e+00	0.000000000000000000e+00	0.000000000000000000e+00	0.000000000000000000e+00	0.000000000000000000e+00
3.749079999999999302e+00	9.750010000000001398e+00	4.740000000000000213e+00	0.000000000000000000e+00	0.000000000000000000e+00	0.000000000000000000e+00	0.000000000000000000e+00
5.249079999999999302e+00	9.750010000000001398e+00	4.480000000000000426e+00	0.000000000000000000e+00	0.000000000000000000e+00	0.000000000000000000e+00	0.000000000000000000e+00
6.749080000000000190e+00	9.750010000000001398e+00	5.080000000000000071e+00	0.000000000000000000e+00	0.000000000000000000e+00	0.000000000000000000e+00	0.000000000000000000e+00
8.249079999999999302e+00	9.750010000000001398e+00	5.740000000000000213e+00	0.000000000000000000e+00	0.000000000000000000e+00	0.000000000000000000e+00	0.000000000000000000e+00
9.749079999999999302e+00	9.750010000000001398e+00	6.459999999999999964e+00	0.000000000000000000e+00	0.000000000000000000e+00	0.000000000000000000e+00	0.000000000000000000e+00
1.124907999999999930e+01	9.750010000000001398e+00	6.160000000000000142e+00	0.000000000000000000e+00	0.000000000000000000e+00	0.000000000000000000e+00	0.000000000000000000e+00
1.274907999999999930e+01	9.750010000000001398e+00	6.259999999999999787e+00	0.000000000000000000e+00	0.000000000000000000e+00	0.000000000000000000e+00	0.000000000000000000e+00
1.424907999999999930e+01	9.750010000000001398e+00	6.240000000000000213e+00	0.000000000000000000e+00	0.000000000000000000e+00	0.000000000000000000e+00	0.000000000000000000e+00
1.574907999999999930e+01	9.750010000000001398e+00	6.200000000000000178e+00	0.000000000000000000e+00	0.000000000000000000e+00	0.000000000000000000e+00	0.000000000000000000e+00
1.724907999999999930e+01	9.750010000000001398e+00	6.379999999999999893e+00	0.000000000000000000e+00	0.000000000000000000e+00	0.000000000000000000e+00	0.000000000000000000e+00
1.874908000000000285e+01	9.750010000000001398e+00	6.700000000000000178e+00	0.000000000000000000e+00	0.000000000000000000e+00	0.000000000000000000e+00	0.000000000000000000e+00
2.024907999999999930e+01	9.750010000000001398e+00	9.080000000000000071e+00	0.000000000000000000e+00	0.000000000000000000e+00	0.000000000000000000e+00	0.000000000000000000e+00
2.174907999999999930e+01	9.750010000000001398e+00	1.043999999999999950e+01	0.000000000000000000e+00	0.000000000000000000e+00	0.000000000000000000e+00	0.000000000000000000e+00
2.324908000000000285e+01	9.750010000000001398e+00	1.450000000000000000e+01	0.000000000000000000e+00	0.000000000000000000e+00	0.000000000000000000e+00	0.000000000000000000e+00
2.474908000000000285e+01	9.750010000000001398e+00	1.548000000000000043e+01	0.000000000000000000e+00	0.000000000000000000e+00	0.000000000000000000e+00	0.000000000000000000e+00
2.624908000000000285e+01	9.750010000000001398e+00	1.050000000000000000e+01	0.000000000000000000e+00	0.000000000000000000e+00	0.000000000000000000e+00	0.000000000000000000e+00
2.774907999999999930e+01	9.750010000000001398e+00	1.046000000000000085e+01	0.000000000000000000e+00	0.000000000000000000e+00	0.000000000000000000e+00	0.000000000000000000e+00
2.249079999999999302e+00	1.125000999999999962e+01	4.900000000000000355e+00	0.000000000000000000e+00	0.000000000000000000e+00	0.000000000000000000e+00	0.000000000000000000e+00
3.749079999999999302e+00	1.125000999999999962e+01	5.440000000000000391e+00	0.000000000000000000e+00	0.000000000000000000e+00	0.000000000000000000e+00	0.000000000000000000e+00
5.249079999999999302e+00	1.125000999999999962e+01	4.860000000000000320e+00	0.000000000000000000e+00	0.000000000000000000e+00	0.000000000000000000e+00	0.000000000000000000e+00
6.749080000000000190e+00	1.125000999999999962e+01	5.740000000000000213e+00	0.000000000000000000e+00	0.000000000000000000e+00	0.000000000000000000e+00	0.000000000000000000e+00
8.249079999999999302e+00	1.125000999999999962e+01	8.980000000000000426e+00	0.000000000000000000e+00	0.000000000000000000e+00	0.000000000000000000e+00	0.000000000000000000e+00
9.749079999999999302e+00	1.125000999999999962e+01	2.362000000000000099e+01	0.000000000000000000e+00	0.000000000000000000e+00	0.000000000000000000e+00	0.000000000000000000e+00
1.124907999999999930e+01	1.125000999999999962e+01	3.051999999999999957e+01	0.000000000000000000e+00	0.000000000000000000e+00	0.000000000000000000e+00	0.000000000000000000e+00
1.274907999999999930e+01	1.125000999999999962e+01	2.823999999999999844e+01	0.000000000000000000e+00	0.000000000000000000e+00	0.000000000000000000e+00	0.000000000000000000e+00
1.424907999999999930e+01	1.125000999999999962e+01	2.312000000000000099e+01	0.000000000000000000e+00	0.000000000000000000e+00	0.000000000000000000e+00	0.000000000000000000e+00
1.574907999999999930e+01	1.125000999999999962e+01	2.467999999999999972e+01	0.000000000000000000e+00	0.000000000000000000e+00	0.000000000000000000e+00	0.000000000000000000e+00
1.724907999999999930e+01	1.125000999999999962e+01	2.212000000000000099e+01	0.000000000000000000e+00	0.000000000000000000e+00	0.000000000000000000e+00	0.000000000000000000e+00
1.874908000000000285e+01	1.125000999999999962e+01	1.916000000000000014e+01	0.000000000000000000e+00	0.000000000000000000e+00	0.000000000000000000e+00	0.000000000000000000e+00
2.024907999999999930e+01	1.125000999999999962e+01	1.744000000000000128e+01	0.000000000000000000e+00	0.000000000000000000e+00	0.000000000000000000e+00	0.000000000000000000e+00
2.174907999999999930e+01	1.125000999999999962e+01	2.135999999999999943e+01	0.000000000000000000e+00	0.000000000000000000e+00	0.000000000000000000e+00	0.000000000000000000e+00
2.324908000000000285e+01	1.125000999999999962e+01	2.737999999999999901e+01	0.000000000000000000e+00	0.000000000000000000e+00	0.000000000000000000e+00	0.000000000000000000e+00
2.474908000000000285e+01	1.125000999999999962e+01	2.880000000000000071e+01	0.000000000000000000e+00	0.000000000000000000e+00	0.000000000000000000e+00	0.000000000000000000e+00
2.624908000000000285e+01	1.125000999999999962e+01	2.669999999999999929e+01	0.000000000000000000e+00	0.000000000000000000e+00	0.000000000000000000e+00	0.000000000000000000e+00
2.774907999999999930e+01	1.125000999999999962e+01	1.683999999999999986e+01	0.000000000000000000e+00	0.000000000000000000e+00	0.000000000000000000e+00	0.000000000000000000e+00
2.249079999999999302e+00	1.275001000000000140e+01	4.740000000000000213e+00	0.000000000000000000e+00	0.000000000000000000e+00	0.000000000000000000e+00	0.000000000000000000e+00
3.749079999999999302e+00	1.275001000000000140e+01	5.179999999999999716e+00	0.000000000000000000e+00	0.000000000000000000e+00	0.000000000000000000e+00	0.000000000000000000e+00
5.249079999999999302e+00	1.275001000000000140e+01	4.780000000000000249e+00	0.000000000000000000e+00	0.000000000000000000e+00	0.000000000000000000e+00	0.000000000000000000e+00
6.749080000000000190e+00	1.275001000000000140e+01	6.120000000000000107e+00	0.000000000000000000e+00	0.000000000000000000e+00	0.000000000000000000e+00	0.000000000000000000e+00
8.249079999999999302e+00	1.275001000000000140e+01	1.038000000000000078e+01	0.000000000000000000e+00	0.000000000000000000e+00	0.000000000000000000e+00	0.000000000000000000e+00
9.749079999999999302e+00	1.275001000000000140e+01	6.935999999999999943e+01	0.000000000000000000e+00	0.000000000000000000e+00	0.000000000000000000e+00	0.000000000000000000e+00
1.124907999999999930e+01	1.275001000000000140e+01	1.615200000000000102e+02	0.000000000000000000e+00	0.000000000000000000e+00	0.000000000000000000e+00	0.000000000000000000e+00
1.274907999999999930e+01	1.275001000000000140e+01	1.710800000000000125e+02	0.000000000000000000e+00	0.000000000000000000e+00	0.000000000000000000e+00	0.000000000000000000e+00
1.424907999999999930e+01	1.275001000000000140e+01	1.658600000000000136e+02	0.000000000000000000e+00	0.000000000000000000e+00	0.000000000000000000e+00	0.000000000000000000e+00
1.574907999999999930e+01	1.275001000000000140e+01	1.705000000000000000e+02	0.000000000000000000e+00	0.000000000000000000e+00	0.000000000000000000e+00	0.000000000000000000e+00
1.724907999999999930e+01	1.275001000000000140e+01	1.610399999999999920e+02	0.000000000000000000e+00	0.000000000000000000e+00	0.000000000000000000e+00	0.000000000000000000e+00
1.874908000000000285e+01	1.275001000000000140e+01	1.530200000000000102e+02	0.000000000000000000e+00	0.000000000000000000e+00	0.000000000000000000e+00	0.000000000000000000e+00
2.024907999999999930e+01	1.275001000000000140e+01	1.324600000000000080e+02	0.000000000000000000e+00	0.000000000000000000e+00	0.000000000000000000e+00	0.000000000000000000e+00
2.174907999999999930e+01	1.275001000000000140e+01	1.035000000000000000e+02	0.000000000000000000e+00	0.000000000000000000e+00	0.000000000000000000e+00	0.000000000000000000e+00
2.324908000000000285e+01	1.275001000000000140e+01	6.265999999999999659e+01	0.000000000000000000e+00	0.000000000000000000e+00	0.000000000000000000e+00	0.000000000000000000e+00
2.474908000000000285e+01	1.275001000000000140e+01	5.747999999999999687e+01	0.000000000000000000e+00	0.000000000000000000e+00	0.000000000000000000e+00	0.000000000000000000e+00
2.624908000000000285e+01	1.275001000000000140e+01	5.603999999999999915e+01	0.000000000000000000e+00	0.000000000000000000e+00	0.000000000000000000e+00	0.000000000000000000e+00
2.774907999999999930e+01	1.275001000000000140e+01	2.848000000000000043e+01	0.000000000000000000e+00	0.000000000000000000e+00	0.000000000000000000e+00	0.000000000000000000e+00
2.249079999999999302e+00	1.425000999999999962e+01	4.759999999999999787e+00	0.000000000000000000e+00	0.000000000000000000e+00	0.000000000000000000e+00	0.000000000000000000e+00
3.749079999999999302e+00	1.425000999999999962e+01	4.660000000000000142e+00	0.000000000000000000e+00	0.000000000000000000e+00	0.000000000000000000e+00	0.000000000000000000e+00
5.249079999999999302e+00	1.425000999999999962e+01	4.959999999999999964e+00	0.000000000000000000e+00	0.000000000000000000e+00	0.000000000000000000e+00	0.000000000000000000e+00
6.749080000000000190e+00	1.425000999999999962e+01	5.280000000000000249e+00	0.000000000000000000e+00	0.000000000000000000e+00	0.000000000000000000e+00	0.000000000000000000e+00
8.249079999999999302e+00	1.425000999999999962e+01	1.006000000000000050e+01	0.000000000000000000e+00	0.000000000000000000e+00	0.000000000000000000e+00	0.000000000000000000e+00
9.749079999999999302e+00	1.425000999999999962e+01	3.162000000000000099e+01	0.000000000000000000e+00	0.000000000000000000e+00	0.000000000000000000e+00	0.000000000000000000e+00
1.124907999999999930e+01	1.425000999999999962e+01	1.585399999999999920e+02	0.000000000000000000e+00	0.000000000000000000e+00	0.000000000000000000e+00	0.000000000000000000e+00
1.274907999999999930e+01	1.425000999999999962e+01	1.972199999999999989e+02	0.000000000000000000e+00	0.000000000000000000e+00	0.000000000000000000e+00	0.000000000000000000e+00
1.424907999999999930e+01	1.425000999999999962e+01	1.863600000000000136e+02	0.000000000000000000e+00	0.000000000000000000e+00	0.000000000000000000e+00	0.000000000000000000e+00
1.574907999999999930e+01	1.425000999999999962e+01	1.854399999999999977e+02	0.000000000000000000e+00	0.000000000000000000e+00	0.000000000000000000e+00	0.000000000000000000e+00
1.724907999999999930e+01	1.425000999999999962e+01	1.775800000000000125e+02	0.000000000000000000e+00	0.000000000000000000e+00	0.000000000000000000e+00	0.000000000000000000e+00
1.874908000000000285e+01	1.425000999999999962e+01	1.691599999999999966e+02	0.000000000000000000e+00	0.000000000000000000e+00	0.000000000000000000e+00	0.000000000000000000e+00
2.024907999999999930e+01	1.425000999999999962e+01	1.502599999999999909e+02	0.000000000000000000e+00	0.000000000000000000e+00	0.000000000000000000e+00	0.000000000000000000e+00
2.174907999999999930e+01	1.425000999999999962e+01	1.100600000000000023e+02	0.000000000000000000e+00	0.000000000000000000e+00	0.000000000000000000e+00	0.000000000000000000e+00
2.324908000000000285e+01	1.425000999999999962e+01	5.043999999999999773e+01	0.000000000000000000e+00	0.000000000000000000e+00	0.000000000000000000e+00	0.000000000000000000e+00
2.474908000000000285e+01	1.425000999999999962e+01	5.138000000000000256e+01	0.000000000000000000e+00	0.000000000000000000e+00	0.000000000000000000e+00	0.000000000000000000e+00
2.624908000000000285e+01	1.425000999999999962e+01	4.996000000000000085e+01	0.000000000000000000e+00	0.000000000000000000e+00	0.000000000000000000e+00	0.000000000000000000e+00
2.774907999999999930e+01	1.425000999999999962e+01	3.253999999999999915e+01	0.000000000000000000e+00	0.000000000000000000e+00	0.000000000000000000e+00	0.000000000000000000e+00
2.249079999999999302e+00	1.575001000000000140e+01	4.179999999999999716e+00	0.000000000000000000e+00	0.000000000000000000e+00	0.000000000000000000e+00	0.000000000000000000e+00
3.749079999999999302e+00	1.575001000000000140e+01	4.839999999999999858e+00	0.000000000000000000e+00	0.000000000000000000e+00	0.000000000000000000e+00	0.000000000000000000e+00
5.249079999999999302e+00	1.575001000000000140e+01	4.980000000000000426e+00	0.000000000000000000e+00	0.000000000000000000e+00	0.000000000000000000e+00	0.000000000000000000e+00
6.749080000000000190e+00	1.575001000000000140e+01	5.780000000000000249e+00	0.000000000000000000e+00	0.000000000000000000e+00	0.000000000000000000e+00	0.000000000000000000e+00
8.249079999999999302e+00	1.575001000000000140e+01	8.439999999999999503e+00	0.000000000000000000e+00	0.000000000000000000e+00	0.000000000000000000e+00	0.000000000000000000e+00
9.749079999999999302e+00	1.575001000000000140e+01	2.651999999999999957e+01	0.000000000000000000e+00	0.000000000000000000e+00	0.000000000000000000e+00	0.000000000000000000e+00
1.124907999999999930e+01	1.575001000000000140e+01	1.625000000000000000e+02	0.000000000000000000e+00	0.000000000000000000e+00	0.000000000000000000e+00	0.000000000000000000e+00
1.274907999999999930e+01	1.575001000000000140e+01	1.877800000000000011e+02	0.000000000000000000e+00	0.000000000000000000e+00	0.000000000000000000e+00	0.000000000000000000e+00
1.424907999999999930e+01	1.575001000000000140e+01	2.145000000000000000e+02	0.000000000000000000e+00	0.000000000000000000e+00	0.000000000000000000e+00	0.000000000000000000e+00
1.574907999999999930e+01	1.575001000000000140e+01	1.854399999999999977e+02	0.000000000000000000e+00	0.000000000000000000e+00	0.000000000000000000e+00	0.000000000000000000e+00
1.724907999999999930e+01	1.575001000000000140e+01	1.749799999999999898e+02	0.000000000000000000e+00	0.000000000000000000e+00	0.000000000000000000e+00	0.000000000000000000e+00
1.874908000000000285e+01	1.575001000000000140e+01	1.628400000000000034e+02	0.000000000000000000e+00	0.000000000000000000e+00	0.000000000000000000e+00	0.000000000000000000e+00
2.024907999999999930e+01	1.575001000000000140e+01	1.415999999999999943e+02	0.000000000000000000e+00	0.000000000000000000e+00	0.000000000000000000e+00	0.000000000000000000e+00
2.174907999999999930e+01	1.575001000000000140e+01	1.000199999999999960e+02	0.000000000000000000e+00	0.000000000000000000e+00	0.000000000000000000e+00	0.000000000000000000e+00
2.324908000000000285e+01	1.575001000000000140e+01	1.024000000000000057e+02	0.000000000000000000e+00	0.000000000000000000e+00	0.000000000000000000e+00	0.000000000000000000e+00
2.474908000000000285e+01	1.575001000000000140e+01	8.629999999999999716e+01	0.000000000000000000e+00	0.000000000000000000e+00	0.000000000000000000e+00	0.000000000000000000e+00
2.624908000000000285e+01	1.575001000000000140e+01	6.623999999999999488e+01	0.000000000000000000e+00	0.000000000000000000e+00	0.000000000000000000e+00	0.000000000000000000e+00
2.774907999999999930e+01	1.575001000000000140e+01	3.589999999999999858e+01	0.000000000000000000e+00	0.000000000000000000e+00	0.000000000000000000e+00	0.000000000000000000e+00
2.249079999999999302e+00	1.725000999999999962e+01	3.959999999999999964e+00	0.000000000000000000e+00	0.000000000000000000e+00	0.000000000000000000e+00	0.000000000000000000e+00
3.749079999999999302e+00	1.725000999999999962e+01	4.320000000000000284e+00	0.000000000000000000e+00	0.000000000000000000e+00	0.000000000000000000e+00	0.000000000000000000e+00
5.249079999999999302e+00	1.725000999999999962e+01	5.200000000000000178e+00	0.000000000000000000e+00	0.000000000000000000e+00	0.000000000000000000e+00	0.000000000000000000e+00
6.749080000000000190e+00	1.725000999999999962e+01	5.240000000000000213e+00	0.000000000000000000e+00	0.000000000000000000e+00	0.000000000000000000e+00	0.000000000000000000e+00
8.249079999999999302e+00	1.725000999999999962e+01	7.860000000000000320e+00	0.000000000000000000e+00	0.000000000000000000e+00	0.000000000000000000e+00	0.000000000000000000e+00
9.749079999999999302e+00	1.725000999999999962e+01	1.823999999999999844e+01	0.000000000000000000e+00	0.000000000000000000e+00	0.000000000000000000e+00	0.000000000000000000e+00
1.124907999999999930e+01	1.725000999999999962e+01	1.467599999999999909e+02	0.000000000000000000e+00	0.000000000000000000e+00	0.000000000000000000e+00	0.000000000000000000e+00
1.274907999999999930e+01	1.725000999999999962e+01	1.803799999999999955e+02	0.000000000000000000e+00	0.000000000000000000e+00	0.000000000000000000e+00	0.000000000000000000e+00
1.424907999999999930e+01	1.725000999999999962e+01	1.650800000000000125e+02	0.000000000000000000e+00	0.000000000000000000e+00	0.000000000000000000e+00	0.000000000000000000e+00
1.574907999999999930e+01	1.725000999999999962e+01	1.756800000000000068e+02	0.000000000000000000e+00	0.000000000000000000e+00	0.000000000000000000e+00	0.000000000000000000e+00
1.724907999999999930e+01	1.725000999999999962e+01	1.712599999999999909e+02	0.000000000000000000e+00	0.000000000000000000e+00	0.000000000000000000e+00	0.000000000000000000e+00
1.874908000000000285e+01	1.725000999999999962e+01	1.567800000000000011e+02	0.000000000000000000e+00	0.000000000000000000e+00	0.000000000000000000e+00	0.000000000000000000e+00
2.024907999999999930e+01	1.725000999999999962e+01	1.359799999999999898e+02	0.000000000000000000e+00	0.000000000000000000e+00	0.000000000000000000e+00	0.000000000000000000e+00
2.174907999999999930e+01	1.725000999999999962e+01	1.060199999999999960e+02	0.000000000000000000e+00	0.000000000000000000e+00	0.000000000000000000e+00	0.000000000000000000e+00
2.324908000000000285e+01	1.725000999999999962e+01	8.895999999999999375e+01	0.000000000000000000e+00	0.000000000000000000e+00	0.000000000000000000e+00	0.000000000000000000e+00
2.474908000000000285e+01	1.725000999999999962e+01	1.571399999999999864e+02	0.000000000000000000e+00	0.000000000000000000e+00	0.000000000000000000e+00	0.000000000000000000e+00
2.624908000000000285e+01	1.725000999999999962e+01	9.384000000000000341e+01	0.000000000000000000e+00	0.000000000000000000e+00	0.000000000000000000e+00	0.000000000000000000e+00
2.774907999999999930e+01	1.725000999999999962e+01	7.379999999999999716e+01	0.000000000000000000e+00	0.000000000000000000e+00	0.000000000000000000e+00	0.000000000000000000e+00
2.249079999999999302e+00	1.875001000000000317e+01	4.280000000000000249e+00	0.000000000000000000e+00	0.000000000000000000e+00	0.000000000000000000e+00	0.000000000000000000e+00
3.749079999999999302e+00	1.875001000000000317e+01	4.540000000000000036e+00	0.000000000000000000e+00	0.000000000000000000e+00	0.000000000000000000e+00	0.000000000000000000e+00
5.249079999999999302e+00	1.875001000000000317e+01	4.280000000000000249e+00	0.000000000000000000e+00	0.000000000000000000e+00	0.000000000000000000e+00	0.000000000000000000e+00
6.749080000000000190e+00	1.875001000000000317e+01	4.780000000000000249e+00	0.000000000000000000e+00	0.000000000000000000e+00	0.000000000000000000e+00	0.000000000000000000e+00
8.249079999999999302e+00	1.875001000000000317e+01	6.679999999999999716e+00	0.000000000000000000e+00	0.000000000000000000e+00	0.000000000000000000e+00	0.000000000000000000e+00
9.749079999999999302e+00	1.875001000000000317e+01	1.140000000000000036e+01	0.000000000000000000e+00	0.000000000000000000e+00	0.000000000000000000e+00	0.000000000000000000e+00
1.124907999999999930e+01	1.875001000000000317e+01	2.823999999999999844e+01	0.000000000000000000e+00	0.000000000000000000e+00	0.000000000000000000e+00	0.000000000000000000e+00
1.274907999999999930e+01	1.875001000000000317e+01	3.556000000000000227e+01	0.000000000000000000e+00	0.000000000000000000e+00	0.000000000000000000e+00	0.000000000000000000e+00
1.424907999999999930e+01	1.875001000000000317e+01	4.228000000000000114e+01	0.000000000000000000e+00	0.000000000000000000e+00	0.000000000000000000e+00	0.000000000000000000e+00
1.574907999999999930e+01	1.875001000000000317e+01	4.524000000000000199e+01	0.000000000000000000e+00	0.000000000000000000e+00	0.000000000000000000e+00	0.000000000000000000e+00
1.724907999999999930e+01	1.875001000000000317e+01	4.961999999999999744e+01	0.000000000000000000e+00	0.000000000000000000e+00	0.000000000000000000e+00	0.000000000000000000e+00
1.874908000000000285e+01	1.875001000000000317e+01	5.257999999999999829e+01	0.000000000000000000e+00	0.000000000000000000e+00	0.000000000000000000e+00	0.000000000000000000e+00
2.024907999999999930e+01	1.875001000000000317e+01	4.892000000000000171e+01	0.000000000000000000e+00	0.000000000000000000e+00	0.000000000000000000e+00	0.000000000000000000e+00
2.174907999999999930e+01	1.875001000000000317e+01	5.017999999999999972e+01	0.000000000000000000e+00	0.000000000000000000e+00	0.000000000000000000e+00	0.000000000000000000e+00
2.324908000000000285e+01	1.875001000000000317e+01	5.171999999999999886e+01	0.000000000000000000e+00	0.000000000000000000e+00	0.000000000000000000e+00	0.000000000000000000e+00
2.474908000000000285e+01	1.875001000000000317e+01	5.182000000000000028e+01	0.000000000000000000e+00	0.000000000000000000e+00	0.000000000000000000e+00	0.000000000000000000e+00
2.624908000000000285e+01	1.875001000000000317e+01	5.528000000000000114e+01	0.000000000000000000e+00	0.000000000000000000e+00	0.000000000000000000e+00	0.000000000000000000e+00
2.774907999999999930e+01	1.875001000000000317e+01	4.707999999999999829e+01	0.000000000000000000e+00	0.000000000000000000e+00	0.000000000000000000e+00	0.000000000000000000e+00
2.249079999999999302e+00	2.025001000000000317e+01	4.620000000000000107e+00	0.000000000000000000e+00	0.000000000000000000e+00	0.000000000000000000e+00	0.000000000000000000e+00
3.749079999999999302e+00	2.025001000000000317e+01	4.719999999999999751e+00	0.000000000000000000e+00	0.000000000000000000e+00	0.000000000000000000e+00	0.000000000000000000e+00
5.249079999999999302e+00	2.025001000000000317e+01	4.459999999999999964e+00	0.000000000000000000e+00	0.000000000000000000e+00	0.000000000000000000e+00	0.000000000000000000e+00
6.749080000000000190e+00	2.025001000000000317e+01	4.959999999999999964e+00	0.000000000000000000e+00	0.000000000000000000e+00	0.000000000000000000e+00	0.000000000000000000e+00
8.249079999999999302e+00	2.025001000000000317e+01	4.940000000000000391e+00	0.000000000000000000e+00	0.000000000000000000e+00	0.000000000000000000e+00	0.000000000000000000e+00
9.749079999999999302e+00	2.025001000000000317e+01	6.160000000000000142e+00	0.000000000000000000e+00	0.000000000000000000e+00	0.000000000000000000e+00	0.000000000000000000e+00
1.124907999999999930e+01	2.025001000000000317e+01	7.860000000000000320e+00	0.000000000000000000e+00	0.000000000000000000e+00	0.000000000000000000e+00	0.000000000000000000e+00
1.274907999999999930e+01	2.025001000000000317e+01	8.519999999999999574e+00	0.000000000000000000e+00	0.000000000000000000e+00	0.000000000000000000e+00	0.000000000000000000e+00
1.424907999999999930e+01	2.025001000000000317e+01	8.919999999999999929e+00	0.000000000000000000e+00	0.000000000000000000e+00	0.000000000000000000e+00	0.000000000000000000e+00
1.574907999999999930e+01	2.025001000000000317e+01	9.679999999999999716e+00	0.000000000000000000e+00	0.000000000000000000e+00	0.000000000000000000e+00	0.000000000000000000e+00
1.724907999999999930e+01	2.025001000000000317e+01	9.960000000000000853e+00	0.000000000000000000e+00	0.000000000000000000e+00	0.000000000000000000e+00	0.000000000000000000e+00
1.874908000000000285e+01	2.025001000000000317e+01	9.939999999999999503e+00	0.000000000000000000e+00	0.000000000000000000e+00	0.000000000000000000e+00	0.000000000000000000e+00
2.024907999999999930e+01	2.025001000000000317e+01	9.640000000000000568e+00	0.000000000000000000e+00	0.000000000000000000e+00	0.000000000000000000e+00	0.000000000000000000e+00
2.174907999999999930e+01	2.025001000000000317e+01	1.011999999999999922e+01	0.000000000000000000e+00	0.000000000000000000e+00	0.000000000000000000e+00	0.000000000000000000e+00
2.324908000000000285e+01	2.025001000000000317e+01	1.211999999999999922e+01	0.000000000000000000e+00	0.000000000000000000e+00	0.000000000000000000e+00	0.000000000000000000e+00
2.474908000000000285e+01	2.025001000000000317e+01	1.206000000000000050e+01	0.000000000000000000e+00	0.000000000000000000e+00	0.000000000000000000e+00	0.000000000000000000e+00
2.624908000000000285e+01	2.025001000000000317e+01	1.077999999999999936e+01	0.000000000000000000e+00	0.000000000000000000e+00	0.000000000000000000e+00	0.000000000000000000e+00
2.774907999999999930e+01	2.025001000000000317e+01	8.839999999999999858e+00	0.000000000000000000e+00	0.000000000000000000e+00	0.000000000000000000e+00	0.000000000000000000e+00
2.249079999999999302e+00	2.175000999999999962e+01	4.059999999999999609e+00	0.000000000000000000e+00	0.000000000000000000e+00	0.000000000000000000e+00	0.000000000000000000e+00
3.749079999999999302e+00	2.175000999999999962e+01	4.379999999999999893e+00	0.000000000000000000e+00	0.000000000000000000e+00	0.000000000000000000e+00	0.000000000000000000e+00
5.249079999999999302e+00	2.175000999999999962e+01	4.860000000000000320e+00	0.000000000000000000e+00	0.000000000000000000e+00	0.000000000000000000e+00	0.000000000000000000e+00
6.749080000000000190e+00	2.175000999999999962e+01	4.799999999999999822e+00	0.000000000000000000e+00	0.000000000000000000e+00	0.000000000000000000e+00	0.000000000000000000e+00
8.249079999999999302e+00	2.175000999999999962e+01	4.639999999999999680e+00	0.000000000000000000e+00	0.000000000000000000e+00	0.000000000000000000e+00	0.000000000000000000e+00
9.749079999999999302e+00	2.175000999999999962e+01	4.660000000000000142e+00	0.000000000000000000e+00	0.000000000000000000e+00	0.000000000000000000e+00	0.000000000000000000e+00
1.124907999999999930e+01	2.175000999999999962e+01	5.519999999999999574e+00	0.000000000000000000e+00	0.000000000000000000e+00	0.000000000000000000e+00	0.000000000000000000e+00
1.274907999999999930e+01	2.175000999999999962e+01	4.620000000000000107e+00	0.000000000000000000e+00	0.000000000000000000e+00	0.000000000000000000e+00	0.000000000000000000e+00
1.424907999999999930e+01	2.175000999999999962e+01	5.179999999999999716e+00	0.000000000000000000e+00	0.000000000000000000e+00	0.000000000000000000e+00	0.000000000000000000e+00
1.574907999999999930e+01	2.175000999999999962e+01	5.940000000000000391e+00	0.000000000000000000e+00	0.000000000000000000e+00	0.000000000000000000e+00	0.000000000000000000e+00
1.724907999999999930e+01	2.175000999999999962e+01	6.459999999999999964e+00	0.000000000000000000e+00	0.000000000000000000e+00	0.000000000000000000e+00	0.000000000000000000e+00
1.874908000000000285e+01	2.175000999999999962e+01	6.480000000000000426e+00	0.000000000000000000e+00	0.000000000000000000e+00	0.000000000000000000e+00	0.000000000000000000e+00
2.024907999999999930e+01	2.175000999999999962e+01	5.660000000000000142e+00	0.000000000000000000e+00	0.000000000000000000e+00	0.000000000000000000e+00	0.000000000000000000e+00
2.174907999999999930e+01	2.175000999999999962e+01	6.679999999999999716e+00	0.000000000000000000e+00	0.000000000000000000e+00	0.000000000000000000e+00	0.000000000000000000e+00
2.324908000000000285e+01	2.175000999999999962e+01	6.339999999999999858e+00	0.000000000000000000e+00	0.000000000000000000e+00	0.000000000000000000e+00	0.000000000000000000e+00
2.474908000000000285e+01	2.175000999999999962e+01	6.040000000000000036e+00	0.000000000000000000e+00	0.000000000000000000e+00	0.000000000000000000e+00	0.000000000000000000e+00
2.624908000000000285e+01	2.175000999999999962e+01	6.320000000000000284e+00	0.000000000000000000e+00	0.000000000000000000e+00	0.000000000000000000e+00	0.000000000000000000e+00
2.774907999999999930e+01	2.175000999999999962e+01	5.679999999999999716e+00	0.000000000000000000e+00	0.000000000000000000e+00	0.000000000000000000e+00	0.000000000000000000e+00
2.249079999999999302e+00	2.325001000000000317e+01	4.040000000000000036e+00	0.000000000000000000e+00	0.000000000000000000e+00	0.000000000000000000e+00	0.000000000000000000e+00
3.749079999999999302e+00	2.325001000000000317e+01	4.179999999999999716e+00	0.000000000000000000e+00	0.000000000000000000e+00	0.000000000000000000e+00	0.000000000000000000e+00
5.249079999999999302e+00	2.325001000000000317e+01	4.160000000000000142e+00	0.000000000000000000e+00	0.000000000000000000e+00	0.000000000000000000e+00	0.000000000000000000e+00
6.749080000000000190e+00	2.325001000000000317e+01	3.819999999999999840e+00	0.000000000000000000e+00	0.000000000000000000e+00	0.000000000000000000e+00	0.000000000000000000e+00
8.249079999999999302e+00	2.325001000000000317e+01	4.400000000000000355e+00	0.000000000000000000e+00	0.000000000000000000e+00	0.000000000000000000e+00	0.000000000000000000e+00
9.749079999999999302e+00	2.325001000000000317e+01	4.099999999999999645e+00	0.000000000000000000e+00	0.000000000000000000e+00	0.000000000000000000e+00	0.000000000000000000e+00
1.124907999999999930e+01	2.325001000000000317e+01	4.719999999999999751e+00	0.000000000000000000e+00	0.000000000000000000e+00	0.000000000000000000e+00	0.000000000000000000e+00
1.274907999999999930e+01	2.325001000000000317e+01	4.400000000000000355e+00	0.000000000000000000e+00	0.000000000000000000e+00	0.000000000000000000e+00	0.000000000000000000e+00
1.424907999999999930e+01	2.325001000000000317e+01	4.280000000000000249e+00	0.000000000000000000e+00	0.000000000000000000e+00	0.000000000000000000e+00	0.000000000000000000e+00
1.574907999999999930e+01	2.325001000000000317e+01	5.099999999999999645e+00	0.000000000000000000e+00	0.000000000000000000e+00	0.000000000000000000e+00	0.000000000000000000e+00
1.724907999999999930e+01	2.325001000000000317e+01	5.160000000000000142e+00	0.000000000000000000e+00	0.000000000000000000e+00	0.000000000000000000e+00	0.000000000000000000e+00
1.874908000000000285e+01	2.325001000000000317e+01	4.980000000000000426e+00	0.000000000000000000e+00	0.000000000000000000e+00	0.000000000000000000e+00	0.000000000000000000e+00
2.024907999999999930e+01	2.325001000000000317e+01	5.240000000000000213e+00	0.000000000000000000e+00	0.000000000000000000e+00	0.000000000000000000e+00	0.000000000000000000e+00
2.174907999999999930e+01	2.325001000000000317e+01	5.379999999999999893e+00	0.000000000000000000e+00	0.000000000000000000e+00	0.000000000000000000e+00	0.000000000000000000e+00
2.324908000000000285e+01	2.325001000000000317e+01	4.900000000000000355e+00	0.000000000000000000e+00	0.000000000000000000e+00	0.000000000000000000e+00	0.000000000000000000e+00
2.474908000000000285e+01	2.325001000000000317e+01	4.940000000000000391e+00	0.000000000000000000e+00	0.000000000000000000e+00	0.000000000000000000e+00	0.000000000000000000e+00
2.624908000000000285e+01	2.325001000000000317e+01	5.219999999999999751e+00	0.000000000000000000e+00	0.000000000000000000e+00	0.000000000000000000e+00	0.000000000000000000e+00
2.774907999999999930e+01	2.325001000000000317e+01	5.280000000000000249e+00	0.000000000000000000e+00	0.000000000000000000e+00	0.000000000000000000e+00	0.000000000000000000e+00
2.249079999999999302e+00	2.475001000000000317e+01	3.459999999999999964e+00	0.000000000000000000e+00	0.000000000000000000e+00	0.000000000000000000e+00	0.000000000000000000e+00
3.749079999999999302e+00	2.475001000000000317e+01	3.680000000000000160e+00	0.000000000000000000e+00	0.000000000000000000e+00	0.000000000000000000e+00	0.000000000000000000e+00
5.249079999999999302e+00	2.475001000000000317e+01	3.479999999999999982e+00	0.000000000000000000e+00	0.000000000000000000e+00	0.000000000000000000e+00	0.000000000000000000e+00
6.749080000000000190e+00	2.475001000000000317e+01	4.120000000000000107e+00	0.000000000000000000e+00	0.000000000000000000e+00	0.000000000000000000e+00	0.000000000000000000e+00
8.249079999999999302e+00	2.475001000000000317e+01	4.080000000000000071e+00	0.000000000000000000e+00	0.000000000000000000e+00	0.000000000000000000e+00	0.000000000000000000e+00
9.749079999999999302e+00	2.475001000000000317e+01	4.259999999999999787e+00	0.000000000000000000e+00	0.000000000000000000e+00	0.000000000000000000e+00	0.000000000000000000e+00
1.124907999999999930e+01	2.475001000000000317e+01	3.799999999999999822e+00	0.000000000000000000e+00	0.000000000000000000e+00	0.000000000000000000e+00	0.000000000000000000e+00
1.274907999999999930e+01	2.475001000000000317e+01	4.379999999999999893e+00	0.000000000000000000e+00	0.000000000000000000e+00	0.000000000000000000e+00	0.000000000000000000e+00
1.424907999999999930e+01	2.475001000000000317e+01	4.620000000000000107e+00	0.000000000000000000e+00	0.000000000000000000e+00	0.000000000000000000e+00	0.000000000000000000e+00
1.574907999999999930e+01	2.475001000000000317e+01	4.759999999999999787e+00	0.000000000000000000e+00	0.000000000000000000e+00	0.000000000000000000e+00	0.000000000000000000e+00
1.724907999999999930e+01	2.475001000000000317e+01	4.559999999999999609e+00	0.000000000000000000e+00	0.000000000000000000e+00	0.000000000000000000e+00	0.000000000000000000e+00
1.874908000000000285e+01	2.475001000000000317e+01	5.280000000000000249e+00	0.000000000000000000e+00	0.000000000000000000e+00	0.000000000000000000e+00	0.000000000000000000e+00
2.024907999999999930e+01	2.475001000000000317e+01	5.099999999999999645e+00	0.000000000000000000e+00	0.000000000000000000e+00	0.000000000000000000e+00	0.000000000000000000e+00
2.174907999999999930e+01	2.475001000000000317e+01	4.639999999999999680e+00	0.000000000000000000e+00	0.000000000000000000e+00	0.000000000000000000e+00	0.000000000000000000e+00
2.324908000000000285e+01	2.475001000000000317e+01	4.940000000000000391e+00	0.000000000000000000e+00	0.000000000000000000e+00	0.000000000000000000e+00	0.000000000000000000e+00
2.474908000000000285e+01	2.475001000000000317e+01	4.719999999999999751e+00	0.000000000000000000e+00	0.000000000000000000e+00	0.000000000000000000e+00	0.000000000000000000e+00
2.624908000000000285e+01	2.475001000000000317e+01	4.540000000000000036e+00	0.000000000000000000e+00	0.000000000000000000e+00	0.000000000000000000e+00	0.000000000000000000e+00
2.774907999999999930e+01	2.475001000000000317e+01	5.419999999999999929e+00	0.000000000000000000e+00	0.000000000000000000e+00	0.000000000000000000e+00	0.000000000000000000e+00
2.249079999999999302e+00	2.625001000000000317e+01	4.019999999999999574e+00	0.000000000000000000e+00	0.000000000000000000e+00	0.000000000000000000e+00	0.000000000000000000e+00
3.749079999999999302e+00	2.625001000000000317e+01	4.000000000000000000e+00	0.000000000000000000e+00	0.000000000000000000e+00	0.000000000000000000e+00	0.000000000000000000e+00
5.249079999999999302e+00	2.625001000000000317e+01	4.139999999999999680e+00	0.000000000000000000e+00	0.000000000000000000e+00	0.000000000000000000e+00	0.000000000000000000e+00
6.749080000000000190e+00	2.625001000000000317e+01	4.299999999999999822e+00	0.000000000000000000e+00	0.000000000000000000e+00	0.000000000000000000e+00	0.000000000000000000e+00
8.249079999999999302e+00	2.625001000000000317e+01	3.919999999999999929e+00	0.000000000000000000e+00	0.000000000000000000e+00	0.000000000000000000e+00	0.000000000000000000e+00
9.749079999999999302e+00	2.625001000000000317e+01	4.040000000000000036e+00	0.000000000000000000e+00	0.000000000000000000e+00	0.000000000000000000e+00	0.000000000000000000e+00
1.124907999999999930e+01	2.625001000000000317e+01	4.660000000000000142e+00	0.000000000000000000e+00	0.000000000000000000e+00	0.000000000000000000e+00	0.000000000000000000e+00
1.274907999999999930e+01	2.625001000000000317e+01	4.280000000000000249e+00	0.000000000000000000e+00	0.000000000000000000e+00	0.000000000000000000e+00	0.000000000000000000e+00
1.424907999999999930e+01	2.625001000000000317e+01	4.440000000000000391e+00	0.000000000000000000e+00	0.000000000000000000e+00	0.000000000000000000e+00	0.000000000000000000e+00
1.574907999999999930e+01	2.625001000000000317e+01	4.320000000000000284e+00	0.000000000000000000e+00	0.000000000000000000e+00	0.000000000000000000e+00	0.000000000000000000e+00
1.724907999999999930e+01	2.625001000000000317e+01	4.519999999999999574e+00	0.000000000000000000e+00	0.000000000000000000e+00	0.000000000000000000e+00	0.000000000000000000e+00
1.874908000000000285e+01	2.625001000000000317e+01	4.660000000000000142e+00	0.000000000000000000e+00	0.000000000000000000e+00	0.000000000000000000e+00	0.000000000000000000e+00
2.024907999999999930e+01	2.625001000000000317e+01	4.059999999999999609e+00	0.000000000000000000e+00	0.000000000000000000e+00	0.000000000000000000e+00	0.000000000000000000e+00
2.174907999999999930e+01	2.625001000000000317e+01	4.780000000000000249e+00	0.000000000000000000e+00	0.000000000000000000e+00	0.000000000000000000e+00	0.000000000000000000e+00
2.324908000000000285e+01	2.625001000000000317e+01	4.780000000000000249e+00	0.000000000000000000e+00	0.000000000000000000e+00	0.000000000000000000e+00	0.000000000000000000e+00
2.474908000000000285e+01	2.625001000000000317e+01	4.240000000000000213e+00	0.000000000000000000e+00	0.000000000000000000e+00	0.000000000000000000e+00	0.000000000000000000e+00
2.624908000000000285e+01	2.625001000000000317e+01	4.780000000000000249e+00	0.000000000000000000e+00	0.000000000000000000e+00	0.000000000000000000e+00	0.000000000000000000e+00
2.774907999999999930e+01	2.625001000000000317e+01	4.280000000000000249e+00	0.000000000000000000e+00	0.000000000000000000e+00	0.000000000000000000e+00	0.000000000000000000e+00
2.249079999999999302e+00	2.775000999999999962e+01	4.719999999999999751e+00	0.000000000000000000e+00	0.000000000000000000e+00	0.000000000000000000e+00	0.000000000000000000e+00
3.749079999999999302e+00	2.775000999999999962e+01	4.339999999999999858e+00	0.000000000000000000e+00	0.000000000000000000e+00	0.000000000000000000e+00	0.000000000000000000e+00
5.249079999999999302e+00	2.775000999999999962e+01	4.480000000000000426e+00	0.000000000000000000e+00	0.000000000000000000e+00	0.000000000000000000e+00	0.000000000000000000e+00
6.749080000000000190e+00	2.775000999999999962e+01	4.139999999999999680e+00	0.000000000000000000e+00	0.000000000000000000e+00	0.000000000000000000e+00	0.000000000000000000e+00
8.249079999999999302e+00	2.775000999999999962e+01	4.000000000000000000e+00	0.000000000000000000e+00	0.000000000000000000e+00	0.000000000000000000e+00	0.000000000000000000e+00
9.749079999999999302e+00	2.775000999999999962e+01	4.660000000000000142e+00	0.000000000000000000e+00	0.000000000000000000e+00	0.000000000000000000e+00	0.000000000000000000e+00
1.124907999999999930e+01	2.775000999999999962e+01	3.700000000000000178e+00	0.000000000000000000e+00	0.000000000000000000e+00	0.000000000000000000e+00	0.000000000000000000e+00
1.274907999999999930e+01	2.775000999999999962e+01	3.959999999999999964e+00	0.000000000000000000e+00	0.000000000000000000e+00	0.000000000000000000e+00	0.000000000000000000e+00
1.424907999999999930e+01	2.775000999999999962e+01	4.339999999999999858e+00	0.000000000000000000e+00	0.000000000000000000e+00	0.000000000000000000e+00	0.000000000000000000e+00
1.574907999999999930e+01	2.775000999999999962e+01	4.179999999999999716e+00	0.000000000000000000e+00	0.000000000000000000e+00	0.000000000000000000e+00	0.000000000000000000e+00
1.724907999999999930e+01	2.775000999999999962e+01	4.200000000000000178e+00	0.000000000000000000e+00	0.000000000000000000e+00	0.000000000000000000e+00	0.000000000000000000e+00
1.874908000000000285e+01	2.775000999999999962e+01	3.779999999999999805e+00	0.000000000000000000e+00	0.000000000000000000e+00	0.000000000000000000e+00	0.000000000000000000e+00
2.024907999999999930e+01	2.775000999999999962e+01	4.120000000000000107e+00	0.000000000000000000e+00	0.000000000000000000e+00	0.000000000000000000e+00	0.000000000000000000e+00
2.174907999999999930e+01	2.775000999999999962e+01	4.519999999999999574e+00	0.000000000000000000e+00	0.000000000000000000e+00	0.000000000000000000e+00	0.000000000000000000e+00
2.324908000000000285e+01	2.775000999999999962e+01	4.120000000000000107e+00	0.000000000000000000e+00	0.000000000000000000e+00	0.000000000000000000e+00	0.000000000000000000e+00
2.474908000000000285e+01	2.775000999999999962e+01	4.480000000000000426e+00	0.000000000000000000e+00	0.000000000000000000e+00	0.000000000000000000e+00	0.000000000000000000e+00
2.624908000000000285e+01	2.775000999999999962e+01	4.660000000000000142e+00	0.000000000000000000e+00	0.000000000000000000e+00	0.000000000000000000e+00	0.000000000000000000e+00
2.774907999999999930e+01	2.775000999999999962e+01	4.740000000000000213e+00	0.000000000000000000e+00	0.000000000000000000e+00	0.000000000000000000e+00	0.000000000000000000e+00
