#Date: 2024-12-02 14:14:18
#Total scanning time: 465.784850358963
#Scan direction: X
#X range: 10.24849 - 19.748490000000004 um
#Y range: 10.25001 - 19.750010000000007 um
#X pixels: 20, pixelsize: 5e-07 um
#Y pixels: 20, pixelsize: 5e-07 um
#Integration time per pixel: 0.5 ms
#Columns: X [um], Y [um], counts, freq_center, fwhm, contrast, sensitivity
1.024849000000000032e+01	1.025000999999999962e+01	3.021600000000000108e+01	0.000000000000000000e+00	0.000000000000000000e+00	0.000000000000000000e+00	0.000000000000000000e+00
1.074849000000000032e+01	1.025000999999999962e+01	4.205199999999999960e+01	0.000000000000000000e+00	0.000000000000000000e+00	0.000000000000000000e+00	0.000000000000000000e+00
1.124849000000000032e+01	1.025000999999999962e+01	5.515599999999999881e+01	0.000000000000000000e+00	0.000000000000000000e+00	0.000000000000000000e+00	0.000000000000000000e+00
1.174849000000000032e+01	1.025000999999999962e+01	6.135000000000000142e+01	0.000000000000000000e+00	0.000000000000000000e+00	0.000000000000000000e+00	0.000000000000000000e+00
1.224849000000000032e+01	1.025000999999999962e+01	6.703199999999999648e+01	0.000000000000000000e+00	0.000000000000000000e+00	0.000000000000000000e+00	0.000000000000000000e+00
1.274849000000000032e+01	1.025000999999999962e+01	7.227800000000000580e+01	0.000000000000000000e+00	0.000000000000000000e+00	0.000000000000000000e+00	0.000000000000000000e+00
1.324849000000000210e+01	1.025000999999999962e+01	7.845799999999999841e+01	0.000000000000000000e+00	0.000000000000000000e+00	0.000000000000000000e+00	0.000000000000000000e+00
1.374849000000000210e+01	1.025000999999999962e+01	8.581600000000000250e+01	0.000000000000000000e+00	0.000000000000000000e+00	0.000000000000000000e+00	0.000000000000000000e+00
1.424849000000000210e+01	1.025000999999999962e+01	8.674599999999999511e+01	0.000000000000000000e+00	0.000000000000000000e+00	0.000000000000000000e+00	0.000000000000000000e+00
1.474849000000000210e+01	1.025000999999999962e+01	8.352800000000000580e+01	0.000000000000000000e+00	0.000000000000000000e+00	0.000000000000000000e+00	0.000000000000000000e+00
1.524849000000000210e+01	1.025000999999999962e+01	7.858799999999999386e+01	0.000000000000000000e+00	0.000000000000000000e+00	0.000000000000000000e+00	0.000000000000000000e+00
1.574849000000000210e+01	1.025000999999999962e+01	7.546200000000000330e+01	0.000000000000000000e+00	0.000000000000000000e+00	0.000000000000000000e+00	0.000000000000000000e+00
1.624849000000000387e+01	1.025000999999999962e+01	7.024800000000000466e+01	0.000000000000000000e+00	0.000000000000000000e+00	0.000000000000000000e+00	0.000000000000000000e+00
1.674849000000000387e+01	1.025000999999999962e+01	6.832399999999999807e+01	0.000000000000000000e+00	0.000000000000000000e+00	0.000000000000000000e+00	0.000000000000000000e+00
1.724849000000000032e+01	1.025000999999999962e+01	7.191400000000000148e+01	0.000000000000000000e+00	0.000000000000000000e+00	0.000000000000000000e+00	0.000000000000000000e+00
1.774849000000000387e+01	1.025000999999999962e+01	7.336599999999999966e+01	0.000000000000000000e+00	0.000000000000000000e+00	0.000000000000000000e+00	0.000000000000000000e+00
1.824849000000000743e+01	1.025000999999999962e+01	7.241599999999999682e+01	0.000000000000000000e+00	0.000000000000000000e+00	0.000000000000000000e+00	0.000000000000000000e+00
1.874849000000000387e+01	1.025000999999999962e+01	7.010200000000000387e+01	0.000000000000000000e+00	0.000000000000000000e+00	0.000000000000000000e+00	0.000000000000000000e+00
1.924849000000000387e+01	1.025000999999999962e+01	6.693200000000000216e+01	0.000000000000000000e+00	0.000000000000000000e+00	0.000000000000000000e+00	0.000000000000000000e+00
1.974849000000000387e+01	1.025000999999999962e+01	6.425400000000000489e+01	0.000000000000000000e+00	0.000000000000000000e+00	0.000000000000000000e+00	0.000000000000000000e+00
1.024849000000000032e+01	1.075000999999999962e+01	3.476400000000000290e+01	0.000000000000000000e+00	0.000000000000000000e+00	0.000000000000000000e+00	0.000000000000000000e+00
1.074849000000000032e+01	1.075000999999999962e+01	4.717799999999999727e+01	0.000000000000000000e+00	0.000000000000000000e+00	0.000000000000000000e+00	0.000000000000000000e+00
1.124849000000000032e+01	1.075000999999999962e+01	6.231600000000000250e+01	0.000000000000000000e+00	0.000000000000000000e+00	0.000000000000000000e+00	0.000000000000000000e+00
1.174849000000000032e+01	1.075000999999999962e+01	7.114000000000000057e+01	0.000000000000000000e+00	0.000000000000000000e+00	0.000000000000000000e+00	0.000000000000000000e+00
1.224849000000000032e+01	1.075000999999999962e+01	7.652800000000000580e+01	0.000000000000000000e+00	0.000000000000000000e+00	0.000000000000000000e+00	0.000000000000000000e+00
1.274849000000000032e+01	1.075000999999999962e+01	8.498600000000000421e+01	0.000000000000000000e+00	0.000000000000000000e+00	0.000000000000000000e+00	0.000000000000000000e+00
1.324849000000000210e+01	1.075000999999999962e+01	9.241200000000000614e+01	0.000000000000000000e+00	0.000000000000000000e+00	0.000000000000000000e+00	0.000000000000000000e+00
1.374849000000000210e+01	1.075000999999999962e+01	1.032199999999999989e+02	0.000000000000000000e+00	0.000000000000000000e+00	0.000000000000000000e+00	0.000000000000000000e+00
1.424849000000000210e+01	1.075000999999999962e+01	1.031860000000000070e+02	0.000000000000000000e+00	0.000000000000000000e+00	0.000000000000000000e+00	0.000000000000000000e+00
1.474849000000000210e+01	1.075000999999999962e+01	1.012240000000000038e+02	0.000000000000000000e+00	0.000000000000000000e+00	0.000000000000000000e+00	0.000000000000000000e+00
1.524849000000000210e+01	1.075000999999999962e+01	9.599200000000000443e+01	0.000000000000000000e+00	0.000000000000000000e+00	0.000000000000000000e+00	0.000000000000000000e+00
1.574849000000000210e+01	1.075000999999999962e+01	9.129399999999999693e+01	0.000000000000000000e+00	0.000000000000000000e+00	0.000000000000000000e+00	0.000000000000000000e+00
1.624849000000000387e+01	1.075000999999999962e+01	8.712199999999999989e+01	0.000000000000000000e+00	0.000000000000000000e+00	0.000000000000000000e+00	0.000000000000000000e+00
1.674849000000000387e+01	1.075000999999999962e+01	8.155200000000000671e+01	0.000000000000000000e+00	0.000000000000000000e+00	0.000000000000000000e+00	0.000000000000000000e+00
1.724849000000000032e+01	1.075000999999999962e+01	8.420999999999999375e+01	0.000000000000000000e+00	0.000000000000000000e+00	0.000000000000000000e+00	0.000000000000000000e+00
1.774849000000000387e+01	1.075000999999999962e+01	8.760599999999999454e+01	0.000000000000000000e+00	0.000000000000000000e+00	0.000000000000000000e+00	0.000000000000000000e+00
1.824849000000000743e+01	1.075000999999999962e+01	8.653000000000000114e+01	0.000000000000000000e+00	0.000000000000000000e+00	0.000000000000000000e+00	0.000000000000000000e+00
1.874849000000000387e+01	1.075000999999999962e+01	8.486199999999999477e+01	0.000000000000000000e+00	0.000000000000000000e+00	0.000000000000000000e+00	0.000000000000000000e+00
1.924849000000000387e+01	1.075000999999999962e+01	8.162600000000000477e+01	0.000000000000000000e+00	0.000000000000000000e+00	0.000000000000000000e+00	0.000000000000000000e+00
1.974849000000000387e+01	1.075000999999999962e+01	7.631000000000000227e+01	0.000000000000000000e+00	0.000000000000000000e+00	0.000000000000000000e+00	0.000000000000000000e+00
1.024849000000000032e+01	1.125000999999999962e+01	3.641799999999999926e+01	0.000000000000000000e+00	0.000000000000000000e+00	0.000000000000000000e+00	0.000000000000000000e+00
1.074849000000000032e+01	1.125000999999999962e+01	5.043200000000000216e+01	0.000000000000000000e+00	0.000000000000000000e+00	0.000000000000000000e+00	0.000000000000000000e+00
1.124849000000000032e+01	1.125000999999999962e+01	7.453199999999999648e+01	0.000000000000000000e+00	0.000000000000000000e+00	0.000000000000000000e+00	0.000000000000000000e+00
1.174849000000000032e+01	1.125000999999999962e+01	9.346599999999999397e+01	0.000000000000000000e+00	0.000000000000000000e+00	0.000000000000000000e+00	0.000000000000000000e+00
1.224849000000000032e+01	1.125000999999999962e+01	9.638800000000000523e+01	0.000000000000000000e+00	0.000000000000000000e+00	0.000000000000000000e+00	0.000000000000000000e+00
1.274849000000000032e+01	1.125000999999999962e+01	1.033979999999999961e+02	0.000000000000000000e+00	0.000000000000000000e+00	0.000000000000000000e+00	0.000000000000000000e+00
1.324849000000000210e+01	1.125000999999999962e+01	1.249300000000000068e+02	0.000000000000000000e+00	0.000000000000000000e+00	0.000000000000000000e+00	0.000000000000000000e+00
1.374849000000000210e+01	1.125000999999999962e+01	1.502299999999999898e+02	0.000000000000000000e+00	0.000000000000000000e+00	0.000000000000000000e+00	0.000000000000000000e+00
1.424849000000000210e+01	1.125000999999999962e+01	1.571500000000000057e+02	0.000000000000000000e+00	0.000000000000000000e+00	0.000000000000000000e+00	0.000000000000000000e+00
1.474849000000000210e+01	1.125000999999999962e+01	1.554459999999999980e+02	0.000000000000000000e+00	0.000000000000000000e+00	0.000000000000000000e+00	0.000000000000000000e+00
1.524849000000000210e+01	1.125000999999999962e+01	1.481100000000000136e+02	0.000000000000000000e+00	0.000000000000000000e+00	0.000000000000000000e+00	0.000000000000000000e+00
1.574849000000000210e+01	1.125000999999999962e+01	1.399699999999999989e+02	0.000000000000000000e+00	0.000000000000000000e+00	0.000000000000000000e+00	0.000000000000000000e+00
1.624849000000000387e+01	1.125000999999999962e+01	1.327779999999999916e+02	0.000000000000000000e+00	0.000000000000000000e+00	0.000000000000000000e+00	0.000000000000000000e+00
1.674849000000000387e+01	1.125000999999999962e+01	1.262639999999999958e+02	0.000000000000000000e+00	0.000000000000000000e+00	0.000000000000000000e+00	0.000000000000000000e+00
1.724849000000000032e+01	1.125000999999999962e+01	1.277999999999999972e+02	0.000000000000000000e+00	0.000000000000000000e+00	0.000000000000000000e+00	0.000000000000000000e+00
1.774849000000000387e+01	1.125000999999999962e+01	1.348600000000000136e+02	0.000000000000000000e+00	0.000000000000000000e+00	0.000000000000000000e+00	0.000000000000000000e+00
1.824849000000000743e+01	1.125000999999999962e+01	1.366999999999999886e+02	0.000000000000000000e+00	0.000000000000000000e+00	0.000000000000000000e+00	0.000000000000000000e+00
1.874849000000000387e+01	1.125000999999999962e+01	1.331239999999999952e+02	0.000000000000000000e+00	0.000000000000000000e+00	0.000000000000000000e+00	0.000000000000000000e+00
1.924849000000000387e+01	1.125000999999999962e+01	1.320600000000000023e+02	0.000000000000000000e+00	0.000000000000000000e+00	0.000000000000000000e+00	0.000000000000000000e+00
1.974849000000000387e+01	1.125000999999999962e+01	1.255139999999999958e+02	0.000000000000000000e+00	0.000000000000000000e+00	0.000000000000000000e+00	0.000000000000000000e+00
1.024849000000000032e+01	1.175000999999999962e+01	3.731400000000000006e+01	0.000000000000000000e+00	0.000000000000000000e+00	0.000000000000000000e+00	0.000000000000000000e+00
1.074849000000000032e+01	1.175000999999999962e+01	5.673799999999999955e+01	0.000000000000000000e+00	0.000000000000000000e+00	0.000000000000000000e+00	0.000000000000000000e+00
1.124849000000000032e+01	1.175000999999999962e+01	9.858199999999999363e+01	0.000000000000000000e+00	0.000000000000000000e+00	0.000000000000000000e+00	0.000000000000000000e+00
1.174849000000000032e+01	1.175000999999999962e+01	1.184260000000000019e+02	0.000000000000000000e+00	0.000000000000000000e+00	0.000000000000000000e+00	0.000000000000000000e+00
1.224849000000000032e+01	1.175000999999999962e+01	1.143319999999999936e+02	0.000000000000000000e+00	0.000000000000000000e+00	0.000000000000000000e+00	0.000000000000000000e+00
1.274849000000000032e+01	1.175000999999999962e+01	1.228780000000000001e+02	0.000000000000000000e+00	0.000000000000000000e+00	0.000000000000000000e+00	0.000000000000000000e+00
1.324849000000000210e+01	1.175000999999999962e+01	1.545879999999999939e+02	0.000000000000000000e+00	0.000000000000000000e+00	0.000000000000000000e+00	0.000000000000000000e+00
1.374849000000000210e+01	1.175000999999999962e+01	1.934600000000000080e+02	0.000000000000000000e+00	0.000000000000000000e+00	0.000000000000000000e+00	0.000000000000000000e+00
1.424849000000000210e+01	1.175000999999999962e+01	2.051320000000000050e+02	0.000000000000000000e+00	0.000000000000000000e+00	0.000000000000000000e+00	0.000000000000000000e+00
1.474849000000000210e+01	1.175000999999999962e+01	2.039039999999999964e+02	0.000000000000000000e+00	0.000000000000000000e+00	0.000000000000000000e+00	0.000000000000000000e+00
1.524849000000000210e+01	1.175000999999999962e+01	1.949079999999999870e+02	0.000000000000000000e+00	0.000000000000000000e+00	0.000000000000000000e+00	0.000000000000000000e+00
1.574849000000000210e+01	1.175000999999999962e+01	1.870300000000000011e+02	0.000000000000000000e+00	0.000000000000000000e+00	0.000000000000000000e+00	0.000000000000000000e+00
1.624849000000000387e+01	1.175000999999999962e+01	1.768820000000000050e+02	0.000000000000000000e+00	0.000000000000000000e+00	0.000000000000000000e+00	0.000000000000000000e+00
1.674849000000000387e+01	1.175000999999999962e+01	1.778040000000000020e+02	0.000000000000000000e+00	0.000000000000000000e+00	0.000000000000000000e+00	0.000000000000000000e+00
1.724849000000000032e+01	1.175000999999999962e+01	1.804519999999999982e+02	0.000000000000000000e+00	0.000000000000000000e+00	0.000000000000000000e+00	0.000000000000000000e+00
1.774849000000000387e+01	1.175000999999999962e+01	1.842319999999999993e+02	0.000000000000000000e+00	0.000000000000000000e+00	0.000000000000000000e+00	0.000000000000000000e+00
1.824849000000000743e+01	1.175000999999999962e+01	1.931260000000000048e+02	0.000000000000000000e+00	0.000000000000000000e+00	0.000000000000000000e+00	0.000000000000000000e+00
1.874849000000000387e+01	1.175000999999999962e+01	1.914660000000000082e+02	0.000000000000000000e+00	0.000000000000000000e+00	0.000000000000000000e+00	0.000000000000000000e+00
1.924849000000000387e+01	1.175000999999999962e+01	1.891380000000000052e+02	0.000000000000000000e+00	0.000000000000000000e+00	0.000000000000000000e+00	0.000000000000000000e+00
1.974849000000000387e+01	1.175000999999999962e+01	1.896860000000000070e+02	0.000000000000000000e+00	0.000000000000000000e+00	0.000000000000000000e+00	0.000000000000000000e+00
1.024849000000000032e+01	1.225000999999999962e+01	3.210199999999999676e+01	0.000000000000000000e+00	0.000000000000000000e+00	0.000000000000000000e+00	0.000000000000000000e+00
1.074849000000000032e+01	1.225000999999999962e+01	4.087400000000000233e+01	0.000000000000000000e+00	0.000000000000000000e+00	0.000000000000000000e+00	0.000000000000000000e+00
1.124849000000000032e+01	1.225000999999999962e+01	7.343000000000000682e+01	0.000000000000000000e+00	0.000000000000000000e+00	0.000000000000000000e+00	0.000000000000000000e+00
1.174849000000000032e+01	1.225000999999999962e+01	1.165739999999999981e+02	0.000000000000000000e+00	0.000000000000000000e+00	0.000000000000000000e+00	0.000000000000000000e+00
1.224849000000000032e+01	1.225000999999999962e+01	1.237120000000000033e+02	0.000000000000000000e+00	0.000000000000000000e+00	0.000000000000000000e+00	0.000000000000000000e+00
1.274849000000000032e+01	1.225000999999999962e+01	1.257399999999999949e+02	0.000000000000000000e+00	0.000000000000000000e+00	0.000000000000000000e+00	0.000000000000000000e+00
1.324849000000000210e+01	1.225000999999999962e+01	1.538600000000000136e+02	0.000000000000000000e+00	0.000000000000000000e+00	0.000000000000000000e+00	0.000000000000000000e+00
1.374849000000000210e+01	1.225000999999999962e+01	1.925440000000000111e+02	0.000000000000000000e+00	0.000000000000000000e+00	0.000000000000000000e+00	0.000000000000000000e+00
1.424849000000000210e+01	1.225000999999999962e+01	1.912640000000000100e+02	0.000000000000000000e+00	0.000000000000000000e+00	0.000000000000000000e+00	0.000000000000000000e+00
1.474849000000000210e+01	1.225000999999999962e+01	1.915120000000000005e+02	0.000000000000000000e+00	0.000000000000000000e+00	0.000000000000000000e+00	0.000000000000000000e+00
1.524849000000000210e+01	1.225000999999999962e+01	1.906260000000000048e+02	0.000000000000000000e+00	0.000000000000000000e+00	0.000000000000000000e+00	0.000000000000000000e+00
1.574849000000000210e+01	1.225000999999999962e+01	1.870399999999999920e+02	0.000000000000000000e+00	0.000000000000000000e+00	0.000000000000000000e+00	0.000000000000000000e+00
1.624849000000000387e+01	1.225000999999999962e+01	1.819159999999999968e+02	0.000000000000000000e+00	0.000000000000000000e+00	0.000000000000000000e+00	0.000000000000000000e+00
1.674849000000000387e+01	1.225000999999999962e+01	1.797259999999999991e+02	0.000000000000000000e+00	0.000000000000000000e+00	0.000000000000000000e+00	0.000000000000000000e+00
1.724849000000000032e+01	1.225000999999999962e+01	1.797539999999999907e+02	0.000000000000000000e+00	0.000000000000000000e+00	0.000000000000000000e+00	0.000000000000000000e+00
1.774849000000000387e+01	1.225000999999999962e+01	1.736279999999999859e+02	0.000000000000000000e+00	0.000000000000000000e+00	0.000000000000000000e+00	0.000000000000000000e+00
1.824849000000000743e+01	1.225000999999999962e+01	1.755219999999999914e+02	0.000000000000000000e+00	0.000000000000000000e+00	0.000000000000000000e+00	0.000000000000000000e+00
1.874849000000000387e+01	1.225000999999999962e+01	1.746260000000000048e+02	0.000000000000000000e+00	0.000000000000000000e+00	0.000000000000000000e+00	0.000000000000000000e+00
1.924849000000000387e+01	1.225000999999999962e+01	1.735120000000000005e+02	0.000000000000000000e+00	0.000000000000000000e+00	0.000000000000000000e+00	0.000000000000000000e+00
1.974849000000000387e+01	1.225000999999999962e+01	1.734900000000000091e+02	0.000000000000000000e+00	0.000000000000000000e+00	0.000000000000000000e+00	0.000000000000000000e+00
1.024849000000000032e+01	1.275001000000000140e+01	3.153800000000000026e+01	0.000000000000000000e+00	0.000000000000000000e+00	0.000000000000000000e+00	0.000000000000000000e+00
1.074849000000000032e+01	1.275001000000000140e+01	4.267399999999999949e+01	0.000000000000000000e+00	0.000000000000000000e+00	0.000000000000000000e+00	0.000000000000000000e+00
1.124849000000000032e+01	1.275001000000000140e+01	7.327800000000000580e+01	0.000000000000000000e+00	0.000000000000000000e+00	0.000000000000000000e+00	0.000000000000000000e+00
1.174849000000000032e+01	1.275001000000000140e+01	1.021659999999999968e+02	0.000000000000000000e+00	0.000000000000000000e+00	0.000000000000000000e+00	0.000000000000000000e+00
1.224849000000000032e+01	1.275001000000000140e+01	1.208539999999999992e+02	0.000000000000000000e+00	0.000000000000000000e+00	0.000000000000000000e+00	0.000000000000000000e+00
1.274849000000000032e+01	1.275001000000000140e+01	1.278059999999999974e+02	0.000000000000000000e+00	0.000000000000000000e+00	0.000000000000000000e+00	0.000000000000000000e+00
1.324849000000000210e+01	1.275001000000000140e+01	1.488979999999999961e+02	0.000000000000000000e+00	0.000000000000000000e+00	0.000000000000000000e+00	0.000000000000000000e+00
1.374849000000000210e+01	1.275001000000000140e+01	1.897959999999999923e+02	0.000000000000000000e+00	0.000000000000000000e+00	0.000000000000000000e+00	0.000000000000000000e+00
1.424849000000000210e+01	1.275001000000000140e+01	1.917460000000000093e+02	0.000000000000000000e+00	0.000000000000000000e+00	0.000000000000000000e+00	0.000000000000000000e+00
1.474849000000000210e+01	1.275001000000000140e+01	1.927179999999999893e+02	0.000000000000000000e+00	0.000000000000000000e+00	0.000000000000000000e+00	0.000000000000000000e+00
1.524849000000000210e+01	1.275001000000000140e+01	1.942899999999999920e+02	0.000000000000000000e+00	0.000000000000000000e+00	0.000000000000000000e+00	0.000000000000000000e+00
1.574849000000000210e+01	1.275001000000000140e+01	1.902160000000000082e+02	0.000000000000000000e+00	0.000000000000000000e+00	0.000000000000000000e+00	0.000000000000000000e+00
1.624849000000000387e+01	1.275001000000000140e+01	1.856399999999999864e+02	0.000000000000000000e+00	0.000000000000000000e+00	0.000000000000000000e+00	0.000000000000000000e+00
1.674849000000000387e+01	1.275001000000000140e+01	1.799000000000000057e+02	0.000000000000000000e+00	0.000000000000000000e+00	0.000000000000000000e+00	0.000000000000000000e+00
1.724849000000000032e+01	1.275001000000000140e+01	1.808839999999999861e+02	0.000000000000000000e+00	0.000000000000000000e+00	0.000000000000000000e+00	0.000000000000000000e+00
1.774849000000000387e+01	1.275001000000000140e+01	1.817379999999999995e+02	0.000000000000000000e+00	0.000000000000000000e+00	0.000000000000000000e+00	0.000000000000000000e+00
1.824849000000000743e+01	1.275001000000000140e+01	1.778919999999999959e+02	0.000000000000000000e+00	0.000000000000000000e+00	0.000000000000000000e+00	0.000000000000000000e+00
1.874849000000000387e+01	1.275001000000000140e+01	1.807640000000000100e+02	0.000000000000000000e+00	0.000000000000000000e+00	0.000000000000000000e+00	0.000000000000000000e+00
1.924849000000000387e+01	1.275001000000000140e+01	1.778199999999999932e+02	0.000000000000000000e+00	0.000000000000000000e+00	0.000000000000000000e+00	0.000000000000000000e+00
1.974849000000000387e+01	1.275001000000000140e+01	1.765720000000000027e+02	0.000000000000000000e+00	0.000000000000000000e+00	0.000000000000000000e+00	0.000000000000000000e+00
1.024849000000000032e+01	1.325001000000000140e+01	3.244800000000000040e+01	0.000000000000000000e+00	0.000000000000000000e+00	0.000000000000000000e+00	0.000000000000000000e+00
1.074849000000000032e+01	1.325001000000000140e+01	4.226599999999999824e+01	0.000000000000000000e+00	0.000000000000000000e+00	0.000000000000000000e+00	0.000000000000000000e+00
1.124849000000000032e+01	1.325001000000000140e+01	6.132200000000000273e+01	0.000000000000000000e+00	0.000000000000000000e+00	0.000000000000000000e+00	0.000000000000000000e+00
1.174849000000000032e+01	1.325001000000000140e+01	8.023000000000000398e+01	0.000000000000000000e+00	0.000000000000000000e+00	0.000000000000000000e+00	0.000000000000000000e+00
1.224849000000000032e+01	1.325001000000000140e+01	1.012480000000000047e+02	0.000000000000000000e+00	0.000000000000000000e+00	0.000000000000000000e+00	0.000000000000000000e+00
1.274849000000000032e+01	1.325001000000000140e+01	1.167219999999999942e+02	0.000000000000000000e+00	0.000000000000000000e+00	0.000000000000000000e+00	0.000000000000000000e+00
1.324849000000000210e+01	1.325001000000000140e+01	1.456999999999999886e+02	0.000000000000000000e+00	0.000000000000000000e+00	0.000000000000000000e+00	0.000000000000000000e+00
1.374849000000000210e+01	1.325001000000000140e+01	1.879679999999999893e+02	0.000000000000000000e+00	0.000000000000000000e+00	0.000000000000000000e+00	0.000000000000000000e+00
1.424849000000000210e+01	1.325001000000000140e+01	1.943420000000000130e+02	0.000000000000000000e+00	0.000000000000000000e+00	0.000000000000000000e+00	0.000000000000000000e+00
1.474849000000000210e+01	1.325001000000000140e+01	1.968919999999999959e+02	0.000000000000000000e+00	0.000000000000000000e+00	0.000000000000000000e+00	0.000000000000000000e+00
1.524849000000000210e+01	1.325001000000000140e+01	1.989159999999999968e+02	0.000000000000000000e+00	0.000000000000000000e+00	0.000000000000000000e+00	0.000000000000000000e+00
1.574849000000000210e+01	1.325001000000000140e+01	1.967680000000000007e+02	0.000000000000000000e+00	0.000000000000000000e+00	0.000000000000000000e+00	0.000000000000000000e+00
1.624849000000000387e+01	1.325001000000000140e+01	1.920900000000000034e+02	0.000000000000000000e+00	0.000000000000000000e+00	0.000000000000000000e+00	0.000000000000000000e+00
1.674849000000000387e+01	1.325001000000000140e+01	1.842100000000000080e+02	0.000000000000000000e+00	0.000000000000000000e+00	0.000000000000000000e+00	0.000000000000000000e+00
1.724849000000000032e+01	1.325001000000000140e+01	1.847539999999999907e+02	0.000000000000000000e+00	0.000000000000000000e+00	0.000000000000000000e+00	0.000000000000000000e+00
1.774849000000000387e+01	1.325001000000000140e+01	1.885579999999999927e+02	0.000000000000000000e+00	0.000000000000000000e+00	0.000000000000000000e+00	0.000000000000000000e+00
1.824849000000000743e+01	1.325001000000000140e+01	1.807980000000000018e+02	0.000000000000000000e+00	0.000000000000000000e+00	0.000000000000000000e+00	0.000000000000000000e+00
1.874849000000000387e+01	1.325001000000000140e+01	1.841939999999999884e+02	0.000000000000000000e+00	0.000000000000000000e+00	0.000000000000000000e+00	0.000000000000000000e+00
1.924849000000000387e+01	1.325001000000000140e+01	1.846100000000000136e+02	0.000000000000000000e+00	0.000000000000000000e+00	0.000000000000000000e+00	0.000000000000000000e+00
1.974849000000000387e+01	1.325001000000000140e+01	1.839139999999999873e+02	0.000000000000000000e+00	0.000000000000000000e+00	0.000000000000000000e+00	0.000000000000000000e+00
1.024849000000000032e+01	1.375001000000000140e+01	2.915599999999999881e+01	0.000000000000000000e+00	0.000000000000000000e+00	0.000000000000000000e+00	0.000000000000000000e+00
1.074849000000000032e+01	1.375001000000000140e+01	3.544200000000000017e+01	0.000000000000000000e+00	0.000000000000000000e+00	0.000000000000000000e+00	0.000000000000000000e+00
1.124849000000000032e+01	1.375001000000000140e+01	4.475000000000000000e+01	0.000000000000000000e+00	0.000000000000000000e+00	0.000000000000000000e+00	0.000000000000000000e+00
1.174849000000000032e+01	1.375001000000000140e+01	5.734199999999999875e+01	0.000000000000000000e+00	0.000000000000000000e+00	0.000000000000000000e+00	0.000000000000000000e+00
1.224849000000000032e+01	1.375001000000000140e+01	7.779399999999999693e+01	0.000000000000000000e+00	0.000000000000000000e+00	0.000000000000000000e+00	0.000000000000000000e+00
1.274849000000000032e+01	1.375001000000000140e+01	1.044479999999999933e+02	0.000000000000000000e+00	0.000000000000000000e+00	0.000000000000000000e+00	0.000000000000000000e+00
1.324849000000000210e+01	1.375001000000000140e+01	1.418820000000000050e+02	0.000000000000000000e+00	0.000000000000000000e+00	0.000000000000000000e+00	0.000000000000000000e+00
1.374849000000000210e+01	1.375001000000000140e+01	1.847620000000000005e+02	0.000000000000000000e+00	0.000000000000000000e+00	0.000000000000000000e+00	0.000000000000000000e+00
1.424849000000000210e+01	1.375001000000000140e+01	1.930819999999999936e+02	0.000000000000000000e+00	0.000000000000000000e+00	0.000000000000000000e+00	0.000000000000000000e+00
1.474849000000000210e+01	1.375001000000000140e+01	1.976980000000000075e+02	0.000000000000000000e+00	0.000000000000000000e+00	0.000000000000000000e+00	0.000000000000000000e+00
1.524849000000000210e+01	1.375001000000000140e+01	1.989259999999999877e+02	0.000000000000000000e+00	0.000000000000000000e+00	0.000000000000000000e+00	0.000000000000000000e+00
1.574849000000000210e+01	1.375001000000000140e+01	1.965039999999999907e+02	0.000000000000000000e+00	0.000000000000000000e+00	0.000000000000000000e+00	0.000000000000000000e+00
1.624849000000000387e+01	1.375001000000000140e+01	1.948660000000000139e+02	0.000000000000000000e+00	0.000000000000000000e+00	0.000000000000000000e+00	0.000000000000000000e+00
1.674849000000000387e+01	1.375001000000000140e+01	1.821299999999999955e+02	0.000000000000000000e+00	0.000000000000000000e+00	0.000000000000000000e+00	0.000000000000000000e+00
1.724849000000000032e+01	1.375001000000000140e+01	1.807439999999999998e+02	0.000000000000000000e+00	0.000000000000000000e+00	0.000000000000000000e+00	0.000000000000000000e+00
1.774849000000000387e+01	1.375001000000000140e+01	1.885999999999999943e+02	0.000000000000000000e+00	0.000000000000000000e+00	0.000000000000000000e+00	0.000000000000000000e+00
1.824849000000000743e+01	1.375001000000000140e+01	1.818660000000000139e+02	0.000000000000000000e+00	0.000000000000000000e+00	0.000000000000000000e+00	0.000000000000000000e+00
1.874849000000000387e+01	1.375001000000000140e+01	1.846080000000000041e+02	0.000000000000000000e+00	0.000000000000000000e+00	0.000000000000000000e+00	0.000000000000000000e+00
1.924849000000000387e+01	1.375001000000000140e+01	1.863679999999999950e+02	0.000000000000000000e+00	0.000000000000000000e+00	0.000000000000000000e+00	0.000000000000000000e+00
1.974849000000000387e+01	1.375001000000000140e+01	1.850339999999999918e+02	0.000000000000000000e+00	0.000000000000000000e+00	0.000000000000000000e+00	0.000000000000000000e+00
1.024849000000000032e+01	1.425001000000000140e+01	2.774800000000000111e+01	0.000000000000000000e+00	0.000000000000000000e+00	0.000000000000000000e+00	0.000000000000000000e+00
1.074849000000000032e+01	1.425001000000000140e+01	3.197400000000000020e+01	0.000000000000000000e+00	0.000000000000000000e+00	0.000000000000000000e+00	0.000000000000000000e+00
1.124849000000000032e+01	1.425001000000000140e+01	4.049000000000000199e+01	0.000000000000000000e+00	0.000000000000000000e+00	0.000000000000000000e+00	0.000000000000000000e+00
1.174849000000000032e+01	1.425001000000000140e+01	5.293200000000000216e+01	0.000000000000000000e+00	0.000000000000000000e+00	0.000000000000000000e+00	0.000000000000000000e+00
1.224849000000000032e+01	1.425001000000000140e+01	7.293200000000000216e+01	0.000000000000000000e+00	0.000000000000000000e+00	0.000000000000000000e+00	0.000000000000000000e+00
1.274849000000000032e+01	1.425001000000000140e+01	9.954200000000000159e+01	0.000000000000000000e+00	0.000000000000000000e+00	0.000000000000000000e+00	0.000000000000000000e+00
1.324849000000000210e+01	1.425001000000000140e+01	1.348000000000000114e+02	0.000000000000000000e+00	0.000000000000000000e+00	0.000000000000000000e+00	0.000000000000000000e+00
1.374849000000000210e+01	1.425001000000000140e+01	1.803480000000000132e+02	0.000000000000000000e+00	0.000000000000000000e+00	0.000000000000000000e+00	0.000000000000000000e+00
1.424849000000000210e+01	1.425001000000000140e+01	1.914780000000000086e+02	0.000000000000000000e+00	0.000000000000000000e+00	0.000000000000000000e+00	0.000000000000000000e+00
1.474849000000000210e+01	1.425001000000000140e+01	1.958300000000000125e+02	0.000000000000000000e+00	0.000000000000000000e+00	0.000000000000000000e+00	0.000000000000000000e+00
1.524849000000000210e+01	1.425001000000000140e+01	1.979739999999999895e+02	0.000000000000000000e+00	0.000000000000000000e+00	0.000000000000000000e+00	0.000000000000000000e+00
1.574849000000000210e+01	1.425001000000000140e+01	1.989439999999999884e+02	0.000000000000000000e+00	0.000000000000000000e+00	0.000000000000000000e+00	0.000000000000000000e+00
1.624849000000000387e+01	1.425001000000000140e+01	1.997259999999999991e+02	0.000000000000000000e+00	0.000000000000000000e+00	0.000000000000000000e+00	0.000000000000000000e+00
1.674849000000000387e+01	1.425001000000000140e+01	1.943799999999999955e+02	0.000000000000000000e+00	0.000000000000000000e+00	0.000000000000000000e+00	0.000000000000000000e+00
1.724849000000000032e+01	1.425001000000000140e+01	1.905260000000000105e+02	0.000000000000000000e+00	0.000000000000000000e+00	0.000000000000000000e+00	0.000000000000000000e+00
1.774849000000000387e+01	1.425001000000000140e+01	1.918259999999999934e+02	0.000000000000000000e+00	0.000000000000000000e+00	0.000000000000000000e+00	0.000000000000000000e+00
1.824849000000000743e+01	1.425001000000000140e+01	1.883019999999999925e+02	0.000000000000000000e+00	0.000000000000000000e+00	0.000000000000000000e+00	0.000000000000000000e+00
1.874849000000000387e+01	1.425001000000000140e+01	1.874219999999999970e+02	0.000000000000000000e+00	0.000000000000000000e+00	0.000000000000000000e+00	0.000000000000000000e+00
1.924849000000000387e+01	1.425001000000000140e+01	1.853120000000000118e+02	0.000000000000000000e+00	0.000000000000000000e+00	0.000000000000000000e+00	0.000000000000000000e+00
1.974849000000000387e+01	1.425001000000000140e+01	1.844739999999999895e+02	0.000000000000000000e+00	0.000000000000000000e+00	0.000000000000000000e+00	0.000000000000000000e+00
1.024849000000000032e+01	1.475001000000000140e+01	2.548000000000000043e+01	0.000000000000000000e+00	0.000000000000000000e+00	0.000000000000000000e+00	0.000000000000000000e+00
1.074849000000000032e+01	1.475001000000000140e+01	3.097599999999999909e+01	0.000000000000000000e+00	0.000000000000000000e+00	0.000000000000000000e+00	0.000000000000000000e+00
1.124849000000000032e+01	1.475001000000000140e+01	3.982200000000000273e+01	0.000000000000000000e+00	0.000000000000000000e+00	0.000000000000000000e+00	0.000000000000000000e+00
1.174849000000000032e+01	1.475001000000000140e+01	5.181000000000000227e+01	0.000000000000000000e+00	0.000000000000000000e+00	0.000000000000000000e+00	0.000000000000000000e+00
1.224849000000000032e+01	1.475001000000000140e+01	7.192799999999999727e+01	0.000000000000000000e+00	0.000000000000000000e+00	0.000000000000000000e+00	0.000000000000000000e+00
1.274849000000000032e+01	1.475001000000000140e+01	9.892199999999999704e+01	0.000000000000000000e+00	0.000000000000000000e+00	0.000000000000000000e+00	0.000000000000000000e+00
1.324849000000000210e+01	1.475001000000000140e+01	1.365740000000000123e+02	0.000000000000000000e+00	0.000000000000000000e+00	0.000000000000000000e+00	0.000000000000000000e+00
1.374849000000000210e+01	1.475001000000000140e+01	1.794879999999999995e+02	0.000000000000000000e+00	0.000000000000000000e+00	0.000000000000000000e+00	0.000000000000000000e+00
1.424849000000000210e+01	1.475001000000000140e+01	1.887100000000000080e+02	0.000000000000000000e+00	0.000000000000000000e+00	0.000000000000000000e+00	0.000000000000000000e+00
1.474849000000000210e+01	1.475001000000000140e+01	1.942079999999999984e+02	0.000000000000000000e+00	0.000000000000000000e+00	0.000000000000000000e+00	0.000000000000000000e+00
1.524849000000000210e+01	1.475001000000000140e+01	1.947779999999999916e+02	0.000000000000000000e+00	0.000000000000000000e+00	0.000000000000000000e+00	0.000000000000000000e+00
1.574849000000000210e+01	1.475001000000000140e+01	1.975200000000000102e+02	0.000000000000000000e+00	0.000000000000000000e+00	0.000000000000000000e+00	0.000000000000000000e+00
1.624849000000000387e+01	1.475001000000000140e+01	1.991500000000000057e+02	0.000000000000000000e+00	0.000000000000000000e+00	0.000000000000000000e+00	0.000000000000000000e+00
1.674849000000000387e+01	1.475001000000000140e+01	1.989780000000000086e+02	0.000000000000000000e+00	0.000000000000000000e+00	0.000000000000000000e+00	0.000000000000000000e+00
1.724849000000000032e+01	1.475001000000000140e+01	1.967239999999999895e+02	0.000000000000000000e+00	0.000000000000000000e+00	0.000000000000000000e+00	0.000000000000000000e+00
1.774849000000000387e+01	1.475001000000000140e+01	1.908340000000000032e+02	0.000000000000000000e+00	0.000000000000000000e+00	0.000000000000000000e+00	0.000000000000000000e+00
1.824849000000000743e+01	1.475001000000000140e+01	1.867779999999999916e+02	0.000000000000000000e+00	0.000000000000000000e+00	0.000000000000000000e+00	0.000000000000000000e+00
1.874849000000000387e+01	1.475001000000000140e+01	1.843799999999999955e+02	0.000000000000000000e+00	0.000000000000000000e+00	0.000000000000000000e+00	0.000000000000000000e+00
1.924849000000000387e+01	1.475001000000000140e+01	1.826639999999999873e+02	0.000000000000000000e+00	0.000000000000000000e+00	0.000000000000000000e+00	0.000000000000000000e+00
1.974849000000000387e+01	1.475001000000000140e+01	1.813280000000000030e+02	0.000000000000000000e+00	0.000000000000000000e+00	0.000000000000000000e+00	0.000000000000000000e+00
1.024849000000000032e+01	1.525001000000000140e+01	2.350000000000000000e+01	0.000000000000000000e+00	0.000000000000000000e+00	0.000000000000000000e+00	0.000000000000000000e+00
1.074849000000000032e+01	1.525001000000000140e+01	2.846600000000000108e+01	0.000000000000000000e+00	0.000000000000000000e+00	0.000000000000000000e+00	0.000000000000000000e+00
1.124849000000000032e+01	1.525001000000000140e+01	3.635199999999999676e+01	0.000000000000000000e+00	0.000000000000000000e+00	0.000000000000000000e+00	0.000000000000000000e+00
1.174849000000000032e+01	1.525001000000000140e+01	4.757600000000000051e+01	0.000000000000000000e+00	0.000000000000000000e+00	0.000000000000000000e+00	0.000000000000000000e+00
1.224849000000000032e+01	1.525001000000000140e+01	6.766400000000000148e+01	0.000000000000000000e+00	0.000000000000000000e+00	0.000000000000000000e+00	0.000000000000000000e+00
1.274849000000000032e+01	1.525001000000000140e+01	9.474399999999999977e+01	0.000000000000000000e+00	0.000000000000000000e+00	0.000000000000000000e+00	0.000000000000000000e+00
1.324849000000000210e+01	1.525001000000000140e+01	1.310939999999999941e+02	0.000000000000000000e+00	0.000000000000000000e+00	0.000000000000000000e+00	0.000000000000000000e+00
1.374849000000000210e+01	1.525001000000000140e+01	1.756920000000000073e+02	0.000000000000000000e+00	0.000000000000000000e+00	0.000000000000000000e+00	0.000000000000000000e+00
1.424849000000000210e+01	1.525001000000000140e+01	1.869480000000000075e+02	0.000000000000000000e+00	0.000000000000000000e+00	0.000000000000000000e+00	0.000000000000000000e+00
1.474849000000000210e+01	1.525001000000000140e+01	1.896599999999999966e+02	0.000000000000000000e+00	0.000000000000000000e+00	0.000000000000000000e+00	0.000000000000000000e+00
1.524849000000000210e+01	1.525001000000000140e+01	1.895360000000000014e+02	0.000000000000000000e+00	0.000000000000000000e+00	0.000000000000000000e+00	0.000000000000000000e+00
1.574849000000000210e+01	1.525001000000000140e+01	1.896959999999999980e+02	0.000000000000000000e+00	0.000000000000000000e+00	0.000000000000000000e+00	0.000000000000000000e+00
1.624849000000000387e+01	1.525001000000000140e+01	1.911680000000000064e+02	0.000000000000000000e+00	0.000000000000000000e+00	0.000000000000000000e+00	0.000000000000000000e+00
1.674849000000000387e+01	1.525001000000000140e+01	1.963720000000000141e+02	0.000000000000000000e+00	0.000000000000000000e+00	0.000000000000000000e+00	0.000000000000000000e+00
1.724849000000000032e+01	1.525001000000000140e+01	2.004319999999999879e+02	0.000000000000000000e+00	0.000000000000000000e+00	0.000000000000000000e+00	0.000000000000000000e+00
1.774849000000000387e+01	1.525001000000000140e+01	1.959639999999999986e+02	0.000000000000000000e+00	0.000000000000000000e+00	0.000000000000000000e+00	0.000000000000000000e+00
1.824849000000000743e+01	1.525001000000000140e+01	1.833139999999999930e+02	0.000000000000000000e+00	0.000000000000000000e+00	0.000000000000000000e+00	0.000000000000000000e+00
1.874849000000000387e+01	1.525001000000000140e+01	1.827139999999999986e+02	0.000000000000000000e+00	0.000000000000000000e+00	0.000000000000000000e+00	0.000000000000000000e+00
1.924849000000000387e+01	1.525001000000000140e+01	1.803739999999999952e+02	0.000000000000000000e+00	0.000000000000000000e+00	0.000000000000000000e+00	0.000000000000000000e+00
1.974849000000000387e+01	1.525001000000000140e+01	1.792259999999999991e+02	0.000000000000000000e+00	0.000000000000000000e+00	0.000000000000000000e+00	0.000000000000000000e+00
1.024849000000000032e+01	1.575001000000000495e+01	2.124399999999999977e+01	0.000000000000000000e+00	0.000000000000000000e+00	0.000000000000000000e+00	0.000000000000000000e+00
1.074849000000000032e+01	1.575001000000000495e+01	2.581599999999999895e+01	0.000000000000000000e+00	0.000000000000000000e+00	0.000000000000000000e+00	0.000000000000000000e+00
1.124849000000000032e+01	1.575001000000000495e+01	3.413799999999999812e+01	0.000000000000000000e+00	0.000000000000000000e+00	0.000000000000000000e+00	0.000000000000000000e+00
1.174849000000000032e+01	1.575001000000000495e+01	4.571600000000000108e+01	0.000000000000000000e+00	0.000000000000000000e+00	0.000000000000000000e+00	0.000000000000000000e+00
1.224849000000000032e+01	1.575001000000000495e+01	6.597799999999999443e+01	0.000000000000000000e+00	0.000000000000000000e+00	0.000000000000000000e+00	0.000000000000000000e+00
1.274849000000000032e+01	1.575001000000000495e+01	9.324800000000000466e+01	0.000000000000000000e+00	0.000000000000000000e+00	0.000000000000000000e+00	0.000000000000000000e+00
1.324849000000000210e+01	1.575001000000000495e+01	1.282500000000000000e+02	0.000000000000000000e+00	0.000000000000000000e+00	0.000000000000000000e+00	0.000000000000000000e+00
1.374849000000000210e+01	1.575001000000000495e+01	1.681659999999999968e+02	0.000000000000000000e+00	0.000000000000000000e+00	0.000000000000000000e+00	0.000000000000000000e+00
1.424849000000000210e+01	1.575001000000000495e+01	1.805480000000000018e+02	0.000000000000000000e+00	0.000000000000000000e+00	0.000000000000000000e+00	0.000000000000000000e+00
1.474849000000000210e+01	1.575001000000000495e+01	1.844279999999999973e+02	0.000000000000000000e+00	0.000000000000000000e+00	0.000000000000000000e+00	0.000000000000000000e+00
1.524849000000000210e+01	1.575001000000000495e+01	1.847800000000000011e+02	0.000000000000000000e+00	0.000000000000000000e+00	0.000000000000000000e+00	0.000000000000000000e+00
1.574849000000000210e+01	1.575001000000000495e+01	1.843600000000000136e+02	0.000000000000000000e+00	0.000000000000000000e+00	0.000000000000000000e+00	0.000000000000000000e+00
1.624849000000000387e+01	1.575001000000000495e+01	1.835440000000000111e+02	0.000000000000000000e+00	0.000000000000000000e+00	0.000000000000000000e+00	0.000000000000000000e+00
1.674849000000000387e+01	1.575001000000000495e+01	1.948520000000000039e+02	0.000000000000000000e+00	0.000000000000000000e+00	0.000000000000000000e+00	0.000000000000000000e+00
1.724849000000000032e+01	1.575001000000000495e+01	1.966519999999999868e+02	0.000000000000000000e+00	0.000000000000000000e+00	0.000000000000000000e+00	0.000000000000000000e+00
1.774849000000000387e+01	1.575001000000000495e+01	1.924739999999999895e+02	0.000000000000000000e+00	0.000000000000000000e+00	0.000000000000000000e+00	0.000000000000000000e+00
1.824849000000000743e+01	1.575001000000000495e+01	1.814900000000000091e+02	0.000000000000000000e+00	0.000000000000000000e+00	0.000000000000000000e+00	0.000000000000000000e+00
1.874849000000000387e+01	1.575001000000000495e+01	1.781560000000000059e+02	0.000000000000000000e+00	0.000000000000000000e+00	0.000000000000000000e+00	0.000000000000000000e+00
1.924849000000000387e+01	1.575001000000000495e+01	1.779979999999999905e+02	0.000000000000000000e+00	0.000000000000000000e+00	0.000000000000000000e+00	0.000000000000000000e+00
1.974849000000000387e+01	1.575001000000000495e+01	1.777800000000000011e+02	0.000000000000000000e+00	0.000000000000000000e+00	0.000000000000000000e+00	0.000000000000000000e+00
1.024849000000000032e+01	1.625001000000000317e+01	1.883999999999999986e+01	0.000000000000000000e+00	0.000000000000000000e+00	0.000000000000000000e+00	0.000000000000000000e+00
1.074849000000000032e+01	1.625001000000000317e+01	2.257000000000000028e+01	0.000000000000000000e+00	0.000000000000000000e+00	0.000000000000000000e+00	0.000000000000000000e+00
1.124849000000000032e+01	1.625001000000000317e+01	3.125600000000000023e+01	0.000000000000000000e+00	0.000000000000000000e+00	0.000000000000000000e+00	0.000000000000000000e+00
1.174849000000000032e+01	1.625001000000000317e+01	4.194800000000000040e+01	0.000000000000000000e+00	0.000000000000000000e+00	0.000000000000000000e+00	0.000000000000000000e+00
1.224849000000000032e+01	1.625001000000000317e+01	6.370000000000000284e+01	0.000000000000000000e+00	0.000000000000000000e+00	0.000000000000000000e+00	0.000000000000000000e+00
1.274849000000000032e+01	1.625001000000000317e+01	9.047799999999999443e+01	0.000000000000000000e+00	0.000000000000000000e+00	0.000000000000000000e+00	0.000000000000000000e+00
1.324849000000000210e+01	1.625001000000000317e+01	1.265900000000000034e+02	0.000000000000000000e+00	0.000000000000000000e+00	0.000000000000000000e+00	0.000000000000000000e+00
1.374849000000000210e+01	1.625001000000000317e+01	1.672280000000000086e+02	0.000000000000000000e+00	0.000000000000000000e+00	0.000000000000000000e+00	0.000000000000000000e+00
1.424849000000000210e+01	1.625001000000000317e+01	1.743779999999999859e+02	0.000000000000000000e+00	0.000000000000000000e+00	0.000000000000000000e+00	0.000000000000000000e+00
1.474849000000000210e+01	1.625001000000000317e+01	1.781759999999999877e+02	0.000000000000000000e+00	0.000000000000000000e+00	0.000000000000000000e+00	0.000000000000000000e+00
1.524849000000000210e+01	1.625001000000000317e+01	1.761539999999999964e+02	0.000000000000000000e+00	0.000000000000000000e+00	0.000000000000000000e+00	0.000000000000000000e+00
1.574849000000000210e+01	1.625001000000000317e+01	1.776200000000000045e+02	0.000000000000000000e+00	0.000000000000000000e+00	0.000000000000000000e+00	0.000000000000000000e+00
1.624849000000000387e+01	1.625001000000000317e+01	1.773180000000000121e+02	0.000000000000000000e+00	0.000000000000000000e+00	0.000000000000000000e+00	0.000000000000000000e+00
1.674849000000000387e+01	1.625001000000000317e+01	1.846459999999999866e+02	0.000000000000000000e+00	0.000000000000000000e+00	0.000000000000000000e+00	0.000000000000000000e+00
1.724849000000000032e+01	1.625001000000000317e+01	1.938199999999999932e+02	0.000000000000000000e+00	0.000000000000000000e+00	0.000000000000000000e+00	0.000000000000000000e+00
1.774849000000000387e+01	1.625001000000000317e+01	1.835639999999999930e+02	0.000000000000000000e+00	0.000000000000000000e+00	0.000000000000000000e+00	0.000000000000000000e+00
1.824849000000000743e+01	1.625001000000000317e+01	1.730900000000000034e+02	0.000000000000000000e+00	0.000000000000000000e+00	0.000000000000000000e+00	0.000000000000000000e+00
1.874849000000000387e+01	1.625001000000000317e+01	1.755960000000000036e+02	0.000000000000000000e+00	0.000000000000000000e+00	0.000000000000000000e+00	0.000000000000000000e+00
1.924849000000000387e+01	1.625001000000000317e+01	1.732319999999999993e+02	0.000000000000000000e+00	0.000000000000000000e+00	0.000000000000000000e+00	0.000000000000000000e+00
1.974849000000000387e+01	1.625001000000000317e+01	1.727539999999999907e+02	0.000000000000000000e+00	0.000000000000000000e+00	0.000000000000000000e+00	0.000000000000000000e+00
1.024849000000000032e+01	1.675000999999999962e+01	1.583999999999999986e+01	0.000000000000000000e+00	0.000000000000000000e+00	0.000000000000000000e+00	0.000000000000000000e+00
1.074849000000000032e+01	1.675000999999999962e+01	1.892800000000000082e+01	0.000000000000000000e+00	0.000000000000000000e+00	0.000000000000000000e+00	0.000000000000000000e+00
1.124849000000000032e+01	1.675000999999999962e+01	2.526000000000000156e+01	0.000000000000000000e+00	0.000000000000000000e+00	0.000000000000000000e+00	0.000000000000000000e+00
1.174849000000000032e+01	1.675000999999999962e+01	3.620000000000000284e+01	0.000000000000000000e+00	0.000000000000000000e+00	0.000000000000000000e+00	0.000000000000000000e+00
1.224849000000000032e+01	1.675000999999999962e+01	5.828199999999999648e+01	0.000000000000000000e+00	0.000000000000000000e+00	0.000000000000000000e+00	0.000000000000000000e+00
1.274849000000000032e+01	1.675000999999999962e+01	8.359600000000000364e+01	0.000000000000000000e+00	0.000000000000000000e+00	0.000000000000000000e+00	0.000000000000000000e+00
1.324849000000000210e+01	1.675000999999999962e+01	1.190639999999999930e+02	0.000000000000000000e+00	0.000000000000000000e+00	0.000000000000000000e+00	0.000000000000000000e+00
1.374849000000000210e+01	1.675000999999999962e+01	1.587179999999999893e+02	0.000000000000000000e+00	0.000000000000000000e+00	0.000000000000000000e+00	0.000000000000000000e+00
1.424849000000000210e+01	1.675000999999999962e+01	1.660399999999999920e+02	0.000000000000000000e+00	0.000000000000000000e+00	0.000000000000000000e+00	0.000000000000000000e+00
1.474849000000000210e+01	1.675000999999999962e+01	1.676399999999999864e+02	0.000000000000000000e+00	0.000000000000000000e+00	0.000000000000000000e+00	0.000000000000000000e+00
1.524849000000000210e+01	1.675000999999999962e+01	1.695759999999999934e+02	0.000000000000000000e+00	0.000000000000000000e+00	0.000000000000000000e+00	0.000000000000000000e+00
1.574849000000000210e+01	1.675000999999999962e+01	1.684180000000000064e+02	0.000000000000000000e+00	0.000000000000000000e+00	0.000000000000000000e+00	0.000000000000000000e+00
1.624849000000000387e+01	1.675000999999999962e+01	1.643540000000000134e+02	0.000000000000000000e+00	0.000000000000000000e+00	0.000000000000000000e+00	0.000000000000000000e+00
1.674849000000000387e+01	1.675000999999999962e+01	1.658340000000000032e+02	0.000000000000000000e+00	0.000000000000000000e+00	0.000000000000000000e+00	0.000000000000000000e+00
1.724849000000000032e+01	1.675000999999999962e+01	1.726339999999999861e+02	0.000000000000000000e+00	0.000000000000000000e+00	0.000000000000000000e+00	0.000000000000000000e+00
1.774849000000000387e+01	1.675000999999999962e+01	1.714819999999999993e+02	0.000000000000000000e+00	0.000000000000000000e+00	0.000000000000000000e+00	0.000000000000000000e+00
1.824849000000000743e+01	1.675000999999999962e+01	1.685180000000000007e+02	0.000000000000000000e+00	0.000000000000000000e+00	0.000000000000000000e+00	0.000000000000000000e+00
1.874849000000000387e+01	1.675000999999999962e+01	1.677899999999999920e+02	0.000000000000000000e+00	0.000000000000000000e+00	0.000000000000000000e+00	0.000000000000000000e+00
1.924849000000000387e+01	1.675000999999999962e+01	1.681040000000000134e+02	0.000000000000000000e+00	0.000000000000000000e+00	0.000000000000000000e+00	0.000000000000000000e+00
1.974849000000000387e+01	1.675000999999999962e+01	1.687599999999999909e+02	0.000000000000000000e+00	0.000000000000000000e+00	0.000000000000000000e+00	0.000000000000000000e+00
1.024849000000000032e+01	1.725001000000000317e+01	1.399399999999999977e+01	0.000000000000000000e+00	0.000000000000000000e+00	0.000000000000000000e+00	0.000000000000000000e+00
1.074849000000000032e+01	1.725001000000000317e+01	1.575999999999999979e+01	0.000000000000000000e+00	0.000000000000000000e+00	0.000000000000000000e+00	0.000000000000000000e+00
1.124849000000000032e+01	1.725001000000000317e+01	2.152199999999999847e+01	0.000000000000000000e+00	0.000000000000000000e+00	0.000000000000000000e+00	0.000000000000000000e+00
1.174849000000000032e+01	1.725001000000000317e+01	2.950799999999999912e+01	0.000000000000000000e+00	0.000000000000000000e+00	0.000000000000000000e+00	0.000000000000000000e+00
1.224849000000000032e+01	1.725001000000000317e+01	4.947800000000000153e+01	0.000000000000000000e+00	0.000000000000000000e+00	0.000000000000000000e+00	0.000000000000000000e+00
1.274849000000000032e+01	1.725001000000000317e+01	7.665999999999999659e+01	0.000000000000000000e+00	0.000000000000000000e+00	0.000000000000000000e+00	0.000000000000000000e+00
1.324849000000000210e+01	1.725001000000000317e+01	1.125799999999999983e+02	0.000000000000000000e+00	0.000000000000000000e+00	0.000000000000000000e+00	0.000000000000000000e+00
1.374849000000000210e+01	1.725001000000000317e+01	1.493379999999999939e+02	0.000000000000000000e+00	0.000000000000000000e+00	0.000000000000000000e+00	0.000000000000000000e+00
1.424849000000000210e+01	1.725001000000000317e+01	1.573120000000000118e+02	0.000000000000000000e+00	0.000000000000000000e+00	0.000000000000000000e+00	0.000000000000000000e+00
1.474849000000000210e+01	1.725001000000000317e+01	1.596659999999999968e+02	0.000000000000000000e+00	0.000000000000000000e+00	0.000000000000000000e+00	0.000000000000000000e+00
1.524849000000000210e+01	1.725001000000000317e+01	1.586299999999999955e+02	0.000000000000000000e+00	0.000000000000000000e+00	0.000000000000000000e+00	0.000000000000000000e+00
1.574849000000000210e+01	1.725001000000000317e+01	1.586839999999999975e+02	0.000000000000000000e+00	0.000000000000000000e+00	0.000000000000000000e+00	0.000000000000000000e+00
1.624849000000000387e+01	1.725001000000000317e+01	1.559819999999999993e+02	0.000000000000000000e+00	0.000000000000000000e+00	0.000000000000000000e+00	0.000000000000000000e+00
1.674849000000000387e+01	1.725001000000000317e+01	1.558520000000000039e+02	0.000000000000000000e+00	0.000000000000000000e+00	0.000000000000000000e+00	0.000000000000000000e+00
1.724849000000000032e+01	1.725001000000000317e+01	1.600420000000000016e+02	0.000000000000000000e+00	0.000000000000000000e+00	0.000000000000000000e+00	0.000000000000000000e+00
1.774849000000000387e+01	1.725001000000000317e+01	1.610099999999999909e+02	0.000000000000000000e+00	0.000000000000000000e+00	0.000000000000000000e+00	0.000000000000000000e+00
1.824849000000000743e+01	1.725001000000000317e+01	1.611419999999999959e+02	0.000000000000000000e+00	0.000000000000000000e+00	0.000000000000000000e+00	0.000000000000000000e+00
1.874849000000000387e+01	1.725001000000000317e+01	1.623779999999999859e+02	0.000000000000000000e+00	0.000000000000000000e+00	0.000000000000000000e+00	0.000000000000000000e+00
1.924849000000000387e+01	1.725001000000000317e+01	1.631399999999999864e+02	0.000000000000000000e+00	0.000000000000000000e+00	0.000000000000000000e+00	0.000000000000000000e+00
1.974849000000000387e+01	1.725001000000000317e+01	1.641579999999999870e+02	0.000000000000000000e+00	0.000000000000000000e+00	0.000000000000000000e+00	0.000000000000000000e+00
1.024849000000000032e+01	1.775001000000000673e+01	1.227399999999999913e+01	0.000000000000000000e+00	0.000000000000000000e+00	0.000000000000000000e+00	0.000000000000000000e+00
1.074849000000000032e+01	1.775001000000000673e+01	1.371199999999999974e+01	0.000000000000000000e+00	0.000000000000000000e+00	0.000000000000000000e+00	0.000000000000000000e+00
1.124849000000000032e+01	1.775001000000000673e+01	1.805199999999999960e+01	0.000000000000000000e+00	0.000000000000000000e+00	0.000000000000000000e+00	0.000000000000000000e+00
1.174849000000000032e+01	1.775001000000000673e+01	2.401800000000000068e+01	0.000000000000000000e+00	0.000000000000000000e+00	0.000000000000000000e+00	0.000000000000000000e+00
1.224849000000000032e+01	1.775001000000000673e+01	3.905400000000000205e+01	0.000000000000000000e+00	0.000000000000000000e+00	0.000000000000000000e+00	0.000000000000000000e+00
1.274849000000000032e+01	1.775001000000000673e+01	6.554999999999999716e+01	0.000000000000000000e+00	0.000000000000000000e+00	0.000000000000000000e+00	0.000000000000000000e+00
1.324849000000000210e+01	1.775001000000000673e+01	9.954999999999999716e+01	0.000000000000000000e+00	0.000000000000000000e+00	0.000000000000000000e+00	0.000000000000000000e+00
1.374849000000000210e+01	1.775001000000000673e+01	1.322379999999999995e+02	0.000000000000000000e+00	0.000000000000000000e+00	0.000000000000000000e+00	0.000000000000000000e+00
1.424849000000000210e+01	1.775001000000000673e+01	1.442779999999999916e+02	0.000000000000000000e+00	0.000000000000000000e+00	0.000000000000000000e+00	0.000000000000000000e+00
1.474849000000000210e+01	1.775001000000000673e+01	1.482779999999999916e+02	0.000000000000000000e+00	0.000000000000000000e+00	0.000000000000000000e+00	0.000000000000000000e+00
1.524849000000000210e+01	1.775001000000000673e+01	1.468420000000000130e+02	0.000000000000000000e+00	0.000000000000000000e+00	0.000000000000000000e+00	0.000000000000000000e+00
1.574849000000000210e+01	1.775001000000000673e+01	1.442920000000000016e+02	0.000000000000000000e+00	0.000000000000000000e+00	0.000000000000000000e+00	0.000000000000000000e+00
1.624849000000000387e+01	1.775001000000000673e+01	1.402899999999999920e+02	0.000000000000000000e+00	0.000000000000000000e+00	0.000000000000000000e+00	0.000000000000000000e+00
1.674849000000000387e+01	1.775001000000000673e+01	1.381080000000000041e+02	0.000000000000000000e+00	0.000000000000000000e+00	0.000000000000000000e+00	0.000000000000000000e+00
1.724849000000000032e+01	1.775001000000000673e+01	1.428220000000000027e+02	0.000000000000000000e+00	0.000000000000000000e+00	0.000000000000000000e+00	0.000000000000000000e+00
1.774849000000000387e+01	1.775001000000000673e+01	1.485440000000000111e+02	0.000000000000000000e+00	0.000000000000000000e+00	0.000000000000000000e+00	0.000000000000000000e+00
1.824849000000000743e+01	1.775001000000000673e+01	1.484759999999999991e+02	0.000000000000000000e+00	0.000000000000000000e+00	0.000000000000000000e+00	0.000000000000000000e+00
1.874849000000000387e+01	1.775001000000000673e+01	1.516599999999999966e+02	0.000000000000000000e+00	0.000000000000000000e+00	0.000000000000000000e+00	0.000000000000000000e+00
1.924849000000000387e+01	1.775001000000000673e+01	1.522800000000000011e+02	0.000000000000000000e+00	0.000000000000000000e+00	0.000000000000000000e+00	0.000000000000000000e+00
1.974849000000000387e+01	1.775001000000000673e+01	1.556579999999999870e+02	0.000000000000000000e+00	0.000000000000000000e+00	0.000000000000000000e+00	0.000000000000000000e+00
1.024849000000000032e+01	1.825001000000000317e+01	1.080799999999999983e+01	0.000000000000000000e+00	0.000000000000000000e+00	0.000000000000000000e+00	0.000000000000000000e+00
1.074849000000000032e+01	1.825001000000000317e+01	1.231199999999999939e+01	0.000000000000000000e+00	0.000000000000000000e+00	0.000000000000000000e+00	0.000000000000000000e+00
1.124849000000000032e+01	1.825001000000000317e+01	1.566799999999999926e+01	0.000000000000000000e+00	0.000000000000000000e+00	0.000000000000000000e+00	0.000000000000000000e+00
1.174849000000000032e+01	1.825001000000000317e+01	2.196999999999999886e+01	0.000000000000000000e+00	0.000000000000000000e+00	0.000000000000000000e+00	0.000000000000000000e+00
1.224849000000000032e+01	1.825001000000000317e+01	3.164799999999999969e+01	0.000000000000000000e+00	0.000000000000000000e+00	0.000000000000000000e+00	0.000000000000000000e+00
1.274849000000000032e+01	1.825001000000000317e+01	5.491599999999999682e+01	0.000000000000000000e+00	0.000000000000000000e+00	0.000000000000000000e+00	0.000000000000000000e+00
1.324849000000000210e+01	1.825001000000000317e+01	8.320600000000000307e+01	0.000000000000000000e+00	0.000000000000000000e+00	0.000000000000000000e+00	0.000000000000000000e+00
1.374849000000000210e+01	1.825001000000000317e+01	1.105759999999999934e+02	0.000000000000000000e+00	0.000000000000000000e+00	0.000000000000000000e+00	0.000000000000000000e+00
1.424849000000000210e+01	1.825001000000000317e+01	1.246140000000000043e+02	0.000000000000000000e+00	0.000000000000000000e+00	0.000000000000000000e+00	0.000000000000000000e+00
1.474849000000000210e+01	1.825001000000000317e+01	1.275960000000000036e+02	0.000000000000000000e+00	0.000000000000000000e+00	0.000000000000000000e+00	0.000000000000000000e+00
1.524849000000000210e+01	1.825001000000000317e+01	1.243119999999999976e+02	0.000000000000000000e+00	0.000000000000000000e+00	0.000000000000000000e+00	0.000000000000000000e+00
1.574849000000000210e+01	1.825001000000000317e+01	1.203319999999999936e+02	0.000000000000000000e+00	0.000000000000000000e+00	0.000000000000000000e+00	0.000000000000000000e+00
1.624849000000000387e+01	1.825001000000000317e+01	1.169399999999999977e+02	0.000000000000000000e+00	0.000000000000000000e+00	0.000000000000000000e+00	0.000000000000000000e+00
1.674849000000000387e+01	1.825001000000000317e+01	1.195879999999999939e+02	0.000000000000000000e+00	0.000000000000000000e+00	0.000000000000000000e+00	0.000000000000000000e+00
1.724849000000000032e+01	1.825001000000000317e+01	1.227900000000000063e+02	0.000000000000000000e+00	0.000000000000000000e+00	0.000000000000000000e+00	0.000000000000000000e+00
1.774849000000000387e+01	1.825001000000000317e+01	1.273780000000000001e+02	0.000000000000000000e+00	0.000000000000000000e+00	0.000000000000000000e+00	0.000000000000000000e+00
1.824849000000000743e+01	1.825001000000000317e+01	1.282079999999999984e+02	0.000000000000000000e+00	0.000000000000000000e+00	0.000000000000000000e+00	0.000000000000000000e+00
1.874849000000000387e+01	1.825001000000000317e+01	1.312319999999999993e+02	0.000000000000000000e+00	0.000000000000000000e+00	0.000000000000000000e+00	0.000000000000000000e+00
1.924849000000000387e+01	1.825001000000000317e+01	1.311839999999999975e+02	0.000000000000000000e+00	0.000000000000000000e+00	0.000000000000000000e+00	0.000000000000000000e+00
1.974849000000000387e+01	1.825001000000000317e+01	1.341579999999999870e+02	0.000000000000000000e+00	0.000000000000000000e+00	0.000000000000000000e+00	0.000000000000000000e+00
1.024849000000000032e+01	1.875001000000000317e+01	9.289999999999999147e+00	0.000000000000000000e+00	0.000000000000000000e+00	0.000000000000000000e+00	0.000000000000000000e+00
1.074849000000000032e+01	1.875001000000000317e+01	1.060999999999999943e+01	0.000000000000000000e+00	0.000000000000000000e+00	0.000000000000000000e+00	0.000000000000000000e+00
1.124849000000000032e+01	1.875001000000000317e+01	1.334200000000000053e+01	0.000000000000000000e+00	0.000000000000000000e+00	0.000000000000000000e+00	0.000000000000000000e+00
1.174849000000000032e+01	1.875001000000000317e+01	1.869600000000000151e+01	0.000000000000000000e+00	0.000000000000000000e+00	0.000000000000000000e+00	0.000000000000000000e+00
1.224849000000000032e+01	1.875001000000000317e+01	2.543199999999999861e+01	0.000000000000000000e+00	0.000000000000000000e+00	0.000000000000000000e+00	0.000000000000000000e+00
1.274849000000000032e+01	1.875001000000000317e+01	4.425399999999999778e+01	0.000000000000000000e+00	0.000000000000000000e+00	0.000000000000000000e+00	0.000000000000000000e+00
1.324849000000000210e+01	1.875001000000000317e+01	7.348999999999999488e+01	0.000000000000000000e+00	0.000000000000000000e+00	0.000000000000000000e+00	0.000000000000000000e+00
1.374849000000000210e+01	1.875001000000000317e+01	1.008419999999999987e+02	0.000000000000000000e+00	0.000000000000000000e+00	0.000000000000000000e+00	0.000000000000000000e+00
1.424849000000000210e+01	1.875001000000000317e+01	1.189719999999999942e+02	0.000000000000000000e+00	0.000000000000000000e+00	0.000000000000000000e+00	0.000000000000000000e+00
1.474849000000000210e+01	1.875001000000000317e+01	1.165300000000000011e+02	0.000000000000000000e+00	0.000000000000000000e+00	0.000000000000000000e+00	0.000000000000000000e+00
1.524849000000000210e+01	1.875001000000000317e+01	1.130619999999999976e+02	0.000000000000000000e+00	0.000000000000000000e+00	0.000000000000000000e+00	0.000000000000000000e+00
1.574849000000000210e+01	1.875001000000000317e+01	1.088160000000000025e+02	0.000000000000000000e+00	0.000000000000000000e+00	0.000000000000000000e+00	0.000000000000000000e+00
1.624849000000000387e+01	1.875001000000000317e+01	1.047600000000000051e+02	0.000000000000000000e+00	0.000000000000000000e+00	0.000000000000000000e+00	0.000000000000000000e+00
1.674849000000000387e+01	1.875001000000000317e+01	1.019419999999999931e+02	0.000000000000000000e+00	0.000000000000000000e+00	0.000000000000000000e+00	0.000000000000000000e+00
1.724849000000000032e+01	1.875001000000000317e+01	1.013799999999999955e+02	0.000000000000000000e+00	0.000000000000000000e+00	0.000000000000000000e+00	0.000000000000000000e+00
1.774849000000000387e+01	1.875001000000000317e+01	1.137199999999999989e+02	0.000000000000000000e+00	0.000000000000000000e+00	0.000000000000000000e+00	0.000000000000000000e+00
1.824849000000000743e+01	1.875001000000000317e+01	1.254360000000000070e+02	0.000000000000000000e+00	0.000000000000000000e+00	0.000000000000000000e+00	0.000000000000000000e+00
1.874849000000000387e+01	1.875001000000000317e+01	1.238340000000000032e+02	0.000000000000000000e+00	0.000000000000000000e+00	0.000000000000000000e+00	0.000000000000000000e+00
1.924849000000000387e+01	1.875001000000000317e+01	1.263220000000000027e+02	0.000000000000000000e+00	0.000000000000000000e+00	0.000000000000000000e+00	0.000000000000000000e+00
1.974849000000000387e+01	1.875001000000000317e+01	1.310639999999999930e+02	0.000000000000000000e+00	0.000000000000000000e+00	0.000000000000000000e+00	0.000000000000000000e+00
1.024849000000000032e+01	1.925001000000000317e+01	8.098000000000000753e+00	0.000000000000000000e+00	0.000000000000000000e+00	0.000000000000000000e+00	0.000000000000000000e+00
1.074849000000000032e+01	1.925001000000000317e+01	8.624000000000000554e+00	0.000000000000000000e+00	0.000000000000000000e+00	0.000000000000000000e+00	0.000000000000000000e+00
1.124849000000000032e+01	1.925001000000000317e+01	1.023000000000000043e+01	0.000000000000000000e+00	0.000000000000000000e+00	0.000000000000000000e+00	0.000000000000000000e+00
1.174849000000000032e+01	1.925001000000000317e+01	1.298399999999999999e+01	0.000000000000000000e+00	0.000000000000000000e+00	0.000000000000000000e+00	0.000000000000000000e+00
1.224849000000000032e+01	1.925001000000000317e+01	1.587400000000000055e+01	0.000000000000000000e+00	0.000000000000000000e+00	0.000000000000000000e+00	0.000000000000000000e+00
1.274849000000000032e+01	1.925001000000000317e+01	2.016600000000000037e+01	0.000000000000000000e+00	0.000000000000000000e+00	0.000000000000000000e+00	0.000000000000000000e+00
1.324849000000000210e+01	1.925001000000000317e+01	3.270400000000000063e+01	0.000000000000000000e+00	0.000000000000000000e+00	0.000000000000000000e+00	0.000000000000000000e+00
1.374849000000000210e+01	1.925001000000000317e+01	4.453799999999999670e+01	0.000000000000000000e+00	0.000000000000000000e+00	0.000000000000000000e+00	0.000000000000000000e+00
1.424849000000000210e+01	1.925001000000000317e+01	5.260199999999999676e+01	0.000000000000000000e+00	0.000000000000000000e+00	0.000000000000000000e+00	0.000000000000000000e+00
1.474849000000000210e+01	1.925001000000000317e+01	5.375000000000000000e+01	0.000000000000000000e+00	0.000000000000000000e+00	0.000000000000000000e+00	0.000000000000000000e+00
1.524849000000000210e+01	1.925001000000000317e+01	5.361999999999999744e+01	0.000000000000000000e+00	0.000000000000000000e+00	0.000000000000000000e+00	0.000000000000000000e+00
1.574849000000000210e+01	1.925001000000000317e+01	5.305400000000000205e+01	0.000000000000000000e+00	0.000000000000000000e+00	0.000000000000000000e+00	0.000000000000000000e+00
1.624849000000000387e+01	1.925001000000000317e+01	5.329599999999999937e+01	0.000000000000000000e+00	0.000000000000000000e+00	0.000000000000000000e+00	0.000000000000000000e+00
1.674849000000000387e+01	1.925001000000000317e+01	5.207600000000000051e+01	0.000000000000000000e+00	0.000000000000000000e+00	0.000000000000000000e+00	0.000000000000000000e+00
1.724849000000000032e+01	1.925001000000000317e+01	5.065400000000000347e+01	0.000000000000000000e+00	0.000000000000000000e+00	0.000000000000000000e+00	0.000000000000000000e+00
1.774849000000000387e+01	1.925001000000000317e+01	5.314999999999999858e+01	0.000000000000000000e+00	0.000000000000000000e+00	0.000000000000000000e+00	0.000000000000000000e+00
1.824849000000000743e+01	1.925001000000000317e+01	6.214999999999999858e+01	0.000000000000000000e+00	0.000000000000000000e+00	0.000000000000000000e+00	0.000000000000000000e+00
1.874849000000000387e+01	1.925001000000000317e+01	6.388600000000000279e+01	0.000000000000000000e+00	0.000000000000000000e+00	0.000000000000000000e+00	0.000000000000000000e+00
1.924849000000000387e+01	1.925001000000000317e+01	6.450000000000000000e+01	0.000000000000000000e+00	0.000000000000000000e+00	0.000000000000000000e+00	0.000000000000000000e+00
1.974849000000000387e+01	1.925001000000000317e+01	6.854399999999999693e+01	0.000000000000000000e+00	0.000000000000000000e+00	0.000000000000000000e+00	0.000000000000000000e+00
1.024849000000000032e+01	1.975001000000000673e+01	7.155999999999999694e+00	0.000000000000000000e+00	0.000000000000000000e+00	0.000000000000000000e+00	0.000000000000000000e+00
1.074849000000000032e+01	1.975001000000000673e+01	7.644000000000000128e+00	0.000000000000000000e+00	0.000000000000000000e+00	0.000000000000000000e+00	0.000000000000000000e+00
1.124849000000000032e+01	1.975001000000000673e+01	8.390000000000000568e+00	0.000000000000000000e+00	0.000000000000000000e+00	0.000000000000000000e+00	0.000000000000000000e+00
1.174849000000000032e+01	1.975001000000000673e+01	9.993999999999999773e+00	0.000000000000000000e+00	0.000000000000000000e+00	0.000000000000000000e+00	0.000000000000000000e+00
1.224849000000000032e+01	1.975001000000000673e+01	1.157199999999999918e+01	0.000000000000000000e+00	0.000000000000000000e+00	0.000000000000000000e+00	0.000000000000000000e+00
1.274849000000000032e+01	1.975001000000000673e+01	1.254199999999999982e+01	0.000000000000000000e+00	0.000000000000000000e+00	0.000000000000000000e+00	0.000000000000000000e+00
1.324849000000000210e+01	1.975001000000000673e+01	1.353599999999999959e+01	0.000000000000000000e+00	0.000000000000000000e+00	0.000000000000000000e+00	0.000000000000000000e+00
1.374849000000000210e+01	1.975001000000000673e+01	1.478999999999999915e+01	0.000000000000000000e+00	0.000000000000000000e+00	0.000000000000000000e+00	0.000000000000000000e+00
1.424849000000000210e+01	1.975001000000000673e+01	1.561800000000000033e+01	0.000000000000000000e+00	0.000000000000000000e+00	0.000000000000000000e+00	0.000000000000000000e+00
1.474849000000000210e+01	1.975001000000000673e+01	1.696199999999999974e+01	0.000000000000000000e+00	0.000000000000000000e+00	0.000000000000000000e+00	0.000000000000000000e+00
1.524849000000000210e+01	1.975001000000000673e+01	1.667399999999999949e+01	0.000000000000000000e+00	0.000000000000000000e+00	0.000000000000000000e+00	0.000000000000000000e+00
1.574849000000000210e+01	1.975001000000000673e+01	1.677799999999999869e+01	0.000000000000000000e+00	0.000000000000000000e+00	0.000000000000000000e+00	0.000000000000000000e+00
1.624849000000000387e+01	1.975001000000000673e+01	1.674200000000000088e+01	0.000000000000000000e+00	0.000000000000000000e+00	0.000000000000000000e+00	0.000000000000000000e+00
1.674849000000000387e+01	1.975001000000000673e+01	1.771199999999999974e+01	0.000000000000000000e+00	0.000000000000000000e+00	0.000000000000000000e+00	0.000000000000000000e+00
1.724849000000000032e+01	1.975001000000000673e+01	1.758800000000000097e+01	0.000000000000000000e+00	0.000000000000000000e+00	0.000000000000000000e+00	0.000000000000000000e+00
1.774849000000000387e+01	1.975001000000000673e+01	1.757400000000000162e+01	0.000000000000000000e+00	0.000000000000000000e+00	0.000000000000000000e+00	0.000000000000000000e+00
1.824849000000000743e+01	1.975001000000000673e+01	1.750400000000000134e+01	0.000000000000000000e+00	0.000000000000000000e+00	0.000000000000000000e+00	0.000000000000000000e+00
1.874849000000000387e+01	1.975001000000000673e+01	1.833399999999999963e+01	0.000000000000000000e+00	0.000000000000000000e+00	0.000000000000000000e+00	0.000000000000000000e+00
1.924849000000000387e+01	1.975001000000000673e+01	1.858599999999999852e+01	0.000000000000000000e+00	0.000000000000000000e+00	0.000000000000000000e+00	0.000000000000000000e+00
1.974849000000000387e+01	1.975001000000000673e+01	1.852599999999999980e+01	0.000000000000000000e+00	0.000000000000000000e+00	0.000000000000000000e+00	0.000000000000000000e+00
