#Date: 2024-12-02 13:45:33
#Total scanning time: 464.86543226242065
#Scan direction: X
#X range: 10.249469999999999 - 19.749470000000002 um
#Y range: 10.25001 - 19.750010000000007 um
#X pixels: 20, pixelsize: 5e-07 um
#Y pixels: 20, pixelsize: 5e-07 um
#Integration time per pixel: 50.0 ms
#Columns: X [um], Y [um], counts, freq_center, fwhm, contrast, sensitivity
1.024946999999999875e+01	1.025000999999999962e+01	2.819999999999999929e+01	0.000000000000000000e+00	0.000000000000000000e+00	0.000000000000000000e+00	0.000000000000000000e+00
1.074946999999999875e+01	1.025000999999999962e+01	3.087999999999999901e+01	0.000000000000000000e+00	0.000000000000000000e+00	0.000000000000000000e+00	0.000000000000000000e+00
1.124946999999999875e+01	1.025000999999999962e+01	3.438000000000000256e+01	0.000000000000000000e+00	0.000000000000000000e+00	0.000000000000000000e+00	0.000000000000000000e+00
1.174946999999999875e+01	1.025000999999999962e+01	3.600000000000000000e+01	0.000000000000000000e+00	0.000000000000000000e+00	0.000000000000000000e+00	0.000000000000000000e+00
1.224947000000000052e+01	1.025000999999999962e+01	3.650000000000000000e+01	0.000000000000000000e+00	0.000000000000000000e+00	0.000000000000000000e+00	0.000000000000000000e+00
1.274947000000000052e+01	1.025000999999999962e+01	3.684000000000000341e+01	0.000000000000000000e+00	0.000000000000000000e+00	0.000000000000000000e+00	0.000000000000000000e+00
1.324947000000000052e+01	1.025000999999999962e+01	3.903999999999999915e+01	0.000000000000000000e+00	0.000000000000000000e+00	0.000000000000000000e+00	0.000000000000000000e+00
1.374947000000000052e+01	1.025000999999999962e+01	3.729999999999999716e+01	0.000000000000000000e+00	0.000000000000000000e+00	0.000000000000000000e+00	0.000000000000000000e+00
1.424947000000000052e+01	1.025000999999999962e+01	3.600000000000000000e+01	0.000000000000000000e+00	0.000000000000000000e+00	0.000000000000000000e+00	0.000000000000000000e+00
1.474947000000000052e+01	1.025000999999999962e+01	3.575999999999999801e+01	0.000000000000000000e+00	0.000000000000000000e+00	0.000000000000000000e+00	0.000000000000000000e+00
1.524947000000000230e+01	1.025000999999999962e+01	3.317999999999999972e+01	0.000000000000000000e+00	0.000000000000000000e+00	0.000000000000000000e+00	0.000000000000000000e+00
1.574947000000000052e+01	1.025000999999999962e+01	3.306000000000000227e+01	0.000000000000000000e+00	0.000000000000000000e+00	0.000000000000000000e+00	0.000000000000000000e+00
1.624947000000000230e+01	1.025000999999999962e+01	2.919999999999999929e+01	0.000000000000000000e+00	0.000000000000000000e+00	0.000000000000000000e+00	0.000000000000000000e+00
1.674947000000000585e+01	1.025000999999999962e+01	3.083999999999999986e+01	0.000000000000000000e+00	0.000000000000000000e+00	0.000000000000000000e+00	0.000000000000000000e+00
1.724947000000000230e+01	1.025000999999999962e+01	3.076000000000000156e+01	0.000000000000000000e+00	0.000000000000000000e+00	0.000000000000000000e+00	0.000000000000000000e+00
1.774947000000000230e+01	1.025000999999999962e+01	2.928000000000000114e+01	0.000000000000000000e+00	0.000000000000000000e+00	0.000000000000000000e+00	0.000000000000000000e+00
1.824947000000000230e+01	1.025000999999999962e+01	2.914000000000000057e+01	0.000000000000000000e+00	0.000000000000000000e+00	0.000000000000000000e+00	0.000000000000000000e+00
1.874947000000000585e+01	1.025000999999999962e+01	2.855999999999999872e+01	0.000000000000000000e+00	0.000000000000000000e+00	0.000000000000000000e+00	0.000000000000000000e+00
1.924947000000000230e+01	1.025000999999999962e+01	2.605999999999999872e+01	0.000000000000000000e+00	0.000000000000000000e+00	0.000000000000000000e+00	0.000000000000000000e+00
1.974947000000000230e+01	1.025000999999999962e+01	2.414000000000000057e+01	0.000000000000000000e+00	0.000000000000000000e+00	0.000000000000000000e+00	0.000000000000000000e+00
1.024946999999999875e+01	1.075000999999999962e+01	3.080000000000000071e+01	0.000000000000000000e+00	0.000000000000000000e+00	0.000000000000000000e+00	0.000000000000000000e+00
1.074946999999999875e+01	1.075000999999999962e+01	3.493999999999999773e+01	0.000000000000000000e+00	0.000000000000000000e+00	0.000000000000000000e+00	0.000000000000000000e+00
1.124946999999999875e+01	1.075000999999999962e+01	3.957999999999999829e+01	0.000000000000000000e+00	0.000000000000000000e+00	0.000000000000000000e+00	0.000000000000000000e+00
1.174946999999999875e+01	1.075000999999999962e+01	4.415999999999999659e+01	0.000000000000000000e+00	0.000000000000000000e+00	0.000000000000000000e+00	0.000000000000000000e+00
1.224947000000000052e+01	1.075000999999999962e+01	4.506000000000000227e+01	0.000000000000000000e+00	0.000000000000000000e+00	0.000000000000000000e+00	0.000000000000000000e+00
1.274947000000000052e+01	1.075000999999999962e+01	4.488000000000000256e+01	0.000000000000000000e+00	0.000000000000000000e+00	0.000000000000000000e+00	0.000000000000000000e+00
1.324947000000000052e+01	1.075000999999999962e+01	4.839999999999999858e+01	0.000000000000000000e+00	0.000000000000000000e+00	0.000000000000000000e+00	0.000000000000000000e+00
1.374947000000000052e+01	1.075000999999999962e+01	4.820000000000000284e+01	0.000000000000000000e+00	0.000000000000000000e+00	0.000000000000000000e+00	0.000000000000000000e+00
1.424947000000000052e+01	1.075000999999999962e+01	4.656000000000000227e+01	0.000000000000000000e+00	0.000000000000000000e+00	0.000000000000000000e+00	0.000000000000000000e+00
1.474947000000000052e+01	1.075000999999999962e+01	4.352000000000000313e+01	0.000000000000000000e+00	0.000000000000000000e+00	0.000000000000000000e+00	0.000000000000000000e+00
1.524947000000000230e+01	1.075000999999999962e+01	4.414000000000000057e+01	0.000000000000000000e+00	0.000000000000000000e+00	0.000000000000000000e+00	0.000000000000000000e+00
1.574947000000000052e+01	1.075000999999999962e+01	4.107999999999999829e+01	0.000000000000000000e+00	0.000000000000000000e+00	0.000000000000000000e+00	0.000000000000000000e+00
1.624947000000000230e+01	1.075000999999999962e+01	3.971999999999999886e+01	0.000000000000000000e+00	0.000000000000000000e+00	0.000000000000000000e+00	0.000000000000000000e+00
1.674947000000000585e+01	1.075000999999999962e+01	4.042000000000000171e+01	0.000000000000000000e+00	0.000000000000000000e+00	0.000000000000000000e+00	0.000000000000000000e+00
1.724947000000000230e+01	1.075000999999999962e+01	4.257999999999999829e+01	0.000000000000000000e+00	0.000000000000000000e+00	0.000000000000000000e+00	0.000000000000000000e+00
1.774947000000000230e+01	1.075000999999999962e+01	3.925999999999999801e+01	0.000000000000000000e+00	0.000000000000000000e+00	0.000000000000000000e+00	0.000000000000000000e+00
1.824947000000000230e+01	1.075000999999999962e+01	3.867999999999999972e+01	0.000000000000000000e+00	0.000000000000000000e+00	0.000000000000000000e+00	0.000000000000000000e+00
1.874947000000000585e+01	1.075000999999999962e+01	3.702000000000000313e+01	0.000000000000000000e+00	0.000000000000000000e+00	0.000000000000000000e+00	0.000000000000000000e+00
1.924947000000000230e+01	1.075000999999999962e+01	3.353999999999999915e+01	0.000000000000000000e+00	0.000000000000000000e+00	0.000000000000000000e+00	0.000000000000000000e+00
1.974947000000000230e+01	1.075000999999999962e+01	3.332000000000000028e+01	0.000000000000000000e+00	0.000000000000000000e+00	0.000000000000000000e+00	0.000000000000000000e+00
1.024946999999999875e+01	1.125000999999999962e+01	3.260000000000000142e+01	0.000000000000000000e+00	0.000000000000000000e+00	0.000000000000000000e+00	0.000000000000000000e+00
1.074946999999999875e+01	1.125000999999999962e+01	4.252000000000000313e+01	0.000000000000000000e+00	0.000000000000000000e+00	0.000000000000000000e+00	0.000000000000000000e+00
1.124946999999999875e+01	1.125000999999999962e+01	4.806000000000000227e+01	0.000000000000000000e+00	0.000000000000000000e+00	0.000000000000000000e+00	0.000000000000000000e+00
1.174946999999999875e+01	1.125000999999999962e+01	5.360000000000000142e+01	0.000000000000000000e+00	0.000000000000000000e+00	0.000000000000000000e+00	0.000000000000000000e+00
1.224947000000000052e+01	1.125000999999999962e+01	5.692000000000000171e+01	0.000000000000000000e+00	0.000000000000000000e+00	0.000000000000000000e+00	0.000000000000000000e+00
1.274947000000000052e+01	1.125000999999999962e+01	6.024000000000000199e+01	0.000000000000000000e+00	0.000000000000000000e+00	0.000000000000000000e+00	0.000000000000000000e+00
1.324947000000000052e+01	1.125000999999999962e+01	6.512000000000000455e+01	0.000000000000000000e+00	0.000000000000000000e+00	0.000000000000000000e+00	0.000000000000000000e+00
1.374947000000000052e+01	1.125000999999999962e+01	6.709999999999999432e+01	0.000000000000000000e+00	0.000000000000000000e+00	0.000000000000000000e+00	0.000000000000000000e+00
1.424947000000000052e+01	1.125000999999999962e+01	6.604000000000000625e+01	0.000000000000000000e+00	0.000000000000000000e+00	0.000000000000000000e+00	0.000000000000000000e+00
1.474947000000000052e+01	1.125000999999999962e+01	6.279999999999999716e+01	0.000000000000000000e+00	0.000000000000000000e+00	0.000000000000000000e+00	0.000000000000000000e+00
1.524947000000000230e+01	1.125000999999999962e+01	6.006000000000000227e+01	0.000000000000000000e+00	0.000000000000000000e+00	0.000000000000000000e+00	0.000000000000000000e+00
1.574947000000000052e+01	1.125000999999999962e+01	5.753999999999999915e+01	0.000000000000000000e+00	0.000000000000000000e+00	0.000000000000000000e+00	0.000000000000000000e+00
1.624947000000000230e+01	1.125000999999999962e+01	5.425999999999999801e+01	0.000000000000000000e+00	0.000000000000000000e+00	0.000000000000000000e+00	0.000000000000000000e+00
1.674947000000000585e+01	1.125000999999999962e+01	5.152000000000000313e+01	0.000000000000000000e+00	0.000000000000000000e+00	0.000000000000000000e+00	0.000000000000000000e+00
1.724947000000000230e+01	1.125000999999999962e+01	5.652000000000000313e+01	0.000000000000000000e+00	0.000000000000000000e+00	0.000000000000000000e+00	0.000000000000000000e+00
1.774947000000000230e+01	1.125000999999999962e+01	5.414000000000000057e+01	0.000000000000000000e+00	0.000000000000000000e+00	0.000000000000000000e+00	0.000000000000000000e+00
1.824947000000000230e+01	1.125000999999999962e+01	5.275999999999999801e+01	0.000000000000000000e+00	0.000000000000000000e+00	0.000000000000000000e+00	0.000000000000000000e+00
1.874947000000000585e+01	1.125000999999999962e+01	5.157999999999999829e+01	0.000000000000000000e+00	0.000000000000000000e+00	0.000000000000000000e+00	0.000000000000000000e+00
1.924947000000000230e+01	1.125000999999999962e+01	4.792000000000000171e+01	0.000000000000000000e+00	0.000000000000000000e+00	0.000000000000000000e+00	0.000000000000000000e+00
1.974947000000000230e+01	1.125000999999999962e+01	4.428000000000000114e+01	0.000000000000000000e+00	0.000000000000000000e+00	0.000000000000000000e+00	0.000000000000000000e+00
1.024946999999999875e+01	1.175000999999999962e+01	3.388000000000000256e+01	0.000000000000000000e+00	0.000000000000000000e+00	0.000000000000000000e+00	0.000000000000000000e+00
1.074946999999999875e+01	1.175000999999999962e+01	4.746000000000000085e+01	0.000000000000000000e+00	0.000000000000000000e+00	0.000000000000000000e+00	0.000000000000000000e+00
1.124946999999999875e+01	1.175000999999999962e+01	5.920000000000000284e+01	0.000000000000000000e+00	0.000000000000000000e+00	0.000000000000000000e+00	0.000000000000000000e+00
1.174946999999999875e+01	1.175000999999999962e+01	6.278000000000000114e+01	0.000000000000000000e+00	0.000000000000000000e+00	0.000000000000000000e+00	0.000000000000000000e+00
1.224947000000000052e+01	1.175000999999999962e+01	6.959999999999999432e+01	0.000000000000000000e+00	0.000000000000000000e+00	0.000000000000000000e+00	0.000000000000000000e+00
1.274947000000000052e+01	1.175000999999999962e+01	7.279999999999999716e+01	0.000000000000000000e+00	0.000000000000000000e+00	0.000000000000000000e+00	0.000000000000000000e+00
1.324947000000000052e+01	1.175000999999999962e+01	8.054000000000000625e+01	0.000000000000000000e+00	0.000000000000000000e+00	0.000000000000000000e+00	0.000000000000000000e+00
1.374947000000000052e+01	1.175000999999999962e+01	9.034000000000000341e+01	0.000000000000000000e+00	0.000000000000000000e+00	0.000000000000000000e+00	0.000000000000000000e+00
1.424947000000000052e+01	1.175000999999999962e+01	8.770000000000000284e+01	0.000000000000000000e+00	0.000000000000000000e+00	0.000000000000000000e+00	0.000000000000000000e+00
1.474947000000000052e+01	1.175000999999999962e+01	8.729999999999999716e+01	0.000000000000000000e+00	0.000000000000000000e+00	0.000000000000000000e+00	0.000000000000000000e+00
1.524947000000000230e+01	1.175000999999999962e+01	8.195999999999999375e+01	0.000000000000000000e+00	0.000000000000000000e+00	0.000000000000000000e+00	0.000000000000000000e+00
1.574947000000000052e+01	1.175000999999999962e+01	7.685999999999999943e+01	0.000000000000000000e+00	0.000000000000000000e+00	0.000000000000000000e+00	0.000000000000000000e+00
1.624947000000000230e+01	1.175000999999999962e+01	7.215999999999999659e+01	0.000000000000000000e+00	0.000000000000000000e+00	0.000000000000000000e+00	0.000000000000000000e+00
1.674947000000000585e+01	1.175000999999999962e+01	6.785999999999999943e+01	0.000000000000000000e+00	0.000000000000000000e+00	0.000000000000000000e+00	0.000000000000000000e+00
1.724947000000000230e+01	1.175000999999999962e+01	7.395999999999999375e+01	0.000000000000000000e+00	0.000000000000000000e+00	0.000000000000000000e+00	0.000000000000000000e+00
1.774947000000000230e+01	1.175000999999999962e+01	7.712000000000000455e+01	0.000000000000000000e+00	0.000000000000000000e+00	0.000000000000000000e+00	0.000000000000000000e+00
1.824947000000000230e+01	1.175000999999999962e+01	7.457999999999999829e+01	0.000000000000000000e+00	0.000000000000000000e+00	0.000000000000000000e+00	0.000000000000000000e+00
1.874947000000000585e+01	1.175000999999999962e+01	7.284000000000000341e+01	0.000000000000000000e+00	0.000000000000000000e+00	0.000000000000000000e+00	0.000000000000000000e+00
1.924947000000000230e+01	1.175000999999999962e+01	6.945999999999999375e+01	0.000000000000000000e+00	0.000000000000000000e+00	0.000000000000000000e+00	0.000000000000000000e+00
1.974947000000000230e+01	1.175000999999999962e+01	6.684000000000000341e+01	0.000000000000000000e+00	0.000000000000000000e+00	0.000000000000000000e+00	0.000000000000000000e+00
1.024946999999999875e+01	1.225000999999999962e+01	3.761999999999999744e+01	0.000000000000000000e+00	0.000000000000000000e+00	0.000000000000000000e+00	0.000000000000000000e+00
1.074946999999999875e+01	1.225000999999999962e+01	5.082000000000000028e+01	0.000000000000000000e+00	0.000000000000000000e+00	0.000000000000000000e+00	0.000000000000000000e+00
1.124946999999999875e+01	1.225000999999999962e+01	6.701999999999999602e+01	0.000000000000000000e+00	0.000000000000000000e+00	0.000000000000000000e+00	0.000000000000000000e+00
1.174946999999999875e+01	1.225000999999999962e+01	7.745999999999999375e+01	0.000000000000000000e+00	0.000000000000000000e+00	0.000000000000000000e+00	0.000000000000000000e+00
1.224947000000000052e+01	1.225000999999999962e+01	8.214000000000000057e+01	0.000000000000000000e+00	0.000000000000000000e+00	0.000000000000000000e+00	0.000000000000000000e+00
1.274947000000000052e+01	1.225000999999999962e+01	8.984000000000000341e+01	0.000000000000000000e+00	0.000000000000000000e+00	0.000000000000000000e+00	0.000000000000000000e+00
1.324947000000000052e+01	1.225000999999999962e+01	9.820000000000000284e+01	0.000000000000000000e+00	0.000000000000000000e+00	0.000000000000000000e+00	0.000000000000000000e+00
1.374947000000000052e+01	1.225000999999999962e+01	1.131599999999999966e+02	0.000000000000000000e+00	0.000000000000000000e+00	0.000000000000000000e+00	0.000000000000000000e+00
1.424947000000000052e+01	1.225000999999999962e+01	1.170799999999999983e+02	0.000000000000000000e+00	0.000000000000000000e+00	0.000000000000000000e+00	0.000000000000000000e+00
1.474947000000000052e+01	1.225000999999999962e+01	1.142399999999999949e+02	0.000000000000000000e+00	0.000000000000000000e+00	0.000000000000000000e+00	0.000000000000000000e+00
1.524947000000000230e+01	1.225000999999999962e+01	1.050000000000000000e+02	0.000000000000000000e+00	0.000000000000000000e+00	0.000000000000000000e+00	0.000000000000000000e+00
1.574947000000000052e+01	1.225000999999999962e+01	1.010199999999999960e+02	0.000000000000000000e+00	0.000000000000000000e+00	0.000000000000000000e+00	0.000000000000000000e+00
1.624947000000000230e+01	1.225000999999999962e+01	9.337999999999999545e+01	0.000000000000000000e+00	0.000000000000000000e+00	0.000000000000000000e+00	0.000000000000000000e+00
1.674947000000000585e+01	1.225000999999999962e+01	9.104000000000000625e+01	0.000000000000000000e+00	0.000000000000000000e+00	0.000000000000000000e+00	0.000000000000000000e+00
1.724947000000000230e+01	1.225000999999999962e+01	9.354000000000000625e+01	0.000000000000000000e+00	0.000000000000000000e+00	0.000000000000000000e+00	0.000000000000000000e+00
1.774947000000000230e+01	1.225000999999999962e+01	9.621999999999999886e+01	0.000000000000000000e+00	0.000000000000000000e+00	0.000000000000000000e+00	0.000000000000000000e+00
1.824947000000000230e+01	1.225000999999999962e+01	9.304000000000000625e+01	0.000000000000000000e+00	0.000000000000000000e+00	0.000000000000000000e+00	0.000000000000000000e+00
1.874947000000000585e+01	1.225000999999999962e+01	9.056000000000000227e+01	0.000000000000000000e+00	0.000000000000000000e+00	0.000000000000000000e+00	0.000000000000000000e+00
1.924947000000000230e+01	1.225000999999999962e+01	8.671999999999999886e+01	0.000000000000000000e+00	0.000000000000000000e+00	0.000000000000000000e+00	0.000000000000000000e+00
1.974947000000000230e+01	1.225000999999999962e+01	8.143999999999999773e+01	0.000000000000000000e+00	0.000000000000000000e+00	0.000000000000000000e+00	0.000000000000000000e+00
1.024946999999999875e+01	1.275001000000000140e+01	4.132000000000000028e+01	0.000000000000000000e+00	0.000000000000000000e+00	0.000000000000000000e+00	0.000000000000000000e+00
1.074946999999999875e+01	1.275001000000000140e+01	5.982000000000000028e+01	0.000000000000000000e+00	0.000000000000000000e+00	0.000000000000000000e+00	0.000000000000000000e+00
1.124946999999999875e+01	1.275001000000000140e+01	9.184000000000000341e+01	0.000000000000000000e+00	0.000000000000000000e+00	0.000000000000000000e+00	0.000000000000000000e+00
1.174946999999999875e+01	1.275001000000000140e+01	1.090000000000000000e+02	0.000000000000000000e+00	0.000000000000000000e+00	0.000000000000000000e+00	0.000000000000000000e+00
1.224947000000000052e+01	1.275001000000000140e+01	1.029000000000000057e+02	0.000000000000000000e+00	0.000000000000000000e+00	0.000000000000000000e+00	0.000000000000000000e+00
1.274947000000000052e+01	1.275001000000000140e+01	1.174000000000000057e+02	0.000000000000000000e+00	0.000000000000000000e+00	0.000000000000000000e+00	0.000000000000000000e+00
1.324947000000000052e+01	1.275001000000000140e+01	1.455399999999999920e+02	0.000000000000000000e+00	0.000000000000000000e+00	0.000000000000000000e+00	0.000000000000000000e+00
1.374947000000000052e+01	1.275001000000000140e+01	1.790000000000000000e+02	0.000000000000000000e+00	0.000000000000000000e+00	0.000000000000000000e+00	0.000000000000000000e+00
1.424947000000000052e+01	1.275001000000000140e+01	1.846399999999999864e+02	0.000000000000000000e+00	0.000000000000000000e+00	0.000000000000000000e+00	0.000000000000000000e+00
1.474947000000000052e+01	1.275001000000000140e+01	1.843400000000000034e+02	0.000000000000000000e+00	0.000000000000000000e+00	0.000000000000000000e+00	0.000000000000000000e+00
1.524947000000000230e+01	1.275001000000000140e+01	1.759000000000000057e+02	0.000000000000000000e+00	0.000000000000000000e+00	0.000000000000000000e+00	0.000000000000000000e+00
1.574947000000000052e+01	1.275001000000000140e+01	1.668799999999999955e+02	0.000000000000000000e+00	0.000000000000000000e+00	0.000000000000000000e+00	0.000000000000000000e+00
1.624947000000000230e+01	1.275001000000000140e+01	1.550600000000000023e+02	0.000000000000000000e+00	0.000000000000000000e+00	0.000000000000000000e+00	0.000000000000000000e+00
1.674947000000000585e+01	1.275001000000000140e+01	1.553000000000000114e+02	0.000000000000000000e+00	0.000000000000000000e+00	0.000000000000000000e+00	0.000000000000000000e+00
1.724947000000000230e+01	1.275001000000000140e+01	1.547800000000000011e+02	0.000000000000000000e+00	0.000000000000000000e+00	0.000000000000000000e+00	0.000000000000000000e+00
1.774947000000000230e+01	1.275001000000000140e+01	1.685800000000000125e+02	0.000000000000000000e+00	0.000000000000000000e+00	0.000000000000000000e+00	0.000000000000000000e+00
1.824947000000000230e+01	1.275001000000000140e+01	1.724000000000000057e+02	0.000000000000000000e+00	0.000000000000000000e+00	0.000000000000000000e+00	0.000000000000000000e+00
1.874947000000000585e+01	1.275001000000000140e+01	1.700399999999999920e+02	0.000000000000000000e+00	0.000000000000000000e+00	0.000000000000000000e+00	0.000000000000000000e+00
1.924947000000000230e+01	1.275001000000000140e+01	1.710999999999999943e+02	0.000000000000000000e+00	0.000000000000000000e+00	0.000000000000000000e+00	0.000000000000000000e+00
1.974947000000000230e+01	1.275001000000000140e+01	1.624000000000000057e+02	0.000000000000000000e+00	0.000000000000000000e+00	0.000000000000000000e+00	0.000000000000000000e+00
1.024946999999999875e+01	1.325001000000000140e+01	3.942000000000000171e+01	0.000000000000000000e+00	0.000000000000000000e+00	0.000000000000000000e+00	0.000000000000000000e+00
1.074946999999999875e+01	1.325001000000000140e+01	6.412000000000000455e+01	0.000000000000000000e+00	0.000000000000000000e+00	0.000000000000000000e+00	0.000000000000000000e+00
1.124946999999999875e+01	1.325001000000000140e+01	1.101200000000000045e+02	0.000000000000000000e+00	0.000000000000000000e+00	0.000000000000000000e+00	0.000000000000000000e+00
1.174946999999999875e+01	1.325001000000000140e+01	1.224800000000000040e+02	0.000000000000000000e+00	0.000000000000000000e+00	0.000000000000000000e+00	0.000000000000000000e+00
1.224947000000000052e+01	1.325001000000000140e+01	1.220199999999999960e+02	0.000000000000000000e+00	0.000000000000000000e+00	0.000000000000000000e+00	0.000000000000000000e+00
1.274947000000000052e+01	1.325001000000000140e+01	1.312199999999999989e+02	0.000000000000000000e+00	0.000000000000000000e+00	0.000000000000000000e+00	0.000000000000000000e+00
1.324947000000000052e+01	1.325001000000000140e+01	1.731800000000000068e+02	0.000000000000000000e+00	0.000000000000000000e+00	0.000000000000000000e+00	0.000000000000000000e+00
1.374947000000000052e+01	1.325001000000000140e+01	2.000399999999999920e+02	0.000000000000000000e+00	0.000000000000000000e+00	0.000000000000000000e+00	0.000000000000000000e+00
1.424947000000000052e+01	1.325001000000000140e+01	2.041599999999999966e+02	0.000000000000000000e+00	0.000000000000000000e+00	0.000000000000000000e+00	0.000000000000000000e+00
1.474947000000000052e+01	1.325001000000000140e+01	1.982199999999999989e+02	0.000000000000000000e+00	0.000000000000000000e+00	0.000000000000000000e+00	0.000000000000000000e+00
1.524947000000000230e+01	1.325001000000000140e+01	1.938199999999999932e+02	0.000000000000000000e+00	0.000000000000000000e+00	0.000000000000000000e+00	0.000000000000000000e+00
1.574947000000000052e+01	1.325001000000000140e+01	1.832400000000000091e+02	0.000000000000000000e+00	0.000000000000000000e+00	0.000000000000000000e+00	0.000000000000000000e+00
1.624947000000000230e+01	1.325001000000000140e+01	1.813799999999999955e+02	0.000000000000000000e+00	0.000000000000000000e+00	0.000000000000000000e+00	0.000000000000000000e+00
1.674947000000000585e+01	1.325001000000000140e+01	1.817400000000000091e+02	0.000000000000000000e+00	0.000000000000000000e+00	0.000000000000000000e+00	0.000000000000000000e+00
1.724947000000000230e+01	1.325001000000000140e+01	1.765999999999999943e+02	0.000000000000000000e+00	0.000000000000000000e+00	0.000000000000000000e+00	0.000000000000000000e+00
1.774947000000000230e+01	1.325001000000000140e+01	1.806200000000000045e+02	0.000000000000000000e+00	0.000000000000000000e+00	0.000000000000000000e+00	0.000000000000000000e+00
1.824947000000000230e+01	1.325001000000000140e+01	1.844399999999999977e+02	0.000000000000000000e+00	0.000000000000000000e+00	0.000000000000000000e+00	0.000000000000000000e+00
1.874947000000000585e+01	1.325001000000000140e+01	1.860999999999999943e+02	0.000000000000000000e+00	0.000000000000000000e+00	0.000000000000000000e+00	0.000000000000000000e+00
1.924947000000000230e+01	1.325001000000000140e+01	1.818600000000000136e+02	0.000000000000000000e+00	0.000000000000000000e+00	0.000000000000000000e+00	0.000000000000000000e+00
1.974947000000000230e+01	1.325001000000000140e+01	1.803199999999999932e+02	0.000000000000000000e+00	0.000000000000000000e+00	0.000000000000000000e+00	0.000000000000000000e+00
1.024946999999999875e+01	1.375001000000000140e+01	3.724000000000000199e+01	0.000000000000000000e+00	0.000000000000000000e+00	0.000000000000000000e+00	0.000000000000000000e+00
1.074946999999999875e+01	1.375001000000000140e+01	6.138000000000000256e+01	0.000000000000000000e+00	0.000000000000000000e+00	0.000000000000000000e+00	0.000000000000000000e+00
1.124946999999999875e+01	1.375001000000000140e+01	1.040799999999999983e+02	0.000000000000000000e+00	0.000000000000000000e+00	0.000000000000000000e+00	0.000000000000000000e+00
1.174946999999999875e+01	1.375001000000000140e+01	1.220799999999999983e+02	0.000000000000000000e+00	0.000000000000000000e+00	0.000000000000000000e+00	0.000000000000000000e+00
1.224947000000000052e+01	1.375001000000000140e+01	1.306800000000000068e+02	0.000000000000000000e+00	0.000000000000000000e+00	0.000000000000000000e+00	0.000000000000000000e+00
1.274947000000000052e+01	1.375001000000000140e+01	1.351599999999999966e+02	0.000000000000000000e+00	0.000000000000000000e+00	0.000000000000000000e+00	0.000000000000000000e+00
1.324947000000000052e+01	1.375001000000000140e+01	1.796999999999999886e+02	0.000000000000000000e+00	0.000000000000000000e+00	0.000000000000000000e+00	0.000000000000000000e+00
1.374947000000000052e+01	1.375001000000000140e+01	1.921399999999999864e+02	0.000000000000000000e+00	0.000000000000000000e+00	0.000000000000000000e+00	0.000000000000000000e+00
1.424947000000000052e+01	1.375001000000000140e+01	1.907199999999999989e+02	0.000000000000000000e+00	0.000000000000000000e+00	0.000000000000000000e+00	0.000000000000000000e+00
1.474947000000000052e+01	1.375001000000000140e+01	1.913600000000000136e+02	0.000000000000000000e+00	0.000000000000000000e+00	0.000000000000000000e+00	0.000000000000000000e+00
1.524947000000000230e+01	1.375001000000000140e+01	1.876599999999999966e+02	0.000000000000000000e+00	0.000000000000000000e+00	0.000000000000000000e+00	0.000000000000000000e+00
1.574947000000000052e+01	1.375001000000000140e+01	1.851800000000000068e+02	0.000000000000000000e+00	0.000000000000000000e+00	0.000000000000000000e+00	0.000000000000000000e+00
1.624947000000000230e+01	1.375001000000000140e+01	1.838000000000000114e+02	0.000000000000000000e+00	0.000000000000000000e+00	0.000000000000000000e+00	0.000000000000000000e+00
1.674947000000000585e+01	1.375001000000000140e+01	1.764199999999999875e+02	0.000000000000000000e+00	0.000000000000000000e+00	0.000000000000000000e+00	0.000000000000000000e+00
1.724947000000000230e+01	1.375001000000000140e+01	1.805800000000000125e+02	0.000000000000000000e+00	0.000000000000000000e+00	0.000000000000000000e+00	0.000000000000000000e+00
1.774947000000000230e+01	1.375001000000000140e+01	1.760000000000000000e+02	0.000000000000000000e+00	0.000000000000000000e+00	0.000000000000000000e+00	0.000000000000000000e+00
1.824947000000000230e+01	1.375001000000000140e+01	1.780000000000000000e+02	0.000000000000000000e+00	0.000000000000000000e+00	0.000000000000000000e+00	0.000000000000000000e+00
1.874947000000000585e+01	1.375001000000000140e+01	1.750999999999999943e+02	0.000000000000000000e+00	0.000000000000000000e+00	0.000000000000000000e+00	0.000000000000000000e+00
1.924947000000000230e+01	1.375001000000000140e+01	1.743799999999999955e+02	0.000000000000000000e+00	0.000000000000000000e+00	0.000000000000000000e+00	0.000000000000000000e+00
1.974947000000000230e+01	1.375001000000000140e+01	1.726999999999999886e+02	0.000000000000000000e+00	0.000000000000000000e+00	0.000000000000000000e+00	0.000000000000000000e+00
1.024946999999999875e+01	1.425001000000000140e+01	3.546000000000000085e+01	0.000000000000000000e+00	0.000000000000000000e+00	0.000000000000000000e+00	0.000000000000000000e+00
1.074946999999999875e+01	1.425001000000000140e+01	5.478000000000000114e+01	0.000000000000000000e+00	0.000000000000000000e+00	0.000000000000000000e+00	0.000000000000000000e+00
1.124946999999999875e+01	1.425001000000000140e+01	8.006000000000000227e+01	0.000000000000000000e+00	0.000000000000000000e+00	0.000000000000000000e+00	0.000000000000000000e+00
1.174946999999999875e+01	1.425001000000000140e+01	1.002399999999999949e+02	0.000000000000000000e+00	0.000000000000000000e+00	0.000000000000000000e+00	0.000000000000000000e+00
1.224947000000000052e+01	1.425001000000000140e+01	1.142999999999999972e+02	0.000000000000000000e+00	0.000000000000000000e+00	0.000000000000000000e+00	0.000000000000000000e+00
1.274947000000000052e+01	1.425001000000000140e+01	1.292800000000000011e+02	0.000000000000000000e+00	0.000000000000000000e+00	0.000000000000000000e+00	0.000000000000000000e+00
1.324947000000000052e+01	1.425001000000000140e+01	1.660800000000000125e+02	0.000000000000000000e+00	0.000000000000000000e+00	0.000000000000000000e+00	0.000000000000000000e+00
1.374947000000000052e+01	1.425001000000000140e+01	1.958600000000000136e+02	0.000000000000000000e+00	0.000000000000000000e+00	0.000000000000000000e+00	0.000000000000000000e+00
1.424947000000000052e+01	1.425001000000000140e+01	1.910000000000000000e+02	0.000000000000000000e+00	0.000000000000000000e+00	0.000000000000000000e+00	0.000000000000000000e+00
1.474947000000000052e+01	1.425001000000000140e+01	1.993799999999999955e+02	0.000000000000000000e+00	0.000000000000000000e+00	0.000000000000000000e+00	0.000000000000000000e+00
1.524947000000000230e+01	1.425001000000000140e+01	1.964600000000000080e+02	0.000000000000000000e+00	0.000000000000000000e+00	0.000000000000000000e+00	0.000000000000000000e+00
1.574947000000000052e+01	1.425001000000000140e+01	1.973400000000000034e+02	0.000000000000000000e+00	0.000000000000000000e+00	0.000000000000000000e+00	0.000000000000000000e+00
1.624947000000000230e+01	1.425001000000000140e+01	1.903600000000000136e+02	0.000000000000000000e+00	0.000000000000000000e+00	0.000000000000000000e+00	0.000000000000000000e+00
1.674947000000000585e+01	1.425001000000000140e+01	1.808600000000000136e+02	0.000000000000000000e+00	0.000000000000000000e+00	0.000000000000000000e+00	0.000000000000000000e+00
1.724947000000000230e+01	1.425001000000000140e+01	1.862400000000000091e+02	0.000000000000000000e+00	0.000000000000000000e+00	0.000000000000000000e+00	0.000000000000000000e+00
1.774947000000000230e+01	1.425001000000000140e+01	1.838400000000000034e+02	0.000000000000000000e+00	0.000000000000000000e+00	0.000000000000000000e+00	0.000000000000000000e+00
1.824947000000000230e+01	1.425001000000000140e+01	1.805800000000000125e+02	0.000000000000000000e+00	0.000000000000000000e+00	0.000000000000000000e+00	0.000000000000000000e+00
1.874947000000000585e+01	1.425001000000000140e+01	1.850200000000000102e+02	0.000000000000000000e+00	0.000000000000000000e+00	0.000000000000000000e+00	0.000000000000000000e+00
1.924947000000000230e+01	1.425001000000000140e+01	1.848799999999999955e+02	0.000000000000000000e+00	0.000000000000000000e+00	0.000000000000000000e+00	0.000000000000000000e+00
1.974947000000000230e+01	1.425001000000000140e+01	1.854199999999999875e+02	0.000000000000000000e+00	0.000000000000000000e+00	0.000000000000000000e+00	0.000000000000000000e+00
1.024946999999999875e+01	1.475001000000000140e+01	3.317999999999999972e+01	0.000000000000000000e+00	0.000000000000000000e+00	0.000000000000000000e+00	0.000000000000000000e+00
1.074946999999999875e+01	1.475001000000000140e+01	3.835999999999999943e+01	0.000000000000000000e+00	0.000000000000000000e+00	0.000000000000000000e+00	0.000000000000000000e+00
1.124946999999999875e+01	1.475001000000000140e+01	5.514000000000000057e+01	0.000000000000000000e+00	0.000000000000000000e+00	0.000000000000000000e+00	0.000000000000000000e+00
1.174946999999999875e+01	1.475001000000000140e+01	7.115999999999999659e+01	0.000000000000000000e+00	0.000000000000000000e+00	0.000000000000000000e+00	0.000000000000000000e+00
1.224947000000000052e+01	1.475001000000000140e+01	9.443999999999999773e+01	0.000000000000000000e+00	0.000000000000000000e+00	0.000000000000000000e+00	0.000000000000000000e+00
1.274947000000000052e+01	1.475001000000000140e+01	1.191800000000000068e+02	0.000000000000000000e+00	0.000000000000000000e+00	0.000000000000000000e+00	0.000000000000000000e+00
1.324947000000000052e+01	1.475001000000000140e+01	1.670200000000000102e+02	0.000000000000000000e+00	0.000000000000000000e+00	0.000000000000000000e+00	0.000000000000000000e+00
1.374947000000000052e+01	1.475001000000000140e+01	1.940600000000000023e+02	0.000000000000000000e+00	0.000000000000000000e+00	0.000000000000000000e+00	0.000000000000000000e+00
1.424947000000000052e+01	1.475001000000000140e+01	1.946599999999999966e+02	0.000000000000000000e+00	0.000000000000000000e+00	0.000000000000000000e+00	0.000000000000000000e+00
1.474947000000000052e+01	1.475001000000000140e+01	1.977400000000000091e+02	0.000000000000000000e+00	0.000000000000000000e+00	0.000000000000000000e+00	0.000000000000000000e+00
1.524947000000000230e+01	1.475001000000000140e+01	1.994600000000000080e+02	0.000000000000000000e+00	0.000000000000000000e+00	0.000000000000000000e+00	0.000000000000000000e+00
1.574947000000000052e+01	1.475001000000000140e+01	1.971800000000000068e+02	0.000000000000000000e+00	0.000000000000000000e+00	0.000000000000000000e+00	0.000000000000000000e+00
1.624947000000000230e+01	1.475001000000000140e+01	1.889600000000000080e+02	0.000000000000000000e+00	0.000000000000000000e+00	0.000000000000000000e+00	0.000000000000000000e+00
1.674947000000000585e+01	1.475001000000000140e+01	1.744600000000000080e+02	0.000000000000000000e+00	0.000000000000000000e+00	0.000000000000000000e+00	0.000000000000000000e+00
1.724947000000000230e+01	1.475001000000000140e+01	1.819600000000000080e+02	0.000000000000000000e+00	0.000000000000000000e+00	0.000000000000000000e+00	0.000000000000000000e+00
1.774947000000000230e+01	1.475001000000000140e+01	1.858199999999999932e+02	0.000000000000000000e+00	0.000000000000000000e+00	0.000000000000000000e+00	0.000000000000000000e+00
1.824947000000000230e+01	1.475001000000000140e+01	1.793000000000000114e+02	0.000000000000000000e+00	0.000000000000000000e+00	0.000000000000000000e+00	0.000000000000000000e+00
1.874947000000000585e+01	1.475001000000000140e+01	1.861399999999999864e+02	0.000000000000000000e+00	0.000000000000000000e+00	0.000000000000000000e+00	0.000000000000000000e+00
1.924947000000000230e+01	1.475001000000000140e+01	1.875600000000000023e+02	0.000000000000000000e+00	0.000000000000000000e+00	0.000000000000000000e+00	0.000000000000000000e+00
1.974947000000000230e+01	1.475001000000000140e+01	1.848600000000000136e+02	0.000000000000000000e+00	0.000000000000000000e+00	0.000000000000000000e+00	0.000000000000000000e+00
1.024946999999999875e+01	1.525001000000000140e+01	3.157999999999999829e+01	0.000000000000000000e+00	0.000000000000000000e+00	0.000000000000000000e+00	0.000000000000000000e+00
1.074946999999999875e+01	1.525001000000000140e+01	3.888000000000000256e+01	0.000000000000000000e+00	0.000000000000000000e+00	0.000000000000000000e+00	0.000000000000000000e+00
1.124946999999999875e+01	1.525001000000000140e+01	4.815999999999999659e+01	0.000000000000000000e+00	0.000000000000000000e+00	0.000000000000000000e+00	0.000000000000000000e+00
1.174946999999999875e+01	1.525001000000000140e+01	6.328000000000000114e+01	0.000000000000000000e+00	0.000000000000000000e+00	0.000000000000000000e+00	0.000000000000000000e+00
1.224947000000000052e+01	1.525001000000000140e+01	8.620000000000000284e+01	0.000000000000000000e+00	0.000000000000000000e+00	0.000000000000000000e+00	0.000000000000000000e+00
1.274947000000000052e+01	1.525001000000000140e+01	1.153199999999999932e+02	0.000000000000000000e+00	0.000000000000000000e+00	0.000000000000000000e+00	0.000000000000000000e+00
1.324947000000000052e+01	1.525001000000000140e+01	1.674799999999999898e+02	0.000000000000000000e+00	0.000000000000000000e+00	0.000000000000000000e+00	0.000000000000000000e+00
1.374947000000000052e+01	1.525001000000000140e+01	1.890600000000000023e+02	0.000000000000000000e+00	0.000000000000000000e+00	0.000000000000000000e+00	0.000000000000000000e+00
1.424947000000000052e+01	1.525001000000000140e+01	1.961800000000000068e+02	0.000000000000000000e+00	0.000000000000000000e+00	0.000000000000000000e+00	0.000000000000000000e+00
1.474947000000000052e+01	1.525001000000000140e+01	1.983000000000000114e+02	0.000000000000000000e+00	0.000000000000000000e+00	0.000000000000000000e+00	0.000000000000000000e+00
1.524947000000000230e+01	1.525001000000000140e+01	1.980800000000000125e+02	0.000000000000000000e+00	0.000000000000000000e+00	0.000000000000000000e+00	0.000000000000000000e+00
1.574947000000000052e+01	1.525001000000000140e+01	2.021999999999999886e+02	0.000000000000000000e+00	0.000000000000000000e+00	0.000000000000000000e+00	0.000000000000000000e+00
1.624947000000000230e+01	1.525001000000000140e+01	1.971599999999999966e+02	0.000000000000000000e+00	0.000000000000000000e+00	0.000000000000000000e+00	0.000000000000000000e+00
1.674947000000000585e+01	1.525001000000000140e+01	1.891200000000000045e+02	0.000000000000000000e+00	0.000000000000000000e+00	0.000000000000000000e+00	0.000000000000000000e+00
1.724947000000000230e+01	1.525001000000000140e+01	1.913199999999999932e+02	0.000000000000000000e+00	0.000000000000000000e+00	0.000000000000000000e+00	0.000000000000000000e+00
1.774947000000000230e+01	1.525001000000000140e+01	1.889000000000000057e+02	0.000000000000000000e+00	0.000000000000000000e+00	0.000000000000000000e+00	0.000000000000000000e+00
1.824947000000000230e+01	1.525001000000000140e+01	1.843400000000000034e+02	0.000000000000000000e+00	0.000000000000000000e+00	0.000000000000000000e+00	0.000000000000000000e+00
1.874947000000000585e+01	1.525001000000000140e+01	1.870800000000000125e+02	0.000000000000000000e+00	0.000000000000000000e+00	0.000000000000000000e+00	0.000000000000000000e+00
1.924947000000000230e+01	1.525001000000000140e+01	1.830399999999999920e+02	0.000000000000000000e+00	0.000000000000000000e+00	0.000000000000000000e+00	0.000000000000000000e+00
1.974947000000000230e+01	1.525001000000000140e+01	1.861200000000000045e+02	0.000000000000000000e+00	0.000000000000000000e+00	0.000000000000000000e+00	0.000000000000000000e+00
1.024946999999999875e+01	1.575001000000000495e+01	3.035999999999999943e+01	0.000000000000000000e+00	0.000000000000000000e+00	0.000000000000000000e+00	0.000000000000000000e+00
1.074946999999999875e+01	1.575001000000000495e+01	3.534000000000000341e+01	0.000000000000000000e+00	0.000000000000000000e+00	0.000000000000000000e+00	0.000000000000000000e+00
1.124946999999999875e+01	1.575001000000000495e+01	4.820000000000000284e+01	0.000000000000000000e+00	0.000000000000000000e+00	0.000000000000000000e+00	0.000000000000000000e+00
1.174946999999999875e+01	1.575001000000000495e+01	6.156000000000000227e+01	0.000000000000000000e+00	0.000000000000000000e+00	0.000000000000000000e+00	0.000000000000000000e+00
1.224947000000000052e+01	1.575001000000000495e+01	8.773999999999999488e+01	0.000000000000000000e+00	0.000000000000000000e+00	0.000000000000000000e+00	0.000000000000000000e+00
1.274947000000000052e+01	1.575001000000000495e+01	1.129200000000000017e+02	0.000000000000000000e+00	0.000000000000000000e+00	0.000000000000000000e+00	0.000000000000000000e+00
1.324947000000000052e+01	1.575001000000000495e+01	1.650800000000000125e+02	0.000000000000000000e+00	0.000000000000000000e+00	0.000000000000000000e+00	0.000000000000000000e+00
1.374947000000000052e+01	1.575001000000000495e+01	1.881999999999999886e+02	0.000000000000000000e+00	0.000000000000000000e+00	0.000000000000000000e+00	0.000000000000000000e+00
1.424947000000000052e+01	1.575001000000000495e+01	1.955999999999999943e+02	0.000000000000000000e+00	0.000000000000000000e+00	0.000000000000000000e+00	0.000000000000000000e+00
1.474947000000000052e+01	1.575001000000000495e+01	1.931200000000000045e+02	0.000000000000000000e+00	0.000000000000000000e+00	0.000000000000000000e+00	0.000000000000000000e+00
1.524947000000000230e+01	1.575001000000000495e+01	1.945800000000000125e+02	0.000000000000000000e+00	0.000000000000000000e+00	0.000000000000000000e+00	0.000000000000000000e+00
1.574947000000000052e+01	1.575001000000000495e+01	1.985200000000000102e+02	0.000000000000000000e+00	0.000000000000000000e+00	0.000000000000000000e+00	0.000000000000000000e+00
1.624947000000000230e+01	1.575001000000000495e+01	2.020800000000000125e+02	0.000000000000000000e+00	0.000000000000000000e+00	0.000000000000000000e+00	0.000000000000000000e+00
1.674947000000000585e+01	1.575001000000000495e+01	2.021999999999999886e+02	0.000000000000000000e+00	0.000000000000000000e+00	0.000000000000000000e+00	0.000000000000000000e+00
1.724947000000000230e+01	1.575001000000000495e+01	1.945800000000000125e+02	0.000000000000000000e+00	0.000000000000000000e+00	0.000000000000000000e+00	0.000000000000000000e+00
1.774947000000000230e+01	1.575001000000000495e+01	1.897800000000000011e+02	0.000000000000000000e+00	0.000000000000000000e+00	0.000000000000000000e+00	0.000000000000000000e+00
1.824947000000000230e+01	1.575001000000000495e+01	1.833400000000000034e+02	0.000000000000000000e+00	0.000000000000000000e+00	0.000000000000000000e+00	0.000000000000000000e+00
1.874947000000000585e+01	1.575001000000000495e+01	1.849199999999999875e+02	0.000000000000000000e+00	0.000000000000000000e+00	0.000000000000000000e+00	0.000000000000000000e+00
1.924947000000000230e+01	1.575001000000000495e+01	1.832800000000000011e+02	0.000000000000000000e+00	0.000000000000000000e+00	0.000000000000000000e+00	0.000000000000000000e+00
1.974947000000000230e+01	1.575001000000000495e+01	1.821599999999999966e+02	0.000000000000000000e+00	0.000000000000000000e+00	0.000000000000000000e+00	0.000000000000000000e+00
1.024946999999999875e+01	1.625001000000000317e+01	2.685999999999999943e+01	0.000000000000000000e+00	0.000000000000000000e+00	0.000000000000000000e+00	0.000000000000000000e+00
1.074946999999999875e+01	1.625001000000000317e+01	3.232000000000000028e+01	0.000000000000000000e+00	0.000000000000000000e+00	0.000000000000000000e+00	0.000000000000000000e+00
1.124946999999999875e+01	1.625001000000000317e+01	4.528000000000000114e+01	0.000000000000000000e+00	0.000000000000000000e+00	0.000000000000000000e+00	0.000000000000000000e+00
1.174946999999999875e+01	1.625001000000000317e+01	6.003999999999999915e+01	0.000000000000000000e+00	0.000000000000000000e+00	0.000000000000000000e+00	0.000000000000000000e+00
1.224947000000000052e+01	1.625001000000000317e+01	8.192000000000000171e+01	0.000000000000000000e+00	0.000000000000000000e+00	0.000000000000000000e+00	0.000000000000000000e+00
1.274947000000000052e+01	1.625001000000000317e+01	1.113799999999999955e+02	0.000000000000000000e+00	0.000000000000000000e+00	0.000000000000000000e+00	0.000000000000000000e+00
1.324947000000000052e+01	1.625001000000000317e+01	1.588600000000000136e+02	0.000000000000000000e+00	0.000000000000000000e+00	0.000000000000000000e+00	0.000000000000000000e+00
1.374947000000000052e+01	1.625001000000000317e+01	1.810000000000000000e+02	0.000000000000000000e+00	0.000000000000000000e+00	0.000000000000000000e+00	0.000000000000000000e+00
1.424947000000000052e+01	1.625001000000000317e+01	1.898000000000000114e+02	0.000000000000000000e+00	0.000000000000000000e+00	0.000000000000000000e+00	0.000000000000000000e+00
1.474947000000000052e+01	1.625001000000000317e+01	1.859199999999999875e+02	0.000000000000000000e+00	0.000000000000000000e+00	0.000000000000000000e+00	0.000000000000000000e+00
1.524947000000000230e+01	1.625001000000000317e+01	1.891800000000000068e+02	0.000000000000000000e+00	0.000000000000000000e+00	0.000000000000000000e+00	0.000000000000000000e+00
1.574947000000000052e+01	1.625001000000000317e+01	1.946599999999999966e+02	0.000000000000000000e+00	0.000000000000000000e+00	0.000000000000000000e+00	0.000000000000000000e+00
1.624947000000000230e+01	1.625001000000000317e+01	1.950000000000000000e+02	0.000000000000000000e+00	0.000000000000000000e+00	0.000000000000000000e+00	0.000000000000000000e+00
1.674947000000000585e+01	1.625001000000000317e+01	1.990000000000000000e+02	0.000000000000000000e+00	0.000000000000000000e+00	0.000000000000000000e+00	0.000000000000000000e+00
1.724947000000000230e+01	1.625001000000000317e+01	2.021800000000000068e+02	0.000000000000000000e+00	0.000000000000000000e+00	0.000000000000000000e+00	0.000000000000000000e+00
1.774947000000000230e+01	1.625001000000000317e+01	1.877599999999999909e+02	0.000000000000000000e+00	0.000000000000000000e+00	0.000000000000000000e+00	0.000000000000000000e+00
1.824947000000000230e+01	1.625001000000000317e+01	1.807400000000000091e+02	0.000000000000000000e+00	0.000000000000000000e+00	0.000000000000000000e+00	0.000000000000000000e+00
1.874947000000000585e+01	1.625001000000000317e+01	1.804600000000000080e+02	0.000000000000000000e+00	0.000000000000000000e+00	0.000000000000000000e+00	0.000000000000000000e+00
1.924947000000000230e+01	1.625001000000000317e+01	1.803600000000000136e+02	0.000000000000000000e+00	0.000000000000000000e+00	0.000000000000000000e+00	0.000000000000000000e+00
1.974947000000000230e+01	1.625001000000000317e+01	1.765399999999999920e+02	0.000000000000000000e+00	0.000000000000000000e+00	0.000000000000000000e+00	0.000000000000000000e+00
1.024946999999999875e+01	1.675000999999999962e+01	2.267999999999999972e+01	0.000000000000000000e+00	0.000000000000000000e+00	0.000000000000000000e+00	0.000000000000000000e+00
1.074946999999999875e+01	1.675000999999999962e+01	3.010000000000000142e+01	0.000000000000000000e+00	0.000000000000000000e+00	0.000000000000000000e+00	0.000000000000000000e+00
1.124946999999999875e+01	1.675000999999999962e+01	4.050000000000000000e+01	0.000000000000000000e+00	0.000000000000000000e+00	0.000000000000000000e+00	0.000000000000000000e+00
1.174946999999999875e+01	1.675000999999999962e+01	5.670000000000000284e+01	0.000000000000000000e+00	0.000000000000000000e+00	0.000000000000000000e+00	0.000000000000000000e+00
1.224947000000000052e+01	1.675000999999999962e+01	8.287999999999999545e+01	0.000000000000000000e+00	0.000000000000000000e+00	0.000000000000000000e+00	0.000000000000000000e+00
1.274947000000000052e+01	1.675000999999999962e+01	1.144000000000000057e+02	0.000000000000000000e+00	0.000000000000000000e+00	0.000000000000000000e+00	0.000000000000000000e+00
1.324947000000000052e+01	1.675000999999999962e+01	1.561800000000000068e+02	0.000000000000000000e+00	0.000000000000000000e+00	0.000000000000000000e+00	0.000000000000000000e+00
1.374947000000000052e+01	1.675000999999999962e+01	1.727400000000000091e+02	0.000000000000000000e+00	0.000000000000000000e+00	0.000000000000000000e+00	0.000000000000000000e+00
1.424947000000000052e+01	1.675000999999999962e+01	1.844600000000000080e+02	0.000000000000000000e+00	0.000000000000000000e+00	0.000000000000000000e+00	0.000000000000000000e+00
1.474947000000000052e+01	1.675000999999999962e+01	1.844799999999999898e+02	0.000000000000000000e+00	0.000000000000000000e+00	0.000000000000000000e+00	0.000000000000000000e+00
1.524947000000000230e+01	1.675000999999999962e+01	1.855399999999999920e+02	0.000000000000000000e+00	0.000000000000000000e+00	0.000000000000000000e+00	0.000000000000000000e+00
1.574947000000000052e+01	1.675000999999999962e+01	1.793799999999999955e+02	0.000000000000000000e+00	0.000000000000000000e+00	0.000000000000000000e+00	0.000000000000000000e+00
1.624947000000000230e+01	1.675000999999999962e+01	1.864600000000000080e+02	0.000000000000000000e+00	0.000000000000000000e+00	0.000000000000000000e+00	0.000000000000000000e+00
1.674947000000000585e+01	1.675000999999999962e+01	1.969600000000000080e+02	0.000000000000000000e+00	0.000000000000000000e+00	0.000000000000000000e+00	0.000000000000000000e+00
1.724947000000000230e+01	1.675000999999999962e+01	1.971599999999999966e+02	0.000000000000000000e+00	0.000000000000000000e+00	0.000000000000000000e+00	0.000000000000000000e+00
1.774947000000000230e+01	1.675000999999999962e+01	1.805200000000000102e+02	0.000000000000000000e+00	0.000000000000000000e+00	0.000000000000000000e+00	0.000000000000000000e+00
1.824947000000000230e+01	1.675000999999999962e+01	1.785800000000000125e+02	0.000000000000000000e+00	0.000000000000000000e+00	0.000000000000000000e+00	0.000000000000000000e+00
1.874947000000000585e+01	1.675000999999999962e+01	1.747599999999999909e+02	0.000000000000000000e+00	0.000000000000000000e+00	0.000000000000000000e+00	0.000000000000000000e+00
1.924947000000000230e+01	1.675000999999999962e+01	1.758400000000000034e+02	0.000000000000000000e+00	0.000000000000000000e+00	0.000000000000000000e+00	0.000000000000000000e+00
1.974947000000000230e+01	1.675000999999999962e+01	1.747599999999999909e+02	0.000000000000000000e+00	0.000000000000000000e+00	0.000000000000000000e+00	0.000000000000000000e+00
1.024946999999999875e+01	1.725001000000000317e+01	1.950000000000000000e+01	0.000000000000000000e+00	0.000000000000000000e+00	0.000000000000000000e+00	0.000000000000000000e+00
1.074946999999999875e+01	1.725001000000000317e+01	2.653999999999999915e+01	0.000000000000000000e+00	0.000000000000000000e+00	0.000000000000000000e+00	0.000000000000000000e+00
1.124946999999999875e+01	1.725001000000000317e+01	3.402000000000000313e+01	0.000000000000000000e+00	0.000000000000000000e+00	0.000000000000000000e+00	0.000000000000000000e+00
1.174946999999999875e+01	1.725001000000000317e+01	5.261999999999999744e+01	0.000000000000000000e+00	0.000000000000000000e+00	0.000000000000000000e+00	0.000000000000000000e+00
1.224947000000000052e+01	1.725001000000000317e+01	7.534000000000000341e+01	0.000000000000000000e+00	0.000000000000000000e+00	0.000000000000000000e+00	0.000000000000000000e+00
1.274947000000000052e+01	1.725001000000000317e+01	1.037800000000000011e+02	0.000000000000000000e+00	0.000000000000000000e+00	0.000000000000000000e+00	0.000000000000000000e+00
1.324947000000000052e+01	1.725001000000000317e+01	1.522199999999999989e+02	0.000000000000000000e+00	0.000000000000000000e+00	0.000000000000000000e+00	0.000000000000000000e+00
1.374947000000000052e+01	1.725001000000000317e+01	1.680000000000000000e+02	0.000000000000000000e+00	0.000000000000000000e+00	0.000000000000000000e+00	0.000000000000000000e+00
1.424947000000000052e+01	1.725001000000000317e+01	1.734199999999999875e+02	0.000000000000000000e+00	0.000000000000000000e+00	0.000000000000000000e+00	0.000000000000000000e+00
1.474947000000000052e+01	1.725001000000000317e+01	1.738600000000000136e+02	0.000000000000000000e+00	0.000000000000000000e+00	0.000000000000000000e+00	0.000000000000000000e+00
1.524947000000000230e+01	1.725001000000000317e+01	1.729399999999999977e+02	0.000000000000000000e+00	0.000000000000000000e+00	0.000000000000000000e+00	0.000000000000000000e+00
1.574947000000000052e+01	1.725001000000000317e+01	1.705999999999999943e+02	0.000000000000000000e+00	0.000000000000000000e+00	0.000000000000000000e+00	0.000000000000000000e+00
1.624947000000000230e+01	1.725001000000000317e+01	1.700800000000000125e+02	0.000000000000000000e+00	0.000000000000000000e+00	0.000000000000000000e+00	0.000000000000000000e+00
1.674947000000000585e+01	1.725001000000000317e+01	1.739000000000000057e+02	0.000000000000000000e+00	0.000000000000000000e+00	0.000000000000000000e+00	0.000000000000000000e+00
1.724947000000000230e+01	1.725001000000000317e+01	1.791999999999999886e+02	0.000000000000000000e+00	0.000000000000000000e+00	0.000000000000000000e+00	0.000000000000000000e+00
1.774947000000000230e+01	1.725001000000000317e+01	1.741399999999999864e+02	0.000000000000000000e+00	0.000000000000000000e+00	0.000000000000000000e+00	0.000000000000000000e+00
1.824947000000000230e+01	1.725001000000000317e+01	1.714000000000000057e+02	0.000000000000000000e+00	0.000000000000000000e+00	0.000000000000000000e+00	0.000000000000000000e+00
1.874947000000000585e+01	1.725001000000000317e+01	1.704799999999999898e+02	0.000000000000000000e+00	0.000000000000000000e+00	0.000000000000000000e+00	0.000000000000000000e+00
1.924947000000000230e+01	1.725001000000000317e+01	1.720600000000000023e+02	0.000000000000000000e+00	0.000000000000000000e+00	0.000000000000000000e+00	0.000000000000000000e+00
1.974947000000000230e+01	1.725001000000000317e+01	1.673400000000000034e+02	0.000000000000000000e+00	0.000000000000000000e+00	0.000000000000000000e+00	0.000000000000000000e+00
1.024946999999999875e+01	1.775001000000000673e+01	1.600000000000000000e+01	0.000000000000000000e+00	0.000000000000000000e+00	0.000000000000000000e+00	0.000000000000000000e+00
1.074946999999999875e+01	1.775001000000000673e+01	2.032000000000000028e+01	0.000000000000000000e+00	0.000000000000000000e+00	0.000000000000000000e+00	0.000000000000000000e+00
1.124946999999999875e+01	1.775001000000000673e+01	2.666000000000000014e+01	0.000000000000000000e+00	0.000000000000000000e+00	0.000000000000000000e+00	0.000000000000000000e+00
1.174946999999999875e+01	1.775001000000000673e+01	4.725999999999999801e+01	0.000000000000000000e+00	0.000000000000000000e+00	0.000000000000000000e+00	0.000000000000000000e+00
1.224947000000000052e+01	1.775001000000000673e+01	7.029999999999999716e+01	0.000000000000000000e+00	0.000000000000000000e+00	0.000000000000000000e+00	0.000000000000000000e+00
1.274947000000000052e+01	1.775001000000000673e+01	9.943999999999999773e+01	0.000000000000000000e+00	0.000000000000000000e+00	0.000000000000000000e+00	0.000000000000000000e+00
1.324947000000000052e+01	1.775001000000000673e+01	1.458799999999999955e+02	0.000000000000000000e+00	0.000000000000000000e+00	0.000000000000000000e+00	0.000000000000000000e+00
1.374947000000000052e+01	1.775001000000000673e+01	1.571999999999999886e+02	0.000000000000000000e+00	0.000000000000000000e+00	0.000000000000000000e+00	0.000000000000000000e+00
1.424947000000000052e+01	1.775001000000000673e+01	1.619600000000000080e+02	0.000000000000000000e+00	0.000000000000000000e+00	0.000000000000000000e+00	0.000000000000000000e+00
1.474947000000000052e+01	1.775001000000000673e+01	1.566200000000000045e+02	0.000000000000000000e+00	0.000000000000000000e+00	0.000000000000000000e+00	0.000000000000000000e+00
1.524947000000000230e+01	1.775001000000000673e+01	1.638400000000000034e+02	0.000000000000000000e+00	0.000000000000000000e+00	0.000000000000000000e+00	0.000000000000000000e+00
1.574947000000000052e+01	1.775001000000000673e+01	1.589399999999999977e+02	0.000000000000000000e+00	0.000000000000000000e+00	0.000000000000000000e+00	0.000000000000000000e+00
1.624947000000000230e+01	1.775001000000000673e+01	1.570600000000000023e+02	0.000000000000000000e+00	0.000000000000000000e+00	0.000000000000000000e+00	0.000000000000000000e+00
1.674947000000000585e+01	1.775001000000000673e+01	1.581999999999999886e+02	0.000000000000000000e+00	0.000000000000000000e+00	0.000000000000000000e+00	0.000000000000000000e+00
1.724947000000000230e+01	1.775001000000000673e+01	1.617599999999999909e+02	0.000000000000000000e+00	0.000000000000000000e+00	0.000000000000000000e+00	0.000000000000000000e+00
1.774947000000000230e+01	1.775001000000000673e+01	1.603799999999999955e+02	0.000000000000000000e+00	0.000000000000000000e+00	0.000000000000000000e+00	0.000000000000000000e+00
1.824947000000000230e+01	1.775001000000000673e+01	1.638000000000000114e+02	0.000000000000000000e+00	0.000000000000000000e+00	0.000000000000000000e+00	0.000000000000000000e+00
1.874947000000000585e+01	1.775001000000000673e+01	1.634399999999999977e+02	0.000000000000000000e+00	0.000000000000000000e+00	0.000000000000000000e+00	0.000000000000000000e+00
1.924947000000000230e+01	1.775001000000000673e+01	1.652800000000000011e+02	0.000000000000000000e+00	0.000000000000000000e+00	0.000000000000000000e+00	0.000000000000000000e+00
1.974947000000000230e+01	1.775001000000000673e+01	1.653799999999999955e+02	0.000000000000000000e+00	0.000000000000000000e+00	0.000000000000000000e+00	0.000000000000000000e+00
1.024946999999999875e+01	1.825001000000000317e+01	1.377999999999999936e+01	0.000000000000000000e+00	0.000000000000000000e+00	0.000000000000000000e+00	0.000000000000000000e+00
1.074946999999999875e+01	1.825001000000000317e+01	1.716000000000000014e+01	0.000000000000000000e+00	0.000000000000000000e+00	0.000000000000000000e+00	0.000000000000000000e+00
1.124946999999999875e+01	1.825001000000000317e+01	2.210000000000000142e+01	0.000000000000000000e+00	0.000000000000000000e+00	0.000000000000000000e+00	0.000000000000000000e+00
1.174946999999999875e+01	1.825001000000000317e+01	3.565999999999999659e+01	0.000000000000000000e+00	0.000000000000000000e+00	0.000000000000000000e+00	0.000000000000000000e+00
1.224947000000000052e+01	1.825001000000000317e+01	5.824000000000000199e+01	0.000000000000000000e+00	0.000000000000000000e+00	0.000000000000000000e+00	0.000000000000000000e+00
1.274947000000000052e+01	1.825001000000000317e+01	9.368000000000000682e+01	0.000000000000000000e+00	0.000000000000000000e+00	0.000000000000000000e+00	0.000000000000000000e+00
1.324947000000000052e+01	1.825001000000000317e+01	1.285800000000000125e+02	0.000000000000000000e+00	0.000000000000000000e+00	0.000000000000000000e+00	0.000000000000000000e+00
1.374947000000000052e+01	1.825001000000000317e+01	1.429600000000000080e+02	0.000000000000000000e+00	0.000000000000000000e+00	0.000000000000000000e+00	0.000000000000000000e+00
1.424947000000000052e+01	1.825001000000000317e+01	1.445399999999999920e+02	0.000000000000000000e+00	0.000000000000000000e+00	0.000000000000000000e+00	0.000000000000000000e+00
1.474947000000000052e+01	1.825001000000000317e+01	1.465200000000000102e+02	0.000000000000000000e+00	0.000000000000000000e+00	0.000000000000000000e+00	0.000000000000000000e+00
1.524947000000000230e+01	1.825001000000000317e+01	1.441399999999999864e+02	0.000000000000000000e+00	0.000000000000000000e+00	0.000000000000000000e+00	0.000000000000000000e+00
1.574947000000000052e+01	1.825001000000000317e+01	1.384399999999999977e+02	0.000000000000000000e+00	0.000000000000000000e+00	0.000000000000000000e+00	0.000000000000000000e+00
1.624947000000000230e+01	1.825001000000000317e+01	1.376200000000000045e+02	0.000000000000000000e+00	0.000000000000000000e+00	0.000000000000000000e+00	0.000000000000000000e+00
1.674947000000000585e+01	1.825001000000000317e+01	1.393400000000000034e+02	0.000000000000000000e+00	0.000000000000000000e+00	0.000000000000000000e+00	0.000000000000000000e+00
1.724947000000000230e+01	1.825001000000000317e+01	1.473199999999999932e+02	0.000000000000000000e+00	0.000000000000000000e+00	0.000000000000000000e+00	0.000000000000000000e+00
1.774947000000000230e+01	1.825001000000000317e+01	1.450999999999999943e+02	0.000000000000000000e+00	0.000000000000000000e+00	0.000000000000000000e+00	0.000000000000000000e+00
1.824947000000000230e+01	1.825001000000000317e+01	1.496999999999999886e+02	0.000000000000000000e+00	0.000000000000000000e+00	0.000000000000000000e+00	0.000000000000000000e+00
1.874947000000000585e+01	1.825001000000000317e+01	1.507400000000000091e+02	0.000000000000000000e+00	0.000000000000000000e+00	0.000000000000000000e+00	0.000000000000000000e+00
1.924947000000000230e+01	1.825001000000000317e+01	1.529399999999999977e+02	0.000000000000000000e+00	0.000000000000000000e+00	0.000000000000000000e+00	0.000000000000000000e+00
1.974947000000000230e+01	1.825001000000000317e+01	1.505200000000000102e+02	0.000000000000000000e+00	0.000000000000000000e+00	0.000000000000000000e+00	0.000000000000000000e+00
1.024946999999999875e+01	1.875001000000000317e+01	1.193999999999999950e+01	0.000000000000000000e+00	0.000000000000000000e+00	0.000000000000000000e+00	0.000000000000000000e+00
1.074946999999999875e+01	1.875001000000000317e+01	1.358000000000000007e+01	0.000000000000000000e+00	0.000000000000000000e+00	0.000000000000000000e+00	0.000000000000000000e+00
1.124946999999999875e+01	1.875001000000000317e+01	2.103999999999999915e+01	0.000000000000000000e+00	0.000000000000000000e+00	0.000000000000000000e+00	0.000000000000000000e+00
1.174946999999999875e+01	1.875001000000000317e+01	2.680000000000000071e+01	0.000000000000000000e+00	0.000000000000000000e+00	0.000000000000000000e+00	0.000000000000000000e+00
1.224947000000000052e+01	1.875001000000000317e+01	4.797999999999999687e+01	0.000000000000000000e+00	0.000000000000000000e+00	0.000000000000000000e+00	0.000000000000000000e+00
1.274947000000000052e+01	1.875001000000000317e+01	7.681999999999999318e+01	0.000000000000000000e+00	0.000000000000000000e+00	0.000000000000000000e+00	0.000000000000000000e+00
1.324947000000000052e+01	1.875001000000000317e+01	1.042800000000000011e+02	0.000000000000000000e+00	0.000000000000000000e+00	0.000000000000000000e+00	0.000000000000000000e+00
1.374947000000000052e+01	1.875001000000000317e+01	1.229200000000000017e+02	0.000000000000000000e+00	0.000000000000000000e+00	0.000000000000000000e+00	0.000000000000000000e+00
1.424947000000000052e+01	1.875001000000000317e+01	1.288799999999999955e+02	0.000000000000000000e+00	0.000000000000000000e+00	0.000000000000000000e+00	0.000000000000000000e+00
1.474947000000000052e+01	1.875001000000000317e+01	1.489199999999999875e+02	0.000000000000000000e+00	0.000000000000000000e+00	0.000000000000000000e+00	0.000000000000000000e+00
1.524947000000000230e+01	1.875001000000000317e+01	1.425999999999999943e+02	0.000000000000000000e+00	0.000000000000000000e+00	0.000000000000000000e+00	0.000000000000000000e+00
1.574947000000000052e+01	1.875001000000000317e+01	1.191800000000000068e+02	0.000000000000000000e+00	0.000000000000000000e+00	0.000000000000000000e+00	0.000000000000000000e+00
1.624947000000000230e+01	1.875001000000000317e+01	1.115199999999999960e+02	0.000000000000000000e+00	0.000000000000000000e+00	0.000000000000000000e+00	0.000000000000000000e+00
1.674947000000000585e+01	1.875001000000000317e+01	1.164000000000000057e+02	0.000000000000000000e+00	0.000000000000000000e+00	0.000000000000000000e+00	0.000000000000000000e+00
1.724947000000000230e+01	1.875001000000000317e+01	1.227000000000000028e+02	0.000000000000000000e+00	0.000000000000000000e+00	0.000000000000000000e+00	0.000000000000000000e+00
1.774947000000000230e+01	1.875001000000000317e+01	1.296999999999999886e+02	0.000000000000000000e+00	0.000000000000000000e+00	0.000000000000000000e+00	0.000000000000000000e+00
1.824947000000000230e+01	1.875001000000000317e+01	1.263400000000000034e+02	0.000000000000000000e+00	0.000000000000000000e+00	0.000000000000000000e+00	0.000000000000000000e+00
1.874947000000000585e+01	1.875001000000000317e+01	1.272999999999999972e+02	0.000000000000000000e+00	0.000000000000000000e+00	0.000000000000000000e+00	0.000000000000000000e+00
1.924947000000000230e+01	1.875001000000000317e+01	1.284000000000000057e+02	0.000000000000000000e+00	0.000000000000000000e+00	0.000000000000000000e+00	0.000000000000000000e+00
1.974947000000000230e+01	1.875001000000000317e+01	1.297599999999999909e+02	0.000000000000000000e+00	0.000000000000000000e+00	0.000000000000000000e+00	0.000000000000000000e+00
1.024946999999999875e+01	1.925001000000000317e+01	9.519999999999999574e+00	0.000000000000000000e+00	0.000000000000000000e+00	0.000000000000000000e+00	0.000000000000000000e+00
1.074946999999999875e+01	1.925001000000000317e+01	1.119999999999999929e+01	0.000000000000000000e+00	0.000000000000000000e+00	0.000000000000000000e+00	0.000000000000000000e+00
1.124946999999999875e+01	1.925001000000000317e+01	1.582000000000000028e+01	0.000000000000000000e+00	0.000000000000000000e+00	0.000000000000000000e+00	0.000000000000000000e+00
1.174946999999999875e+01	1.925001000000000317e+01	2.050000000000000000e+01	0.000000000000000000e+00	0.000000000000000000e+00	0.000000000000000000e+00	0.000000000000000000e+00
1.224947000000000052e+01	1.925001000000000317e+01	2.926000000000000156e+01	0.000000000000000000e+00	0.000000000000000000e+00	0.000000000000000000e+00	0.000000000000000000e+00
1.274947000000000052e+01	1.925001000000000317e+01	5.352000000000000313e+01	0.000000000000000000e+00	0.000000000000000000e+00	0.000000000000000000e+00	0.000000000000000000e+00
1.324947000000000052e+01	1.925001000000000317e+01	7.131999999999999318e+01	0.000000000000000000e+00	0.000000000000000000e+00	0.000000000000000000e+00	0.000000000000000000e+00
1.374947000000000052e+01	1.925001000000000317e+01	8.429999999999999716e+01	0.000000000000000000e+00	0.000000000000000000e+00	0.000000000000000000e+00	0.000000000000000000e+00
1.424947000000000052e+01	1.925001000000000317e+01	8.598000000000000398e+01	0.000000000000000000e+00	0.000000000000000000e+00	0.000000000000000000e+00	0.000000000000000000e+00
1.474947000000000052e+01	1.925001000000000317e+01	8.540000000000000568e+01	0.000000000000000000e+00	0.000000000000000000e+00	0.000000000000000000e+00	0.000000000000000000e+00
1.524947000000000230e+01	1.925001000000000317e+01	8.714000000000000057e+01	0.000000000000000000e+00	0.000000000000000000e+00	0.000000000000000000e+00	0.000000000000000000e+00
1.574947000000000052e+01	1.925001000000000317e+01	8.357999999999999829e+01	0.000000000000000000e+00	0.000000000000000000e+00	0.000000000000000000e+00	0.000000000000000000e+00
1.624947000000000230e+01	1.925001000000000317e+01	7.531999999999999318e+01	0.000000000000000000e+00	0.000000000000000000e+00	0.000000000000000000e+00	0.000000000000000000e+00
1.674947000000000585e+01	1.925001000000000317e+01	7.407999999999999829e+01	0.000000000000000000e+00	0.000000000000000000e+00	0.000000000000000000e+00	0.000000000000000000e+00
1.724947000000000230e+01	1.925001000000000317e+01	8.007999999999999829e+01	0.000000000000000000e+00	0.000000000000000000e+00	0.000000000000000000e+00	0.000000000000000000e+00
1.774947000000000230e+01	1.925001000000000317e+01	9.600000000000000000e+01	0.000000000000000000e+00	0.000000000000000000e+00	0.000000000000000000e+00	0.000000000000000000e+00
1.824947000000000230e+01	1.925001000000000317e+01	9.981999999999999318e+01	0.000000000000000000e+00	0.000000000000000000e+00	0.000000000000000000e+00	0.000000000000000000e+00
1.874947000000000585e+01	1.925001000000000317e+01	9.759999999999999432e+01	0.000000000000000000e+00	0.000000000000000000e+00	0.000000000000000000e+00	0.000000000000000000e+00
1.924947000000000230e+01	1.925001000000000317e+01	1.073199999999999932e+02	0.000000000000000000e+00	0.000000000000000000e+00	0.000000000000000000e+00	0.000000000000000000e+00
1.974947000000000230e+01	1.925001000000000317e+01	1.052199999999999989e+02	0.000000000000000000e+00	0.000000000000000000e+00	0.000000000000000000e+00	0.000000000000000000e+00
1.024946999999999875e+01	1.975001000000000673e+01	7.360000000000000320e+00	0.000000000000000000e+00	0.000000000000000000e+00	0.000000000000000000e+00	0.000000000000000000e+00
1.074946999999999875e+01	1.975001000000000673e+01	9.039999999999999147e+00	0.000000000000000000e+00	0.000000000000000000e+00	0.000000000000000000e+00	0.000000000000000000e+00
1.124946999999999875e+01	1.975001000000000673e+01	1.040000000000000036e+01	0.000000000000000000e+00	0.000000000000000000e+00	0.000000000000000000e+00	0.000000000000000000e+00
1.174946999999999875e+01	1.975001000000000673e+01	1.203999999999999915e+01	0.000000000000000000e+00	0.000000000000000000e+00	0.000000000000000000e+00	0.000000000000000000e+00
1.224947000000000052e+01	1.975001000000000673e+01	1.359999999999999964e+01	0.000000000000000000e+00	0.000000000000000000e+00	0.000000000000000000e+00	0.000000000000000000e+00
1.274947000000000052e+01	1.975001000000000673e+01	1.467999999999999972e+01	0.000000000000000000e+00	0.000000000000000000e+00	0.000000000000000000e+00	0.000000000000000000e+00
1.324947000000000052e+01	1.975001000000000673e+01	1.871999999999999886e+01	0.000000000000000000e+00	0.000000000000000000e+00	0.000000000000000000e+00	0.000000000000000000e+00
1.374947000000000052e+01	1.975001000000000673e+01	1.978000000000000114e+01	0.000000000000000000e+00	0.000000000000000000e+00	0.000000000000000000e+00	0.000000000000000000e+00
1.424947000000000052e+01	1.975001000000000673e+01	2.150000000000000000e+01	0.000000000000000000e+00	0.000000000000000000e+00	0.000000000000000000e+00	0.000000000000000000e+00
1.474947000000000052e+01	1.975001000000000673e+01	2.028000000000000114e+01	0.000000000000000000e+00	0.000000000000000000e+00	0.000000000000000000e+00	0.000000000000000000e+00
1.524947000000000230e+01	1.975001000000000673e+01	2.037999999999999901e+01	0.000000000000000000e+00	0.000000000000000000e+00	0.000000000000000000e+00	0.000000000000000000e+00
1.574947000000000052e+01	1.975001000000000673e+01	2.107999999999999829e+01	0.000000000000000000e+00	0.000000000000000000e+00	0.000000000000000000e+00	0.000000000000000000e+00
1.624947000000000230e+01	1.975001000000000673e+01	2.021999999999999886e+01	0.000000000000000000e+00	0.000000000000000000e+00	0.000000000000000000e+00	0.000000000000000000e+00
1.674947000000000585e+01	1.975001000000000673e+01	2.062000000000000099e+01	0.000000000000000000e+00	0.000000000000000000e+00	0.000000000000000000e+00	0.000000000000000000e+00
1.724947000000000230e+01	1.975001000000000673e+01	1.837999999999999901e+01	0.000000000000000000e+00	0.000000000000000000e+00	0.000000000000000000e+00	0.000000000000000000e+00
1.774947000000000230e+01	1.975001000000000673e+01	2.146000000000000085e+01	0.000000000000000000e+00	0.000000000000000000e+00	0.000000000000000000e+00	0.000000000000000000e+00
1.824947000000000230e+01	1.975001000000000673e+01	2.276000000000000156e+01	0.000000000000000000e+00	0.000000000000000000e+00	0.000000000000000000e+00	0.000000000000000000e+00
1.874947000000000585e+01	1.975001000000000673e+01	2.148000000000000043e+01	0.000000000000000000e+00	0.000000000000000000e+00	0.000000000000000000e+00	0.000000000000000000e+00
1.924947000000000230e+01	1.975001000000000673e+01	2.230000000000000071e+01	0.000000000000000000e+00	0.000000000000000000e+00	0.000000000000000000e+00	0.000000000000000000e+00
1.974947000000000230e+01	1.975001000000000673e+01	2.378000000000000114e+01	0.000000000000000000e+00	0.000000000000000000e+00	0.000000000000000000e+00	0.000000000000000000e+00
