# Parameters:
n_avg = 1000000
meas_len_1 = 500
wait_for_initialization = 1500
wait_after_measure = 1000
NV_IF_freq = 71250000.0

# t_vec (Pulse Durations in clock cycles):
4 5 6 7 8 9 10 11 12 13 14 15 16 17 18 19 20 21 22 23 24 25 26 27 28 29 30 31 32 33 34 35 36 37 38 39 40 41 42 43 44 45 46 47 48 49 50 51 52 53 54 55 56 57 58 59 60 61 62 63 64 65 66 67 68 69 70 71 72 73 74 75 76 77 78 79 80 81 82 83 84 85 86 87 88 89 90 91 92 93 94 95 96 97 98 99 100 101 102 103 104 105 106 107 108 109 110 111 112 113 114 115 116 117 118 119 120 121 122 123 124 125 126 127 128 129 130 131 132 133 134 135 136 137 138 139 140 141 142 143 144 145 146 147 148 149 150 151 152 153 154 155 156 157 158 159 160 161 162 163 164 165 166 167 168 169 170 171 172 173 174 175 176 177 178 179 180 181 182 183 184 185 186 187 188 189 190 191 192 193 194 195 196 197 198 199 200 201 202 203 204 205 206 207 208 209 210 211 212 213 214 215 216 217 218 219 220 221 222 223 224 225 226 227 228 229 230 231 232 233 234 235 236 237 238 239 240 241 242 243 244 245 246 247 248 249 250 251 252 253 254 255 256 257 258 259 260 261 262 263 264 265 266 267 268 269 270 271 272 273 274 275 276 277 278 279 280 281 282 283 284 285 286 287 288 289 290 291 292 293 294 295 296 297 298 299 300 301 302 303 304 305 306 307 308 309 310 311 312 313 314 315 316 317 318 319 320 321 322 323 324 325 326 327 328 329 330 331 332 333 334 335 336 337 338 339 340 341 342 343 344 345 346 347 348 349 350 351 352 353 354 355 356 357 358 359 360 361 362 363 364 365 366 367 368 369 370 371 372 373 374 375 376 377 378 379 380 381 382 383 384 385 386 387 388 389 390 391 392 393 394 395 396 397 398 399

# Counts Data:
0.018904823989569754 0.013689700130378096 0.018904823989569754 0.02151238591916558 0.016297262059973925 0.011734028683181226 0.018252933507170794 0.01955671447196871 0.013689700130378096 0.016297262059973925 0.016297262059973925 0.01694915254237288 0.013689700130378096 0.012385919165580182 0.016297262059973925 0.01694915254237288 0.01955671447196871 0.016297262059973925 0.018252933507170794 0.01564537157757497 0.016297262059973925 0.012385919165580182 0.016297262059973925 0.011734028683181226 0.01499348109517601 0.01303780964797914 0.013689700130378096 0.01499348109517601 0.018904823989569754 0.013689700130378096 0.010430247718383311 0.01303780964797914 0.011734028683181226 0.017601043024771838 0.018252933507170794 0.014341590612777053 0.01694915254237288 0.016297262059973925 0.01499348109517601 0.011734028683181226 0.01564537157757497 0.016297262059973925 0.018904823989569754 0.009778357235984355 0.01108213820078227 0.020860495436766623 0.01564537157757497 0.012385919165580182 0.013689700130378096 0.018904823989569754 0.01499348109517601 0.018252933507170794 0.018252933507170794 0.016297262059973925 0.018252933507170794 0.012385919165580182 0.014341590612777053 0.017601043024771838 0.011734028683181226 0.00847457627118644 0.01499348109517601 0.02151238591916558 0.016297262059973925 0.013689700130378096 0.010430247718383311 0.01694915254237288 0.014341590612777053 0.01499348109517601 0.014341590612777053 0.01499348109517601 0.013689700130378096 0.00847457627118644 0.018252933507170794 0.014341590612777053 0.012385919165580182 0.016297262059973925 0.018904823989569754 0.013689700130378096 0.020208604954367666 0.012385919165580182 0.016297262059973925 0.01108213820078227 0.01499348109517601 0.01564537157757497 0.01303780964797914 0.013689700130378096 0.018252933507170794 0.01499348109517601 0.018904823989569754 0.017601043024771838 0.01499348109517601 0.009126466753585397 0.014341590612777053 0.011734028683181226 0.01303780964797914 0.01108213820078227 0.011734028683181226 0.01564537157757497 0.01564537157757497 0.009778357235984355 0.013689700130378096 0.01108213820078227 0.010430247718383311 0.01564537157757497 0.014341590612777053 0.013689700130378096 0.01303780964797914 0.013689700130378096 0.013689700130378096 0.01303780964797914 0.010430247718383311 0.01303780964797914 0.00847457627118644 0.014341590612777053 0.00847457627118644 0.011734028683181226 0.018904823989569754 0.012385919165580182 0.010430247718383311 0.016297262059973925 0.01564537157757497 0.01303780964797914 0.01564537157757497 0.012385919165580182 0.009778357235984355 0.017601043024771838 0.01303780964797914 0.01499348109517601 0.011734028683181226 0.01303780964797914 0.01564537157757497 0.011734028683181226 0.014341590612777053 0.017601043024771838 0.01955671447196871 0.014341590612777053 0.018252933507170794 0.012385919165580182 0.01108213820078227 0.018252933507170794 0.01694915254237288 0.009778357235984355 0.011734028683181226 0.01499348109517601 0.01694915254237288 0.02151238591916558 0.01694915254237288 0.022816166883963495 0.01108213820078227 0.01955671447196871 0.011734028683181226 0.009126466753585397 0.01108213820078227 0.01499348109517601 0.01564537157757497 0.01564537157757497 0.013689700130378096 0.011734028683181226 0.01694915254237288 0.011734028683181226 0.012385919165580182 0.011734028683181226 0.018904823989569754 0.01499348109517601 0.01499348109517601 0.007822685788787484 0.012385919165580182 0.009126466753585397 0.01303780964797914 0.011734028683181226 0.025423728813559324 0.018904823989569754 0.013689700130378096 0.01694915254237288 0.01564537157757497 0.014341590612777053 0.016297262059973925 0.017601043024771838 0.018252933507170794 0.02151238591916558 0.01303780964797914 0.010430247718383311 0.009778357235984355 0.009778357235984355 0.013689700130378096 0.014341590612777053 0.01694915254237288 0.011734028683181226 0.01303780964797914 0.01564537157757497 0.012385919165580182 0.011734028683181226 0.016297262059973925 0.011734028683181226 0.025423728813559324 0.010430247718383311 0.018904823989569754 0.017601043024771838 0.012385919165580182 0.01303780964797914 0.012385919165580182 0.01564537157757497 0.01694915254237288 0.018904823989569754 0.018904823989569754 0.01108213820078227 0.014341590612777053 0.020208604954367666 0.014341590612777053 0.012385919165580182 0.018904823989569754 0.014341590612777053 0.013689700130378096 0.012385919165580182 0.017601043024771838 0.013689700130378096 0.016297262059973925 0.01564537157757497 0.01564537157757497 0.01564537157757497 0.016297262059973925 0.014341590612777053 0.01694915254237288 0.018904823989569754 0.018252933507170794 0.017601043024771838 0.013689700130378096 0.018252933507170794 0.01303780964797914 0.01499348109517601 0.013689700130378096 0.01108213820078227 0.01694915254237288 0.011734028683181226 0.01564537157757497 0.012385919165580182 0.01694915254237288 0.010430247718383311 0.010430247718383311 0.014341590612777053 0.01108213820078227 0.017601043024771838 0.01499348109517601 0.01499348109517601 0.01564537157757497 0.01564537157757497 0.01499348109517601 0.01955671447196871 0.011734028683181226 0.01955671447196871 0.018904823989569754 0.013689700130378096 0.011734028683181226 0.010430247718383311 0.013689700130378096 0.010430247718383311 0.01564537157757497 0.018904823989569754 0.01303780964797914 0.009126466753585397 0.01303780964797914 0.009778357235984355 0.018252933507170794 0.02216427640156454 0.016297262059973925 0.00651890482398957 0.01955671447196871 0.020860495436766623 0.01499348109517601 0.018904823989569754 0.01108213820078227 0.014341590612777053 0.01564537157757497 0.014341590612777053 0.01499348109517601 0.01303780964797914 0.01303780964797914 0.01303780964797914 0.014341590612777053 0.01564537157757497 0.018252933507170794 0.01108213820078227 0.01564537157757497 0.01499348109517601 0.01499348109517601 0.009778357235984355 0.01108213820078227 0.018904823989569754 0.010430247718383311 0.016297262059973925 0.012385919165580182 0.014341590612777053 0.016297262059973925 0.01564537157757497 0.014341590612777053 0.013689700130378096 0.01108213820078227 0.01303780964797914 0.01303780964797914 0.016297262059973925 0.013689700130378096 0.017601043024771838 0.02151238591916558 0.013689700130378096 0.022816166883963495 0.011734028683181226 0.011734028683181226 0.01564537157757497 0.01499348109517601 0.012385919165580182 0.01564537157757497 0.012385919165580182 0.01564537157757497 0.01564537157757497 0.012385919165580182 0.013689700130378096 0.01564537157757497 0.01499348109517601 0.01303780964797914 0.01108213820078227 0.01694915254237288 0.01564537157757497 0.01694915254237288 0.01564537157757497 0.01499348109517601 0.011734028683181226 0.010430247718383311 0.016297262059973925 0.012385919165580182 0.012385919165580182 0.014341590612777053 0.01303780964797914 0.013689700130378096 0.020208604954367666 0.017601043024771838 0.011734028683181226 0.01955671447196871 0.018252933507170794 0.012385919165580182 0.009778357235984355 0.010430247718383311 0.013689700130378096 0.013689700130378096 0.014341590612777053 0.018252933507170794 0.017601043024771838 0.01499348109517601 0.01303780964797914 0.013689700130378096 0.009778357235984355 0.02151238591916558 0.020208604954367666 0.01955671447196871 0.016297262059973925 0.014341590612777053 0.016297262059973925 0.02151238591916558 0.018904823989569754 0.014341590612777053 0.018904823989569754 0.016297262059973925 0.01303780964797914 0.013689700130378096 0.01303780964797914 0.01303780964797914 0.011734028683181226 0.016297262059973925 0.01303780964797914 0.013689700130378096 0.01303780964797914 0.012385919165580182 0.011734028683181226 0.01303780964797914 0.01499348109517601 0.01303780964797914 0.020860495436766623 0.0045632333767926985 0.013689700130378096 0.014341590612777053 0.017601043024771838 0.01955671447196871 0.017601043024771838 0.014341590612777053 0.01303780964797914 0.01108213820078227 0.016297262059973925 0.012385919165580182 0.01694915254237288 0.010430247718383311 0.017601043024771838 0.01303780964797914 0.01499348109517601 0.01694915254237288 0.01108213820078227 0.009126466753585397 0.01303780964797914

# Dark Counts Data:
0.018252933507170794 0.016297262059973925 0.01303780964797914 0.020208604954367666 0.01955671447196871 0.017601043024771838 0.018252933507170794 0.01564537157757497 0.024119947848761408 0.01955671447196871 0.01694915254237288 0.02151238591916558 0.014341590612777053 0.01303780964797914 0.012385919165580182 0.009778357235984355 0.011734028683181226 0.02216427640156454 0.016297262059973925 0.01108213820078227 0.022816166883963495 0.01955671447196871 0.01564537157757497 0.01303780964797914 0.010430247718383311 0.017601043024771838 0.013689700130378096 0.01108213820078227 0.018252933507170794 0.00847457627118644 0.017601043024771838 0.018904823989569754 0.014341590612777053 0.016297262059973925 0.018904823989569754 0.009126466753585397 0.01564537157757497 0.01499348109517601 0.016297262059973925 0.013689700130378096 0.013689700130378096 0.016297262059973925 0.010430247718383311 0.01955671447196871 0.020860495436766623 0.012385919165580182 0.018904823989569754 0.016297262059973925 0.018252933507170794 0.016297262059973925 0.01303780964797914 0.018252933507170794 0.014341590612777053 0.017601043024771838 0.01564537157757497 0.02216427640156454 0.01694915254237288 0.01694915254237288 0.01303780964797914 0.022816166883963495 0.012385919165580182 0.01955671447196871 0.01694915254237288 0.01499348109517601 0.02216427640156454 0.01564537157757497 0.020860495436766623 0.01303780964797914 0.016297262059973925 0.01499348109517601 0.016297262059973925 0.014341590612777053 0.024119947848761408 0.02151238591916558 0.01499348109517601 0.01955671447196871 0.014341590612777053 0.013689700130378096 0.012385919165580182 0.01564537157757497 0.012385919165580182 0.009778357235984355 0.018252933507170794 0.01499348109517601 0.02151238591916558 0.018252933507170794 0.016297262059973925 0.011734028683181226 0.017601043024771838 0.01303780964797914 0.02151238591916558 0.010430247718383311 0.02216427640156454 0.01564537157757497 0.024119947848761408 0.009778357235984355 0.01564537157757497 0.022816166883963495 0.013689700130378096 0.02151238591916558 0.011734028683181226 0.010430247718383311 0.01694915254237288 0.01303780964797914 0.016297262059973925 0.017601043024771838 0.011734028683181226 0.017601043024771838 0.01564537157757497 0.014341590612777053 0.01694915254237288 0.020860495436766623 0.01955671447196871 0.014341590612777053 0.018904823989569754 0.018252933507170794 0.017601043024771838 0.01499348109517601 0.018252933507170794 0.01564537157757497 0.00847457627118644 0.018904823989569754 0.020208604954367666 0.016297262059973925 0.018252933507170794 0.01564537157757497 0.01499348109517601 0.018252933507170794 0.01694915254237288 0.017601043024771838 0.012385919165580182 0.02151238591916558 0.01694915254237288 0.01108213820078227 0.01499348109517601 0.01564537157757497 0.01955671447196871 0.018904823989569754 0.017601043024771838 0.01499348109517601 0.016297262059973925 0.010430247718383311 0.01303780964797914 0.01564537157757497 0.02216427640156454 0.020208604954367666 0.012385919165580182 0.013689700130378096 0.01694915254237288 0.01303780964797914 0.02216427640156454 0.018252933507170794 0.009126466753585397 0.012385919165580182 0.020208604954367666 0.027379400260756193 0.01303780964797914 0.01564537157757497 0.01564537157757497 0.01499348109517601 0.020208604954367666 0.016297262059973925 0.010430247718383311 0.01499348109517601 0.011734028683181226 0.017601043024771838 0.020208604954367666 0.01499348109517601 0.01955671447196871 0.01955671447196871 0.014341590612777053 0.012385919165580182 0.018252933507170794 0.013689700130378096 0.020208604954367666 0.020208604954367666 0.01564537157757497 0.017601043024771838 0.01303780964797914 0.01499348109517601 0.018252933507170794 0.01499348109517601 0.018904823989569754 0.02216427640156454 0.016297262059973925 0.018904823989569754 0.020208604954367666 0.016297262059973925 0.01499348109517601 0.02151238591916558 0.01303780964797914 0.014341590612777053 0.018252933507170794 0.012385919165580182 0.016297262059973925 0.016297262059973925 0.01499348109517601 0.007822685788787484 0.016297262059973925 0.01564537157757497 0.016297262059973925 0.01499348109517601 0.01564537157757497 0.01108213820078227 0.018252933507170794 0.020860495436766623 0.013689700130378096 0.01303780964797914 0.01499348109517601 0.01564537157757497 0.009778357235984355 0.01694915254237288 0.01499348109517601 0.018252933507170794 0.014341590612777053 0.016297262059973925 0.01564537157757497 0.013689700130378096 0.01694915254237288 0.014341590612777053 0.01303780964797914 0.01303780964797914 0.013689700130378096 0.020860495436766623 0.02216427640156454 0.010430247718383311 0.01955671447196871 0.01303780964797914 0.01564537157757497 0.01499348109517601 0.018904823989569754 0.01694915254237288 0.014341590612777053 0.018252933507170794 0.01694915254237288 0.022816166883963495 0.018904823989569754 0.018904823989569754 0.02346805736636245 0.014341590612777053 0.01303780964797914 0.01303780964797914 0.01955671447196871 0.014341590612777053 0.013689700130378096 0.01499348109517601 0.01564537157757497 0.01694915254237288 0.024771838331160364 0.00651890482398957 0.01303780964797914 0.020208604954367666 0.01694915254237288 0.01108213820078227 0.018904823989569754 0.012385919165580182 0.010430247718383311 0.013689700130378096 0.020208604954367666 0.020208604954367666 0.009778357235984355 0.011734028683181226 0.012385919165580182 0.01694915254237288 0.01564537157757497 0.01108213820078227 0.018252933507170794 0.016297262059973925 0.011734028683181226 0.018904823989569754 0.016297262059973925 0.018252933507170794 0.018904823989569754 0.017601043024771838 0.01108213820078227 0.010430247718383311 0.014341590612777053 0.020208604954367666 0.00847457627118644 0.017601043024771838 0.013689700130378096 0.018904823989569754 0.02151238591916558 0.017601043024771838 0.011734028683181226 0.011734028683181226 0.017601043024771838 0.01564537157757497 0.020860495436766623 0.02216427640156454 0.01499348109517601 0.020208604954367666 0.01564537157757497 0.011734028683181226 0.020208604954367666 0.014341590612777053 0.018252933507170794 0.01564537157757497 0.012385919165580182 0.01955671447196871 0.013689700130378096 0.01564537157757497 0.013689700130378096 0.017601043024771838 0.01108213820078227 0.018252933507170794 0.01694915254237288 0.016297262059973925 0.017601043024771838 0.011734028683181226 0.01564537157757497 0.020860495436766623 0.01499348109517601 0.018904823989569754 0.01499348109517601 0.016297262059973925 0.017601043024771838 0.01694915254237288 0.010430247718383311 0.01108213820078227 0.018904823989569754 0.01108213820078227 0.018252933507170794 0.014341590612777053 0.01564537157757497 0.014341590612777053 0.010430247718383311 0.01499348109517601 0.01955671447196871 0.01303780964797914 0.01955671447196871 0.01108213820078227 0.013689700130378096 0.01108213820078227 0.011734028683181226 0.01499348109517601 0.018904823989569754 0.013689700130378096 0.017601043024771838 0.014341590612777053 0.02216427640156454 0.01303780964797914 0.01694915254237288 0.01694915254237288 0.01499348109517601 0.018252933507170794 0.01499348109517601 0.01694915254237288 0.01303780964797914 0.014341590612777053 0.01303780964797914 0.018904823989569754 0.016297262059973925 0.014341590612777053 0.017601043024771838 0.010430247718383311 0.014341590612777053 0.01303780964797914 0.02346805736636245 0.01303780964797914 0.01564537157757497 0.02216427640156454 0.01499348109517601 0.017601043024771838 0.00847457627118644 0.011734028683181226 0.011734028683181226 0.009778357235984355 0.01564537157757497 0.014341590612777053 0.00847457627118644 0.01499348109517601 0.013689700130378096 0.020860495436766623 0.024771838331160364 0.013689700130378096 0.01499348109517601 0.010430247718383311 0.01564537157757497 0.01564537157757497 0.020208604954367666 0.01303780964797914 0.018252933507170794 0.01955671447196871 0.020208604954367666 0.01694915254237288 0.01564537157757497 0.01303780964797914 0.01499348109517601 0.01564537157757497 0.01303780964797914 0.01499348109517601 0.018252933507170794 0.010430247718383311 0.01694915254237288 0.01499348109517601
