# Parameters:
n_avg = 1000000
meas_len_1 = 500
wait_for_initialization = 1500
wait_after_measure = 1000
NV_IF_freq = 70000000

# t_vec (Pulse Durations in clock cycles):
4 5 6 7 8 9 10 11 12 13 14 15 16 17 18 19 20 21 22 23 24 25 26 27 28 29 30 31 32 33 34 35 36 37 38 39 40 41 42 43 44 45 46 47 48 49 50 51 52 53 54 55 56 57 58 59 60 61 62 63 64 65 66 67 68 69 70 71 72 73 74 75 76 77 78 79 80 81 82 83 84 85 86 87 88 89 90 91 92 93 94 95 96 97 98 99 100 101 102 103 104 105 106 107 108 109 110 111 112 113 114 115 116 117 118 119 120 121 122 123 124 125 126 127 128 129 130 131 132 133 134 135 136 137 138 139 140 141 142 143 144 145 146 147 148 149 150 151 152 153 154 155 156 157 158 159 160 161 162 163 164 165 166 167 168 169 170 171 172 173 174 175 176 177 178 179 180 181 182 183 184 185 186 187 188 189 190 191 192 193 194 195 196 197 198 199 200 201 202 203 204 205 206 207 208 209 210 211 212 213 214 215 216 217 218 219 220 221 222 223 224 225 226 227 228 229 230 231 232 233 234 235 236 237 238 239 240 241 242 243 244 245 246 247 248 249 250 251 252 253 254 255 256 257 258 259 260 261 262 263 264 265 266 267 268 269 270 271 272 273 274 275 276 277 278 279 280 281 282 283 284 285 286 287 288 289 290 291 292 293 294 295 296 297 298 299 300 301 302 303 304 305 306 307 308 309 310 311 312 313 314 315 316 317 318 319 320 321 322 323 324 325 326 327 328 329 330 331 332 333 334 335 336 337 338 339 340 341 342 343 344 345 346 347 348 349 350 351 352 353 354 355 356 357 358 359 360 361 362 363 364 365 366 367 368 369 370 371 372 373 374 375 376 377 378 379 380 381 382 383 384 385 386 387 388 389 390 391 392 393 394 395 396 397 398 399 400 401 402 403 404 405 406 407 408 409 410 411 412 413 414 415 416 417 418 419 420 421 422 423 424 425 426 427 428 429 430 431 432 433 434 435 436 437 438 439 440 441 442 443 444 445 446 447 448 449 450 451 452 453 454 455 456 457 458 459 460 461 462 463 464 465 466 467 468 469 470 471 472 473 474 475 476 477 478 479 480 481 482 483 484 485 486 487 488 489 490 491 492 493 494 495 496 497 498 499 500 501 502 503 504 505 506 507 508 509 510 511 512 513 514 515 516 517 518 519 520 521 522 523 524 525 526 527 528 529 530 531 532 533 534 535 536 537 538 539 540 541 542 543 544 545 546 547 548 549 550 551 552 553 554 555 556 557 558 559 560 561 562 563 564 565 566 567 568 569 570 571 572 573 574 575 576 577 578 579 580 581 582 583 584 585 586 587 588 589 590 591 592 593 594 595 596 597 598 599

# Counts Data:
0.03321223364510061 0.03194970498054675 0.03421710339852104 0.03220736389168019 0.03310917008064724 0.0312797918115998 0.030970601118239675 0.03243925691170029 0.03403674216072763 0.03279997938728711 0.03256808636726701 0.03331529720955399 0.03581458864754838 0.03318646775398727 0.03282574527840045 0.034320166962974415 0.03352142433846075 0.0308675375537863 0.0308675375537863 0.032001236762773444 0.030377985622632758 0.032645384040607045 0.031614748396073276 0.031485918940506556 0.03166628017829996 0.03158898250495994 0.030687176315992888 0.030223390275952694 0.030481049187086134 0.0312797918115998 0.03164051428718662 0.029785370127025843 0.031485918940506556 0.032001236762773444 0.03133132359382649 0.03045528329597279 0.030481049187086134 0.030687176315992888 0.03076447398933292 0.030223390275952694 0.03179510963386669 0.030532580969312825 0.030687176315992888 0.028754734482492078 0.03050681507819948 0.030249156167066037 0.028677436809152045 0.029991497255932597 0.02890932982917214 0.029553477107005746 0.030120326711499317 0.0288835639380588 0.0286516709180387 0.030171858493726004 0.03112519646491974 0.02945041354255237 0.030094560820385974 0.028960861611398832 0.03006879492927263 0.028497075571358634 0.02764680116461828 0.029424647651439026 0.029218520522532272 0.029527711215892403 0.027878694184638377 0.029501945324779056 0.02715724923346474 0.029965731364819254 0.028832032155832108 0.028497075571358634 0.029682306562572466 0.028368246115791914 0.028007523640205097 0.029373115869212336 0.029811136018139187 0.028806266264718765 0.028368246115791914 0.02803328953131844 0.02914122284919224 0.030223390275952694 0.028677436809152045 0.02808482131354513 0.028394012006905257 0.030558346860426168 0.028548607353585324 0.02790446007575172 0.028754734482492078 0.029398881760325683 0.027878694184638377 0.02803328953131844 0.02901239339362552 0.03014609260261266 0.028239416660225194 0.028754734482492078 0.029733838344799157 0.028806266264718765 0.028574373244698668 0.029038159284738862 0.028187884877998507 0.029991497255932597 0.028754734482492078 0.028986627502512175 0.02878050037360542 0.029038159284738862 0.029424647651439026 0.030687176315992888 0.02890932982917214 0.02932158408698565 0.029115456958078895 0.02983690190925253 0.029218520522532272 0.02932158408698565 0.029424647651439026 0.02764680116461828 0.028548607353585324 0.029295818195872306 0.030352219731519414 0.030532580969312825 0.028419777898018604 0.028110587204658474 0.027775630620185 0.029862667800365877 0.029527711215892403 0.02872896859137873 0.029063925175852205 0.028625905026925358 0.02790446007575172 0.030223390275952694 0.028857798046945455 0.030300687949292728 0.03071294220710623 0.031047898791579705 0.027775630620185 0.030558346860426168 0.029914199582592563 0.029063925175852205 0.02914122284919224 0.03071294220710623 0.027827162402411686 0.028806266264718765 0.028574373244698668 0.02872896859137873 0.030403751513746104 0.028806266264718765 0.030120326711499317 0.028497075571358634 0.030094560820385974 0.028677436809152045 0.029373115869212336 0.02963077478034578 0.029501945324779056 0.028548607353585324 0.030841771662672955 0.028574373244698668 0.029811136018139187 0.029501945324779056 0.02957924299811909 0.029862667800365877 0.029605008889232433 0.031022132900466362 0.029063925175852205 0.02957924299811909 0.028007523640205097 0.029501945324779056 0.029914199582592563 0.031022132900466362 0.02963077478034578 0.0306356445337662 0.029373115869212336 0.030120326711499317 0.031022132900466362 0.029063925175852205 0.0286516709180387 0.029063925175852205 0.029244286413645616 0.03112519646491974 0.029038159284738862 0.03006879492927263 0.028754734482492078 0.0286516709180387 0.02983690190925253 0.03027492205817938 0.031898173198320064 0.03001726314704594 0.030120326711499317 0.030043029038159284 0.0306356445337662 0.028445543789131948 0.029939965473705907 0.02983690190925253 0.027698332946844966 0.028239416660225194 0.02957924299811909 0.029115456958078895 0.029811136018139187 0.0297596042359125 0.030893303444899642 0.029733838344799157 0.030300687949292728 0.030094560820385974 0.03032645384040607 0.028703202700265388 0.03073870809821958 0.030687176315992888 0.029553477107005746 0.03112519646491974 0.02872896859137873 0.03184664141609338 0.028703202700265388 0.029244286413645616 0.028935095720285485 0.03019762438483935 0.028806266264718765 0.0288835639380588 0.029939965473705907 0.029656540671459123 0.029939965473705907 0.0308675375537863 0.0306356445337662 0.029347349978098992 0.029424647651439026 0.028857798046945455 0.028960861611398832 0.029244286413645616 0.02919275463141893 0.029605008889232433 0.03130555770271315 0.029476179433665713 0.028960861611398832 0.02983690190925253 0.029398881760325683 0.027955991857978407 0.031047898791579705 0.031073664682693052 0.029347349978098992 0.029939965473705907 0.030429517404859448 0.03099636700935302 0.030919069336012985 0.031357089484939836 0.03050681507819948 0.03133132359382649 0.029682306562572466 0.02878050037360542 0.03071294220710623 0.03050681507819948 0.030970601118239675 0.0288835639380588 0.030893303444899642 0.02872896859137873 0.03050681507819948 0.030481049187086134 0.03210430032722682 0.029166988740305582 0.03187240730720672 0.03019762438483935 0.030661410424879545 0.029939965473705907 0.03194970498054675 0.029373115869212336 0.031485918940506556 0.031460153049393216 0.030841771662672955 0.029939965473705907 0.03176934374275334 0.03171781196052666 0.03014609260261266 0.03112519646491974 0.03133132359382649 0.03249078869392698 0.02932158408698565 0.029733838344799157 0.029811136018139187 0.03182087552498003 0.030558346860426168 0.03130555770271315 0.031202494138259772 0.030919069336012985 0.03179510963386669 0.032903042951740485 0.030687176315992888 0.030377985622632758 0.03001726314704594 0.03019762438483935 0.03171781196052666 0.030661410424879545 0.03153745072273324 0.032542320476153665 0.03236195923836026 0.03050681507819948 0.030403751513746104 0.030377985622632758 0.03099636700935302 0.03027492205817938 0.029965731364819254 0.029038159284738862 0.03243925691170029 0.03143438715827987 0.031228260029373116 0.0308675375537863 0.030377985622632758 0.030841771662672955 0.0297596042359125 0.030429517404859448 0.032027002653886784 0.030352219731519414 0.030919069336012985 0.030094560820385974 0.028960861611398832 0.030249156167066037 0.03027492205817938 0.0312797918115998 0.030120326711499317 0.030352219731519414 0.03184664141609338 0.03143438715827987 0.03153745072273324 0.030609878642652855 0.030609878642652855 0.031022132900466362 0.030120326711499317 0.03094483522712633 0.033006106516193866 0.030403751513746104 0.031150962356033082 0.03174357785164 0.03001726314704594 0.029965731364819254 0.031073664682693052 0.030352219731519414 0.02746643992682487 0.03094483522712633 0.029682306562572466 0.030120326711499317 0.030481049187086134 0.03156321661384659 0.03174357785164 0.0312797918115998 0.02988843369147922 0.03006879492927263 0.030223390275952694 0.029244286413645616 0.029373115869212336 0.03081600577155961 0.030532580969312825 0.03073870809821958 0.030094560820385974 0.030120326711499317 0.0297596042359125 0.029733838344799157 0.02878050037360542 0.03246502280281364 0.030094560820385974 0.03138285537605318 0.02970807245368581 0.030532580969312825 0.030687176315992888 0.029166988740305582 0.02970807245368581 0.029373115869212336 0.030120326711499317 0.02890932982917214 0.03138285537605318 0.028857798046945455 0.03117672824714643 0.03112519646491974 0.02821365076911185 0.030223390275952694 0.030661410424879545 0.030403751513746104 0.028394012006905257 0.03019762438483935 0.030558346860426168 0.02970807245368581 0.02988843369147922 0.0297596042359125 0.029991497255932597 0.029038159284738862 0.03125402592048646 0.030352219731519414 0.029295818195872306 0.0297596042359125 0.030043029038159284 0.03071294220710623 0.029424647651439026 0.03019762438483935 0.028703202700265388 0.031228260029373116 0.030532580969312825 0.0306356445337662 0.03001726314704594 0.028857798046945455 0.02927005230475896 0.028832032155832108 0.02932158408698565 0.03117672824714643 0.030403751513746104 0.029373115869212336 0.02945041354255237 0.02890932982917214 0.03153745072273324 0.03112519646491974 0.030043029038159284 0.029218520522532272 0.028986627502512175 0.03182087552498003 0.027955991857978407 0.029373115869212336 0.029605008889232433 0.03001726314704594 0.029398881760325683 0.029656540671459123 0.030481049187086134 0.029166988740305582 0.03112519646491974 0.029115456958078895 0.029398881760325683 0.03117672824714643 0.03014609260261266 0.029038159284738862 0.031202494138259772 0.030403751513746104 0.03019762438483935 0.029527711215892403 0.029089691066965552 0.02963077478034578 0.029373115869212336 0.031485918940506556 0.0312797918115998 0.029038159284738862 0.030223390275952694 0.028935095720285485 0.030300687949292728 0.03117672824714643 0.029914199582592563 0.028832032155832108 0.027878694184638377 0.02821365076911185 0.028806266264718765 0.030043029038159284 0.029733838344799157 0.03019762438483935 0.032027002653886784 0.03099636700935302 0.029166988740305582 0.030223390275952694 0.030790239880446265 0.02988843369147922 0.029785370127025843 0.03045528329597279 0.02816211898688516 0.02957924299811909 0.029373115869212336 0.028394012006905257 0.028548607353585324 0.03019762438483935 0.030249156167066037 0.029656540671459123 0.03032645384040607 0.030249156167066037 0.029939965473705907 0.027981757749091753 0.02914122284919224 0.030223390275952694 0.029991497255932597 0.030300687949292728 0.02927005230475896 0.028857798046945455 0.029991497255932597 0.028548607353585324 0.03156321661384659 0.030970601118239675 0.030429517404859448 0.03001726314704594 0.030403751513746104 0.03001726314704594 0.030300687949292728 0.03032645384040607 0.02945041354255237 0.03130555770271315 0.028316714333565227 0.030094560820385974 0.02852284146247198 0.028703202700265388 0.030970601118239675 0.028832032155832108 0.02927005230475896 0.029733838344799157 0.030919069336012985 0.029424647651439026 0.029605008889232433 0.029089691066965552 0.028960861611398832 0.03099636700935302 0.02927005230475896 0.031228260029373116 0.03014609260261266 0.028007523640205097 0.029965731364819254 0.030120326711499317 0.03184664141609338 0.02852284146247198 0.028677436809152045 0.026770760866764578 0.029347349978098992 0.0308675375537863 0.028110587204658474 0.0288835639380588 0.028832032155832108 0.029063925175852205 0.03073870809821958 0.031228260029373116 0.030043029038159284 0.029605008889232433 0.029166988740305582 0.030893303444899642 0.028625905026925358 0.029914199582592563 0.03164051428718662 0.03019762438483935 0.02983690190925253 0.02890932982917214 0.028677436809152045 0.031228260029373116 0.02988843369147922 0.03112519646491974 0.029424647651439026 0.03032645384040607 0.02945041354255237 0.028986627502512175 0.028935095720285485 0.03143438715827987 0.029063925175852205 0.030558346860426168 0.02963077478034578 0.028574373244698668 0.03112519646491974 0.02890932982917214 0.03032645384040607 0.03133132359382649 0.031228260029373116 0.030300687949292728 0.02983690190925253 0.02932158408698565 0.02914122284919224 0.02919275463141893 0.03032645384040607 0.028677436809152045 0.029501945324779056 0.03231042745613357 0.029785370127025843 0.028857798046945455 0.03207853443611347 0.031202494138259772 0.029939965473705907 0.03071294220710623 0.029347349978098992 0.030171858493726004 0.032155832109453504 0.028832032155832108 0.0286516709180387 0.029373115869212336 0.03032645384040607 0.029166988740305582 0.028806266264718765 0.03158898250495994 0.029295818195872306 0.029914199582592563 0.03058411275153951 0.030841771662672955 0.02901239339362552 0.030532580969312825 0.029811136018139187 0.029605008889232433 0.031022132900466362 0.03071294220710623 0.031485918940506556 0.02901239339362552 0.030300687949292728 0.030043029038159284 0.028677436809152045 0.03045528329597279 0.0308675375537863 0.030120326711499317 0.02919275463141893 0.030352219731519414 0.030919069336012985 0.03071294220710623 0.02957924299811909 0.030558346860426168 0.029733838344799157 0.030171858493726004 0.029965731364819254 0.030609878642652855 0.030043029038159284 0.029373115869212336

# Dark Counts Data:
0.03231042745613357 0.0334956584473474 0.03321223364510061 0.033263765427327306 0.03236195923836026 0.0312797918115998 0.03331529720955399 0.033701785576254153 0.03249078869392698 0.033804849140707534 0.032542320476153665 0.03452629409188117 0.03310917008064724 0.03158898250495994 0.03279997938728711 0.033547190229574086 0.033933678596274254 0.03310917008064724 0.03218159800056685 0.03223312978279354 0.03176934374275334 0.0337275514673675 0.03231042745613357 0.03140862126716652 0.031898173198320064 0.032027002653886784 0.03452629409188117 0.03205276854500013 0.030609878642652855 0.033830615031820874 0.03295457473396717 0.0315116848316199 0.033160701862873926 0.03246502280281364 0.032130066218340164 0.03321223364510061 0.03243925691170029 0.03398521037850094 0.032413491020586944 0.032516554585040325 0.033289531318440646 0.03259385225838036 0.034835484785241295 0.033031872407307206 0.03282574527840045 0.03140862126716652 0.03274844760506042 0.03138285537605318 0.03310917008064724 0.03279997938728711 0.03344412666512071 0.03282574527840045 0.03385638092293422 0.032258895673906884 0.03401097626961429 0.033830615031820874 0.03398521037850094 0.03292880884285383 0.033392594882894026 0.03450052820076782 0.031228260029373116 0.0319754708716601 0.03359872201180078 0.033933678596274254 0.03401097626961429 0.03365025379402747 0.03236195923836026 0.03375331735848084 0.032001236762773444 0.032542320476153665 0.03256808636726701 0.032155832109453504 0.033263765427327306 0.03182087552498003 0.03323799953621396 0.03223312978279354 0.03282574527840045 0.03336682899178068 0.03344412666512071 0.033134935971760586 0.033031872407307206 0.03292880884285383 0.033547190229574086 0.03318646775398727 0.03259385225838036 0.032516554585040325 0.03243925691170029 0.03321223364510061 0.03346989255623406 0.03334106310066734 0.03174357785164 0.03401097626961429 0.031614748396073276 0.03411403983406766 0.0334956584473474 0.03310917008064724 0.03269691582283373 0.032413491020586944 0.0312797918115998 0.03164051428718662 0.03243925691170029 0.03390791270516091 0.03344412666512071 0.032542320476153665 0.03295457473396717 0.032516554585040325 0.03207853443611347 0.03295457473396717 0.03323799953621396 0.03192393908943341 0.03421710339852104 0.03259385225838036 0.03218159800056685 0.0328515111695138 0.03236195923836026 0.034809718894127956 0.03334106310066734 0.03274844760506042 0.032774213496173765 0.03344412666512071 0.033160701862873926 0.03282574527840045 0.03308340418953389 0.03274844760506042 0.033263765427327306 0.030790239880446265 0.03269691582283373 0.03158898250495994 0.033134935971760586 0.03416557161629435 0.03184664141609338 0.032413491020586944 0.03421710339852104 0.03259385225838036 0.03210430032722682 0.03321223364510061 0.03336682899178068 0.032155832109453504 0.03308340418953389 0.032645384040607045 0.03344412666512071 0.033006106516193866 0.03246502280281364 0.032645384040607045 0.033418360774007366 0.03267114993172039 0.03207853443611347 0.03401097626961429 0.03140862126716652 0.0337275514673675 0.032774213496173765 0.033804849140707534 0.033006106516193866 0.03207853443611347 0.033031872407307206 0.03465512354744789 0.032258895673906884 0.033933678596274254 0.03272268171394708 0.0315116848316199 0.03233619334724692 0.03205276854500013 0.03194970498054675 0.033676019685140814 0.033134935971760586 0.032903042951740485 0.03158898250495994 0.03269691582283373 0.0334956584473474 0.0337275514673675 0.03269691582283373 0.03099636700935302 0.03184664141609338 0.033676019685140814 0.031485918940506556 0.032542320476153665 0.03292880884285383 0.03511890958748808 0.032258895673906884 0.03305763829842055 0.033701785576254153 0.0326196181494937 0.03176934374275334 0.03403674216072763 0.03125402592048646 0.03171781196052666 0.03220736389168019 0.03130555770271315 0.033418360774007366 0.0334956584473474 0.03272268171394708 0.03269691582283373 0.03336682899178068 0.0306356445337662 0.03421710339852104 0.03187240730720672 0.03267114993172039 0.03220736389168019 0.030532580969312825 0.033006106516193866 0.03249078869392698 0.032284661565020224 0.031228260029373116 0.032542320476153665 0.03156321661384659 0.03192393908943341 0.03249078869392698 0.032387725129473605 0.032130066218340164 0.03269691582283373 0.03279997938728711 0.03094483522712633 0.03318646775398727 0.03359872201180078 0.03187240730720672 0.03439746463631445 0.032387725129473605 0.033263765427327306 0.032413491020586944 0.033392594882894026 0.03331529720955399 0.03287727706062714 0.033933678596274254 0.030790239880446265 0.032774213496173765 0.03344412666512071 0.03426863518074773 0.032258895673906884 0.03274844760506042 0.03450052820076782 0.03182087552498003 0.03194970498054675 0.03236195923836026 0.033031872407307206 0.03112519646491974 0.03259385225838036 0.03310917008064724 0.03182087552498003 0.03401097626961429 0.03295457473396717 0.03411403983406766 0.03153745072273324 0.033933678596274254 0.033959444487387594 0.03352142433846075 0.032130066218340164 0.03323799953621396 0.03359872201180078 0.03352142433846075 0.033289531318440646 0.03171781196052666 0.03272268171394708 0.03323799953621396 0.03171781196052666 0.0315116848316199 0.03442323052742779 0.03179510963386669 0.03259385225838036 0.03223312978279354 0.03462935765633454 0.03377908324959419 0.031614748396073276 0.032542320476153665 0.03426863518074773 0.03429440107186107 0.03359872201180078 0.03279997938728711 0.03310917008064724 0.03310917008064724 0.034062508051840974 0.034062508051840974 0.03269691582283373 0.03375331735848084 0.03192393908943341 0.03331529720955399 0.033006106516193866 0.03246502280281364 0.03323799953621396 0.03375331735848084 0.032645384040607045 0.03246502280281364 0.032903042951740485 0.03305763829842055 0.03174357785164 0.03357295612068743 0.03194970498054675 0.03388214681404756 0.032155832109453504 0.03377908324959419 0.03184664141609338 0.032001236762773444 0.032645384040607045 0.03344412666512071 0.03377908324959419 0.03223312978279354 0.03279997938728711 0.03192393908943341 0.03171781196052666 0.03259385225838036 0.03233619334724692 0.0326196181494937 0.032001236762773444 0.03310917008064724 0.03205276854500013 0.0308675375537863 0.033676019685140814 0.03421710339852104 0.033006106516193866 0.03344412666512071 0.03298034062508052 0.03058411275153951 0.03205276854500013 0.03305763829842055 0.032155832109453504 0.03223312978279354 0.03390791270516091 0.03359872201180078 0.033830615031820874 0.03287727706062714 0.03243925691170029 0.032542320476153665 0.03323799953621396 0.0334956584473474 0.03205276854500013 0.032130066218340164 0.033134935971760586 0.03058411275153951 0.032258895673906884 0.0343716987452011 0.03233619334724692 0.03218159800056685 0.03192393908943341 0.03259385225838036 0.033031872407307206 0.03218159800056685 0.031073664682693052 0.032542320476153665 0.0326196181494937 0.03447476230965448 0.034809718894127956 0.03272268171394708 0.03259385225838036 0.03292880884285383 0.033160701862873926 0.033031872407307206 0.03308340418953389 0.03210430032722682 0.03231042745613357 0.03249078869392698 0.031357089484939836 0.03292880884285383 0.032001236762773444 0.033006106516193866 0.03403674216072763 0.03411403983406766 0.03390791270516091 0.03269691582283373 0.03359872201180078 0.03236195923836026 0.03295457473396717 0.033701785576254153 0.03357295612068743 0.03318646775398727 0.03385638092293422 0.03207853443611347 0.032284661565020224 0.033830615031820874 0.034577825874107855 0.03426863518074773 0.03236195923836026 0.032774213496173765 0.03310917008064724 0.03344412666512071 0.032258895673906884 0.03375331735848084 0.03411403983406766 0.033933678596274254 0.03153745072273324 0.03269691582283373 0.03323799953621396 0.03504161191414805 0.034320166962974415 0.031047898791579705 0.033134935971760586 0.034320166962974415 0.03164051428718662 0.03424286928963438 0.03246502280281364 0.033933678596274254 0.033418360774007366 0.032516554585040325 0.03231042745613357 0.03192393908943341 0.03153745072273324 0.033933678596274254 0.033006106516193866 0.03282574527840045 0.03321223364510061 0.03308340418953389 0.033006106516193866 0.032413491020586944 0.03272268171394708 0.03352142433846075 0.03138285537605318 0.032387725129473605 0.03362448790291412 0.03179510963386669 0.033547190229574086 0.031357089484939836 0.03210430032722682 0.032516554585040325 0.033006106516193866 0.03272268171394708 0.034938548349694676 0.03058411275153951 0.03295457473396717 0.03272268171394708 0.03421710339852104 0.03305763829842055 0.0328515111695138 0.03205276854500013 0.03388214681404756 0.03282574527840045 0.033392594882894026 0.03413980572518101 0.03310917008064724 0.03246502280281364 0.03359872201180078 0.033676019685140814 0.03346989255623406 0.03323799953621396 0.03352142433846075 0.033289531318440646 0.033933678596274254 0.03269691582283373 0.031022132900466362 0.032774213496173765 0.03331529720955399 0.03424286928963438 0.03166628017829996 0.03439746463631445 0.034938548349694676 0.031485918940506556 0.03346989255623406 0.03194970498054675 0.03184664141609338 0.03375331735848084 0.032155832109453504 0.0337275514673675 0.03390791270516091 0.03267114993172039 0.03272268171394708 0.03140862126716652 0.03434593285408776 0.0326196181494937 0.03491278245858133 0.032001236762773444 0.03259385225838036 0.03279997938728711 0.03218159800056685 0.031099430573806396 0.032001236762773444 0.0326196181494937 0.0326196181494937 0.03287727706062714 0.031898173198320064 0.03243925691170029 0.03292880884285383 0.03187240730720672 0.03223312978279354 0.03179510963386669 0.03153745072273324 0.033392594882894026 0.03143438715827987 0.03158898250495994 0.03243925691170029 0.03246502280281364 0.03398521037850094 0.03308340418953389 0.03334106310066734 0.033392594882894026 0.032027002653886784 0.0328515111695138 0.03272268171394708 0.03220736389168019 0.03287727706062714 0.033547190229574086 0.03267114993172039 0.03310917008064724 0.032645384040607045 0.033701785576254153 0.03292880884285383 0.0315116848316199 0.03310917008064724 0.034577825874107855 0.03295457473396717 0.032027002653886784 0.03491278245858133 0.031898173198320064 0.03478395300301461 0.03259385225838036 0.0315116848316199 0.032645384040607045 0.03259385225838036 0.03295457473396717 0.033701785576254153 0.0334956584473474 0.03292880884285383 0.03233619334724692 0.03344412666512071 0.03249078869392698 0.03272268171394708 0.033134935971760586 0.033959444487387594 0.033804849140707534 0.0326196181494937 0.03249078869392698 0.033006106516193866 0.033263765427327306 0.033392594882894026 0.034191337507407694 0.03447476230965448 0.03334106310066734 0.03478395300301461 0.03442323052742779 0.03362448790291412 0.03321223364510061 0.03205276854500013 0.03207853443611347 0.03218159800056685 0.033676019685140814 0.03401097626961429 0.03130555770271315 0.033289531318440646 0.03411403983406766 0.03344412666512071 0.03182087552498003 0.03267114993172039 0.033031872407307206 0.033160701862873926 0.03171781196052666 0.03298034062508052 0.03529927082528149 0.03398521037850094 0.03282574527840045 0.03184664141609338 0.033134935971760586 0.03334106310066734 0.03233619334724692 0.0337275514673675 0.03279997938728711 0.03249078869392698 0.034191337507407694 0.032155832109453504 0.03385638092293422 0.03081600577155961 0.03231042745613357 0.03298034062508052 0.03287727706062714 0.03413980572518101 0.03499008013192136 0.03390791270516091 0.032645384040607045 0.03411403983406766 0.032387725129473605 0.033959444487387594 0.03274844760506042 0.034448996418541135 0.03323799953621396 0.030558346860426168 0.03179510963386669 0.03272268171394708 0.032258895673906884 0.033031872407307206 0.03295457473396717 0.032155832109453504 0.03357295612068743 0.032413491020586944 0.03426863518074773 0.03292880884285383 0.032001236762773444 0.03287727706062714 0.03413980572518101 0.03272268171394708 0.033031872407307206 0.03488701656746799 0.03344412666512071 0.032284661565020224 0.03133132359382649 0.032774213496173765 0.03385638092293422 0.03501584602303471 0.033701785576254153 0.033031872407307206 0.033701785576254153 0.03179510963386669
