# Parameters:
n_avg = 1000000
meas_len_1 = 500
wait_for_initialization = 1500
wait_after_measure = 1000
NV_IF_freq = 70000000

# t_vec (Pulse Durations in clock cycles):
4 5 6 7 8 9 10 11 12 13 14 15 16 17 18 19 20 21 22 23 24 25 26 27 28 29 30 31 32 33 34 35 36 37 38 39 40 41 42 43 44 45 46 47 48 49 50 51 52 53 54 55 56 57 58 59 60 61 62 63 64 65 66 67 68 69 70 71 72 73 74 75 76 77 78 79 80 81 82 83 84 85 86 87 88 89 90 91 92 93 94 95 96 97 98 99 100 101 102 103 104 105 106 107 108 109 110 111 112 113 114 115 116 117 118 119 120 121 122 123 124 125 126 127 128 129 130 131 132 133 134 135 136 137 138 139 140 141 142 143 144 145 146 147 148 149 150 151 152 153 154 155 156 157 158 159 160 161 162 163 164 165 166 167 168 169 170 171 172 173 174 175 176 177 178 179 180 181 182 183 184 185 186 187 188 189 190 191 192 193 194 195 196 197 198 199 200 201 202 203 204 205 206 207 208 209 210 211 212 213 214 215 216 217 218 219 220 221 222 223 224 225 226 227 228 229 230 231 232 233 234 235 236 237 238 239 240 241 242 243 244 245 246 247 248 249 250 251 252 253 254 255 256 257 258 259 260 261 262 263 264 265 266 267 268 269 270 271 272 273 274 275 276 277 278 279 280 281 282 283 284 285 286 287 288 289 290 291 292 293 294 295 296 297 298 299 300 301 302 303 304 305 306 307 308 309 310 311 312 313 314 315 316 317 318 319 320 321 322 323 324 325 326 327 328 329 330 331 332 333 334 335 336 337 338 339 340 341 342 343 344 345 346 347 348 349 350 351 352 353 354 355 356 357 358 359 360 361 362 363 364 365 366 367 368 369 370 371 372 373 374 375 376 377 378 379 380 381 382 383 384 385 386 387 388 389 390 391 392 393 394 395 396 397 398 399

# Counts Data:
0.025211437776882804 0.02662102295610149 0.025211437776882804 0.02509061619009263 0.02549335481272654 0.02468787756745872 0.022593636729762383 0.023076923076923078 0.023640757148610553 0.022150624244865084 0.02174788562223117 0.022271445831655256 0.020217478856222312 0.0193717277486911 0.020579943616592832 0.018364881192106323 0.018485702778896496 0.019250906161900925 0.018968989126057188 0.018042690293999193 0.01864679822795006 0.017639951671365284 0.01703584373741442 0.018848167539267015 0.018566250503423278 0.018848167539267015 0.01828433346757954 0.01820378574305276 0.0171163914619412 0.018042690293999193 0.018566250503423278 0.018566250503423278 0.01683447442609746 0.018606524365686668 0.01941200161095449 0.0198147402335884 0.01900926298832058 0.019935561820378575 0.019170358437374146 0.01824405960531615 0.019170358437374146 0.019935561820378575 0.018928715263793798 0.020056383407168747 0.019613370922271445 0.021506242448650827 0.021465968586387434 0.020217478856222312 0.023076923076923078 0.020217478856222312 0.019895287958115182 0.021828433346757953 0.021868707209021346 0.02122432541280709 0.02174788562223117 0.020781312927909787 0.021022956101490135 0.022674184454289165 0.02134514699959726 0.020781312927909787 0.020056383407168747 0.021063229963753524 0.021908981071284736 0.021103503826016914 0.02170761175996778 0.020741039065646394 0.02356020942408377 0.02138542086186065 0.02122432541280709 0.02090213451469996 0.022754732178815948 0.02271445831655256 0.021546516310914216 0.020579943616592832 0.023842126459927507 0.024043495771244462 0.021908981071284736 0.02138542086186065 0.023117196939186468 0.020257752718485702 0.022633910592025776 0.021184051550543696 0.023157470801449857 0.02323801852597664 0.022593636729762383 0.02053966975432944 0.022311719693918645 0.021627064035441 0.021868707209021346 0.021908981071284736 0.020579943616592832 0.019532823197744662 0.021788159484494564 0.020781312927909787 0.022029802658074908 0.02013693113169553 0.021063229963753524 0.02090213451469996 0.019895287958115182 0.022190898107128473 0.020338300443012484 0.020942408376963352 0.02170761175996778 0.020700765203383004 0.020620217478856222 0.0198147402335884 0.02009665726943214 0.018928715263793798 0.01864679822795006 0.019573097060008055 0.020781312927909787 0.019089810712847363 0.02049939589206605 0.022190898107128473 0.02086186065243657 0.02122432541280709 0.021627064035441 0.021063229963753524 0.018848167539267015 0.021868707209021346 0.021828433346757953 0.022231171969391866 0.021949254933548126 0.023157470801449857 0.020620217478856222 0.020378574305275877 0.02122432541280709 0.021949254933548126 0.021063229963753524 0.021143777688280307 0.02235199355618204 0.021425694724124044 0.02134514699959726 0.02013693113169553 0.022553362867498993 0.02247281514297221 0.02049939589206605 0.021184051550543696 0.01941200161095449 0.019935561820378575 0.022190898107128473 0.01816351188078937 0.02017720499395892 0.019855014095851792 0.021063229963753524 0.020257752718485702 0.02009665726943214 0.02053966975432944 0.019573097060008055 0.01973419250906162 0.020378574305275877 0.01824405960531615 0.02138542086186065 0.019250906161900925 0.01977446637132501 0.020338300443012484 0.021828433346757953 0.01973419250906162 0.0198147402335884 0.020741039065646394 0.021103503826016914 0.020298026580749095 0.021103503826016914 0.021304873137333872 0.01977446637132501 0.020942408376963352 0.02170761175996778 0.020257752718485702 0.020660491341119615 0.020257752718485702 0.020056383407168747 0.019975835682641965 0.021627064035441 0.022150624244865084 0.0220700765203383 0.021103503826016914 0.02174788562223117 0.023117196939186468 0.021304873137333872 0.021184051550543696 0.021788159484494564 0.02271445831655256 0.020700765203383004 0.02356020942408377 0.02319774466371325 0.02158679017317761 0.021828433346757953 0.021949254933548126 0.021788159484494564 0.020781312927909787 0.02098268223922674 0.02090213451469996 0.022674184454289165 0.01941200161095449 0.021546516310914216 0.018606524365686668 0.019693918646798227 0.020378574305275877 0.019452275473217883 0.0193717277486911 0.02017720499395892 0.019089810712847363 0.020056383407168747 0.01864679822795006 0.019855014095851792 0.02009665726943214 0.019210632299637535 0.020298026580749095 0.01941200161095449 0.021063229963753524 0.020660491341119615 0.019089810712847363 0.01904953685058397 0.02017720499395892 0.02013693113169553 0.019130084575110753 0.021828433346757953 0.02098268223922674 0.02122432541280709 0.02126459927507048 0.019653644784534838 0.020217478856222312 0.022029802658074908 0.020741039065646394 0.021425694724124044 0.021103503826016914 0.021184051550543696 0.02271445831655256 0.022029802658074908 0.020378574305275877 0.02170761175996778 0.022633910592025776 0.020459122029802657 0.021908981071284736 0.02049939589206605 0.021143777688280307 0.021465968586387434 0.020298026580749095 0.020620217478856222 0.02247281514297221 0.021546516310914216 0.019331453886427707 0.02053966975432944 0.02126459927507048 0.02138542086186065 0.021184051550543696 0.02017720499395892 0.021506242448650827 0.0198147402335884 0.021304873137333872 0.02013693113169553 0.01973419250906162 0.020700765203383004 0.022513089005235604 0.02009665726943214 0.019855014095851792 0.01977446637132501 0.02126459927507048 0.021627064035441 0.02090213451469996 0.019693918646798227 0.021184051550543696 0.020942408376963352 0.021868707209021346 0.020418848167539267 0.023519935561820377 0.02098268223922674 0.021627064035441 0.02211035038260169 0.020579943616592832 0.020298026580749095 0.02138542086186065 0.02090213451469996 0.02090213451469996 0.021103503826016914 0.022271445831655256 0.01864679822795006 0.022029802658074908 0.01977446637132501 0.019492549335481273 0.021063229963753524 0.02271445831655256 0.019855014095851792 0.020459122029802657 0.02090213451469996 0.019331453886427707 0.01864679822795006 0.019613370922271445 0.01900926298832058 0.020217478856222312 0.01941200161095449 0.01973419250906162 0.02013693113169553 0.018566250503423278 0.01904953685058397 0.021103503826016914 0.020741039065646394 0.019613370922271445 0.02086186065243657 0.020378574305275877 0.020781312927909787 0.021184051550543696 0.02053966975432944 0.020217478856222312 0.021506242448650827 0.019653644784534838 0.02053966975432944 0.02134514699959726 0.02158679017317761 0.02283527990334273 0.020821586790173176 0.021063229963753524 0.021184051550543696 0.021788159484494564 0.023036649214659685 0.02235199355618204 0.020942408376963352 0.023479661699556988 0.023842126459927507 0.022311719693918645 0.02211035038260169 0.02243254128070882 0.020700765203383004 0.022029802658074908 0.02138542086186065 0.020821586790173176 0.020942408376963352 0.020459122029802657 0.021868707209021346 0.020700765203383004 0.022231171969391866 0.02009665726943214 0.020418848167539267 0.019613370922271445 0.02013693113169553 0.021546516310914216 0.019170358437374146 0.019975835682641965 0.018767619814740233 0.019130084575110753 0.01852597664115989 0.019170358437374146 0.019693918646798227 0.020056383407168747 0.020298026580749095 0.020579943616592832 0.019331453886427707 0.021022956101490135 0.022150624244865084 0.020378574305275877 0.020016109544905358 0.02122432541280709 0.019935561820378575 0.019573097060008055 0.01864679822795006 0.02122432541280709 0.020257752718485702 0.020338300443012484 0.021949254933548126 0.022271445831655256 0.02211035038260169 0.02170761175996778 0.02126459927507048 0.020217478856222312 0.02098268223922674 0.022553362867498993 0.01973419250906162 0.020741039065646394 0.021425694724124044 0.02053966975432944 0.022513089005235604 0.020298026580749095 0.019855014095851792 0.020781312927909787 0.021184051550543696 0.020298026580749095 0.022231171969391866 0.02198952879581152 0.019250906161900925 0.02086186065243657 0.0193717277486911 0.018968989126057188 0.019492549335481273 0.02126459927507048 0.01977446637132501 0.02122432541280709 0.020700765203383004 0.022593636729762383 0.021022956101490135 0.020217478856222312 0.020338300443012484 0.020781312927909787 0.02174788562223117 0.019975835682641965 0.02090213451469996 0.018566250503423278

# Dark Counts Data:
0.026943213854208618 0.025654450261780103 0.02444623439387837 0.02577527184857028 0.025251711639146194 0.026540475231574708 0.02553362867498993 0.025010068465565846 0.025654450261780103 0.026822392267418445 0.024607329842931937 0.02480869915424889 0.026782118405155056 0.02577527184857028 0.025654450261780103 0.02625855819573097 0.02464760370519533 0.026459927507047926 0.024768425291985502 0.023479661699556988 0.026016915022150623 0.025694724124043496 0.02553362867498993 0.024043495771244462 0.027265404752315748 0.026339105920257753 0.025332259363672976 0.027547321788159485 0.024124043495771245 0.024204591220298027 0.02541280708819976 0.026862666129681835 0.024083769633507852 0.02480869915424889 0.025694724124043496 0.025291985501409583 0.027104309303262183 0.02662102295610149 0.0243254128070882 0.026782118405155056 0.025332259363672976 0.026218284333467578 0.02774869109947644 0.024848973016512284 0.025251711639146194 0.024768425291985502 0.024405960531614982 0.026701570680628273 0.024486508256141765 0.026822392267418445 0.02545308095046315 0.025372533225936366 0.024244865082561417 0.02593636729762384 0.026057188884414016 0.02629883205799436 0.02585581957309706 0.027104309303262183 0.026741844542891663 0.02589609343536045 0.02464760370519533 0.02585581957309706 0.025654450261780103 0.02480869915424889 0.027587595650422875 0.024848973016512284 0.024889246878775674 0.025251711639146194 0.026016915022150623 0.02468787756745872 0.024969794603302457 0.025654450261780103 0.02517116391461941 0.02662102295610149 0.026016915022150623 0.02541280708819976 0.025291985501409583 0.02662102295610149 0.026016915022150623 0.02444623439387837 0.026218284333467578 0.0261377366089408 0.02742650020136931 0.024244865082561417 0.0261377366089408 0.025251711639146194 0.02698348771647201 0.0261377366089408 0.025010068465565846 0.026057188884414016 0.02505034232782924 0.02589609343536045 0.026741844542891663 0.02541280708819976 0.024607329842931937 0.02396294804671768 0.02593636729762384 0.027265404752315748 0.025614176399516714 0.025211437776882804 0.02517116391461941 0.02734595247684253 0.026701570680628273 0.0261377366089408 0.02553362867498993 0.026218284333467578 0.027547321788159485 0.02666129681836488 0.024365686669351592 0.025694724124043496 0.025251711639146194 0.027909786548530005 0.026701570680628273 0.02666129681836488 0.026701570680628273 0.026902939991945228 0.024204591220298027 0.02629883205799436 0.026741844542891663 0.026057188884414016 0.02625855819573097 0.026097462746677406 0.02549335481272654 0.025010068465565846 0.025573902537253324 0.025654450261780103 0.02553362867498993 0.026218284333467578 0.027627869512686268 0.026943213854208618 0.023842126459927507 0.0243254128070882 0.027104309303262183 0.027144583165525572 0.026902939991945228 0.02319774466371325 0.026902939991945228 0.027265404752315748 0.027627869512686268 0.024567055980668547 0.025211437776882804 0.02577527184857028 0.0261377366089408 0.02549335481272654 0.02577527184857028 0.024043495771244462 0.025976641159887234 0.02585581957309706 0.026701570680628273 0.02356020942408377 0.02581554571083367 0.025694724124043496 0.02625855819573097 0.02577527184857028 0.024848973016512284 0.026459927507047926 0.025130890052356022 0.02589609343536045 0.026419653644784536 0.025372533225936366 0.02517116391461941 0.026741844542891663 0.02617801047120419 0.025130890052356022 0.025694724124043496 0.02629883205799436 0.02617801047120419 0.024526782118405154 0.025654450261780103 0.024204591220298027 0.02577527184857028 0.024848973016512284 0.026459927507047926 0.025251711639146194 0.02541280708819976 0.02625855819573097 0.02553362867498993 0.025614176399516714 0.027829238824003222 0.026580749093838098 0.026459927507047926 0.023882400322190897 0.02698348771647201 0.02505034232782924 0.027064035440998793 0.027104309303262183 0.02585581957309706 0.02625855819573097 0.026218284333467578 0.02541280708819976 0.025573902537253324 0.027466774063632703 0.027064035440998793 0.025291985501409583 0.026419653644784536 0.026379379782521143 0.026701570680628273 0.027064035440998793 0.026097462746677406 0.025614176399516714 0.024043495771244462 0.026459927507047926 0.02553362867498993 0.025654450261780103 0.02577527184857028 0.025332259363672976 0.026379379782521143 0.02396294804671768 0.025573902537253324 0.024889246878775674 0.02593636729762384 0.026459927507047926 0.025211437776882804 0.02509061619009263 0.02509061619009263 0.0261377366089408 0.025573902537253324 0.026016915022150623 0.02581554571083367 0.02472815142972211 0.026218284333467578 0.02650020136931132 0.02553362867498993 0.026339105920257753 0.026782118405155056 0.02625855819573097 0.025130890052356022 0.026097462746677406 0.026862666129681835 0.025976641159887234 0.02581554571083367 0.02581554571083367 0.026540475231574708 0.02480869915424889 0.025614176399516714 0.027184857027788965 0.02625855819573097 0.02545308095046315 0.02553362867498993 0.026218284333467578 0.025614176399516714 0.026218284333467578 0.026379379782521143 0.02468787756745872 0.025291985501409583 0.025694724124043496 0.026741844542891663 0.024848973016512284 0.024889246878775674 0.024003221908981073 0.02589609343536045 0.026218284333467578 0.02770841723721305 0.024567055980668547 0.025614176399516714 0.024244865082561417 0.02581554571083367 0.025976641159887234 0.0261377366089408 0.025654450261780103 0.02666129681836488 0.026016915022150623 0.026379379782521143 0.02581554571083367 0.026419653644784536 0.02509061619009263 0.02517116391461941 0.025010068465565846 0.025614176399516714 0.025694724124043496 0.025573902537253324 0.023801852597664114 0.025372533225936366 0.02472815142972211 0.027144583165525572 0.026057188884414016 0.02480869915424889 0.02770841723721305 0.02585581957309706 0.026339105920257753 0.026016915022150623 0.028272251308900525 0.02589609343536045 0.0261377366089408 0.027144583165525572 0.02541280708819976 0.02617801047120419 0.024848973016512284 0.02629883205799436 0.025372533225936366 0.024889246878775674 0.023761578735400725 0.024567055980668547 0.026379379782521143 0.025573902537253324 0.025332259363672976 0.02505034232782924 0.026379379782521143 0.026339105920257753 0.02472815142972211 0.02629883205799436 0.025654450261780103 0.02577527184857028 0.023439387837293598 0.025573902537253324 0.02396294804671768 0.025291985501409583 0.023681031010873942 0.025251711639146194 0.02589609343536045 0.02472815142972211 0.02650020136931132 0.0243254128070882 0.02650020136931132 0.026339105920257753 0.02480869915424889 0.026016915022150623 0.025976641159887234 0.025734997986306886 0.026540475231574708 0.026218284333467578 0.025291985501409583 0.02553362867498993 0.026862666129681835 0.026459927507047926 0.026057188884414016 0.026057188884414016 0.024405960531614982 0.02589609343536045 0.02593636729762384 0.02549335481272654 0.024567055980668547 0.024567055980668547 0.024244865082561417 0.024929520741039067 0.026782118405155056 0.02480869915424889 0.026540475231574708 0.02585581957309706 0.02549335481272654 0.02585581957309706 0.02541280708819976 0.02541280708819976 0.02509061619009263 0.023761578735400725 0.027265404752315748 0.026459927507047926 0.025694724124043496 0.024204591220298027 0.02444623439387837 0.02581554571083367 0.025332259363672976 0.02549335481272654 0.024848973016512284 0.02549335481272654 0.026943213854208618 0.024526782118405154 0.024969794603302457 0.0270237615787354 0.025694724124043496 0.02589609343536045 0.025614176399516714 0.02468787756745872 0.02650020136931132 0.025976641159887234 0.026016915022150623 0.026782118405155056 0.02505034232782924 0.02545308095046315 0.026862666129681835 0.027104309303262183 0.024124043495771245 0.02444623439387837 0.024969794603302457 0.024969794603302457 0.02585581957309706 0.024607329842931937 0.026902939991945228 0.024405960531614982 0.024526782118405154 0.02549335481272654 0.025332259363672976 0.0261377366089408 0.02617801047120419 0.023681031010873942 0.025694724124043496 0.024768425291985502 0.02698348771647201 0.0261377366089408 0.02698348771647201 0.02698348771647201 0.02738622633910592 0.026580749093838098 0.025251711639146194 0.026419653644784536 0.02444623439387837
