# Parameters:
n_avg = 1000000
meas_len_1 = 500
wait_for_initialization = 1500
wait_after_measure = 1000
NV_IF_freq = 70000000

# t_vec (Pulse Durations in clock cycles):
4 5 6 7 8 9 10 11 12 13 14 15 16 17 18 19 20 21 22 23 24 25 26 27 28 29 30 31 32 33 34 35 36 37 38 39 40 41 42 43 44 45 46 47 48 49 50 51 52 53 54 55 56 57 58 59 60 61 62 63 64 65 66 67 68 69 70 71 72 73 74 75 76 77 78 79 80 81 82 83 84 85 86 87 88 89 90 91 92 93 94 95 96 97 98 99 100 101 102 103 104 105 106 107 108 109 110 111 112 113 114 115 116 117 118 119 120 121 122 123 124 125 126 127 128 129 130 131 132 133 134 135 136 137 138 139 140 141 142 143 144 145 146 147 148 149 150 151 152 153 154 155 156 157 158 159 160 161 162 163 164 165 166 167 168 169 170 171 172 173 174 175 176 177 178 179 180 181 182 183 184 185 186 187 188 189 190 191 192 193 194 195 196 197 198 199 200 201 202 203 204 205 206 207 208 209 210 211 212 213 214 215 216 217 218 219 220 221 222 223 224 225 226 227 228 229 230 231 232 233 234 235 236 237 238 239 240 241 242 243 244 245 246 247 248 249 250 251 252 253 254 255 256 257 258 259 260 261 262 263 264 265 266 267 268 269 270 271 272 273 274 275 276 277 278 279 280 281 282 283 284 285 286 287 288 289 290 291 292 293 294 295 296 297 298 299 300 301 302 303 304 305 306 307 308 309 310 311 312 313 314 315 316 317 318 319 320 321 322 323 324 325 326 327 328 329 330 331 332 333 334 335 336 337 338 339 340 341 342 343 344 345 346 347 348 349 350 351 352 353 354 355 356 357 358 359 360 361 362 363 364 365 366 367 368 369 370 371 372 373 374 375 376 377 378 379 380 381 382 383 384 385 386 387 388 389 390 391 392 393 394 395 396 397 398 399

# Counts Data:
0.02394878280113816 0.023237432816945937 0.025371482769522606 0.027189377173569396 0.025371482769522606 0.025450521656655074 0.02505532722099273 0.025608599430920014 0.02276319949415112 0.024343977236800506 0.024660132785330382 0.023316471704078405 0.023316471704078405 0.024502055011065445 0.024818210559595322 0.02418589946253557 0.022288966171356308 0.026240910527979767 0.02220992728422384 0.025450521656655074 0.02189377173569396 0.022130888397091368 0.023079355042681 0.020392032880177047 0.021419538412899147 0.022447043945621244 0.02418589946253557 0.023711666139740753 0.02703129939930446 0.02031299399304458 0.023711666139740753 0.020866266202971863 0.022288966171356308 0.022447043945621244 0.020629149541574455 0.021340499525766676 0.019996838444514702 0.0210243439772368 0.021340499525766676 0.020708188428706923 0.020866266202971863 0.02094530509010433 0.02118242175150174 0.02118242175150174 0.019996838444514702 0.02094530509010433 0.018020866266202973 0.025213404995257666 0.0210243439772368 0.018811255137527665 0.022684160607018652 0.020392032880177047 0.019838760670249762 0.019838760670249762 0.01991779955738223 0.020708188428706923 0.02197281062282643 0.02110338286436927 0.020708188428706923 0.021340499525766676 0.020866266202971863 0.021814732848561492 0.02007587733164717 0.018653177363262725 0.021498577300031615 0.020471071767309515 0.02402782168827063 0.020866266202971863 0.024343977236800506 0.022368005058488776 0.021814732848561492 0.020629149541574455 0.01920644957319001 0.02094530509010433 0.02031299399304458 0.020708188428706923 0.021419538412899147 0.020629149541574455 0.019601644008852354 0.02110338286436927 0.020787227315839395 0.022842238381283592 0.021419538412899147 0.022447043945621244 0.021577616187164084 0.02189377173569396 0.022368005058488776 0.019364527347454946 0.021735693961429024 0.025134366108125198 0.020629149541574455 0.02292127726841606 0.01920644957319001 0.023079355042681 0.021261460638634207 0.022842238381283592 0.02189377173569396 0.0210243439772368 0.020708188428706923 0.021577616187164084 0.024106860575403097 0.020629149541574455 0.02220992728422384 0.022526082832753716 0.022526082832753716 0.022842238381283592 0.024106860575403097 0.023474549478343345 0.022684160607018652 0.022130888397091368 0.02584571609231742 0.019522605121719886 0.0210243439772368 0.023079355042681 0.022288966171356308 0.023632627252608285 0.01912741068605754 0.022368005058488776 0.021419538412899147 0.023474549478343345 0.02386974391400569 0.020708188428706923 0.022526082832753716 0.024264938349668037 0.021261460638634207 0.019838760670249762 0.023237432816945937 0.024106860575403097 0.02300031615554853 0.023316471704078405 0.019601644008852354 0.0220518495099589 0.020787227315839395 0.023316471704078405 0.023237432816945937 0.02315839392981347 0.024343977236800506 0.02118242175150174 0.0210243439772368 0.025608599430920014 0.022842238381283592 0.019285488460322478 0.021340499525766676 0.02189377173569396 0.021498577300031615 0.02220992728422384 0.022288966171356308 0.02007587733164717 0.020471071767309515 0.02394878280113816 0.021261460638634207 0.021814732848561492 0.0210243439772368 0.021261460638634207 0.02220992728422384 0.021814732848561492 0.022526082832753716 0.018574138476130257 0.02197281062282643 0.022368005058488776 0.022130888397091368 0.021735693961429024 0.02220992728422384 0.02197281062282643 0.023632627252608285 0.02418589946253557 0.022288966171356308 0.020629149541574455 0.021656655074296555 0.02094530509010433 0.024818210559595322 0.02292127726841606 0.020787227315839395 0.02379070502687322 0.019759721783117294 0.0210243439772368 0.020471071767309515 0.021498577300031615 0.022288966171356308 0.02489724944672779 0.022684160607018652 0.02402782168827063 0.02300031615554853 0.024343977236800506 0.024660132785330382 0.024660132785330382 0.02418589946253557 0.02197281062282643 0.022842238381283592 0.020392032880177047 0.024343977236800506 0.022842238381283592 0.023711666139740753 0.02379070502687322 0.022447043945621244 0.024976288333860258 0.023711666139740753 0.023316471704078405 0.020629149541574455 0.022447043945621244 0.021498577300031615 0.022605121719886184 0.02189377173569396 0.021340499525766676 0.024818210559595322 0.02276319949415112 0.022368005058488776 0.02473917167246285 0.022368005058488776 0.021814732848561492 0.02292127726841606 0.023474549478343345 0.022447043945621244 0.02007587733164717 0.02379070502687322 0.024660132785330382 0.021577616187164084 0.021814732848561492 0.02418589946253557 0.02220992728422384 0.022684160607018652 0.02300031615554853 0.023474549478343345 0.02189377173569396 0.02300031615554853 0.021498577300031615 0.022526082832753716 0.02220992728422384 0.022130888397091368 0.02197281062282643 0.024660132785330382 0.021656655074296555 0.02386974391400569 0.023237432816945937 0.023316471704078405 0.02220992728422384 0.01991779955738223 0.022130888397091368 0.019364527347454946 0.02031299399304458 0.02197281062282643 0.024660132785330382 0.02386974391400569 0.02276319949415112 0.020708188428706923 0.02094530509010433 0.023711666139740753 0.020629149541574455 0.019680682895984826 0.023237432816945937 0.023632627252608285 0.019838760670249762 0.021814732848561492 0.024343977236800506 0.021735693961429024 0.02094530509010433 0.0220518495099589 0.02110338286436927 0.021498577300031615 0.019364527347454946 0.020471071767309515 0.019601644008852354 0.020708188428706923 0.023711666139740753 0.02197281062282643 0.02386974391400569 0.02300031615554853 0.02094530509010433 0.023711666139740753 0.024818210559595322 0.02015491621877964 0.021735693961429024 0.020550110654441987 0.024423016123932974 0.021577616187164084 0.0210243439772368 0.0220518495099589 0.02015491621877964 0.022288966171356308 0.02379070502687322 0.020787227315839395 0.023079355042681 0.022447043945621244 0.02220992728422384 0.020392032880177047 0.02118242175150174 0.0210243439772368 0.022684160607018652 0.02394878280113816 0.023316471704078405 0.021735693961429024 0.022288966171356308 0.02031299399304458 0.022526082832753716 0.020866266202971863 0.02418589946253557 0.019285488460322478 0.0210243439772368 0.022368005058488776 0.023316471704078405 0.02292127726841606 0.023237432816945937 0.022368005058488776 0.024502055011065445 0.02220992728422384 0.02110338286436927 0.024976288333860258 0.021498577300031615 0.0220518495099589 0.021656655074296555 0.021498577300031615 0.023474549478343345 0.021498577300031615 0.022684160607018652 0.022605121719886184 0.022842238381283592 0.021814732848561492 0.02292127726841606 0.02220992728422384 0.02394878280113816 0.023237432816945937 0.02189377173569396 0.021498577300031615 0.02110338286436927 0.020471071767309515 0.022288966171356308 0.02118242175150174 0.0220518495099589 0.019285488460322478 0.022526082832753716 0.019680682895984826 0.023395510591210877 0.021814732848561492 0.023474549478343345 0.02197281062282643 0.022288966171356308 0.022605121719886184 0.02300031615554853 0.021735693961429024 0.020471071767309515 0.022447043945621244 0.02189377173569396 0.0220518495099589 0.021498577300031615 0.023395510591210877 0.023474549478343345 0.022526082832753716 0.02394878280113816 0.022526082832753716 0.0210243439772368 0.026319949415112235 0.02007587733164717 0.021419538412899147 0.02292127726841606 0.02110338286436927 0.020708188428706923 0.021340499525766676 0.021577616187164084 0.019364527347454946 0.025213404995257666 0.022842238381283592 0.02292127726841606 0.023079355042681 0.022288966171356308 0.024423016123932974 0.023079355042681 0.022842238381283592 0.020471071767309515 0.02015491621877964 0.023237432816945937 0.022288966171356308 0.02418589946253557 0.020550110654441987 0.02220992728422384 0.021814732848561492 0.022684160607018652 0.022842238381283592 0.022368005058488776 0.02276319949415112 0.021735693961429024 0.019443566234587418 0.023395510591210877 0.02023395510591211 0.023316471704078405 0.022526082832753716 0.022842238381283592 0.024818210559595322 0.024423016123932974 0.02315839392981347 0.02379070502687322 0.020866266202971863 0.02276319949415112 0.021498577300031615 0.022684160607018652 0.022684160607018652 0.02118242175150174

# Dark Counts Data:
0.02513635285748162 0.027033436092008537 0.026796300687692672 0.024187811240218165 0.026322029879060942 0.02513635285748162 0.024662082048849895 0.024978262587937713 0.02774484230495613 0.02758675203541222 0.02426685637499012 0.025294443127025532 0.02576871393565726 0.025294443127025532 0.024503991779305984 0.027349616631096356 0.026559165283376807 0.026322029879060942 0.02624298474428899 0.02513635285748162 0.024899217453165756 0.026322029879060942 0.022369773140463206 0.02545253339656944 0.024662082048849895 0.024820172318393802 0.023713540431586435 0.026322029879060942 0.027665797170184175 0.025531578531341397 0.02774484230495613 0.026480120148604853 0.02521539799225358 0.023792585566358392 0.02624298474428899 0.024503991779305984 0.02671725555292072 0.02474112718362185 0.027270571496324402 0.026638210418148765 0.02442494664453403 0.025373488261797486 0.02426685637499012 0.026480120148604853 0.02545253339656944 0.022923089083866886 0.023792585566358392 0.02711248122678049 0.025294443127025532 0.023792585566358392 0.024662082048849895 0.026322029879060942 0.02711248122678049 0.024978262587937713 0.02513635285748162 0.02806102284404395 0.022527863410007114 0.022606908544779068 0.027270571496324402 0.02410876610544621 0.02323926962295471 0.023713540431586435 0.023081179353410797 0.02426685637499012 0.026163939609517035 0.02774484230495613 0.02426685637499012 0.02426685637499012 0.02790293257450004 0.02442494664453403 0.024820172318393802 0.024029720970674254 0.027665797170184175 0.025531578531341397 0.02711248122678049 0.026638210418148765 0.02316022448818275 0.02576871393565726 0.024029720970674254 0.026005849339973124 0.02410876610544621 0.02624298474428899 0.024187811240218165 0.023555450162042527 0.025057307722709667 0.02513635285748162 0.026559165283376807 0.02671725555292072 0.026954390957236583 0.02806102284404395 0.02671725555292072 0.023081179353410797 0.023397359892498616 0.02671725555292072 0.026005849339973124 0.025294443127025532 0.024899217453165756 0.026005849339973124 0.029641925539483045 0.0264010750138329 0.024583036914077937 0.02545253339656944 0.02474112718362185 0.026005849339973124 0.025847759070429216 0.02624298474428899 0.026796300687692672 0.024503991779305984 0.026559165283376807 0.02347640502727057 0.026322029879060942 0.023713540431586435 0.023871630701130346 0.026796300687692672 0.022527863410007114 0.024978262587937713 0.026954390957236583 0.023555450162042527 0.02671725555292072 0.026005849339973124 0.024187811240218165 0.025531578531341397 0.02363449529681448 0.02410876610544621 0.02363449529681448 0.027349616631096356 0.025689668800885305 0.02521539799225358 0.02410876610544621 0.02561062366611335 0.025689668800885305 0.02561062366611335 0.024978262587937713 0.0264010750138329 0.023555450162042527 0.025689668800885305 0.023713540431586435 0.027191526361552445 0.02545253339656944 0.025294443127025532 0.02442494664453403 0.027981977709271993 0.028772429056991542 0.027665797170184175 0.02363449529681448 0.02521539799225358 0.024820172318393802 0.02576871393565726 0.025689668800885305 0.02474112718362185 0.026480120148604853 0.02513635285748162 0.02545253339656944 0.022844043949094932 0.0264010750138329 0.024583036914077937 0.02442494664453403 0.0264010750138329 0.02671725555292072 0.025373488261797486 0.02561062366611335 0.02474112718362185 0.024345901509762072 0.026163939609517035 0.02608489447474508 0.025294443127025532 0.024978262587937713 0.026005849339973124 0.025294443127025532 0.027191526361552445 0.027270571496324402 0.0264010750138329 0.02624298474428899 0.026875345822464626 0.024978262587937713 0.024978262587937713 0.026559165283376807 0.02758675203541222 0.02561062366611335 0.026875345822464626 0.02513635285748162 0.025847759070429216 0.026322029879060942 0.027507706900640267 0.024345901509762072 0.026480120148604853 0.026005849339973124 0.027349616631096356 0.024583036914077937 0.024978262587937713 0.025057307722709667 0.02347640502727057 0.027033436092008537 0.02758675203541222 0.025373488261797486 0.02410876610544621 0.023871630701130346 0.026163939609517035 0.02671725555292072 0.027191526361552445 0.026322029879060942 0.0239506758359023 0.026875345822464626 0.02711248122678049 0.02561062366611335 0.02545253339656944 0.025057307722709667 0.0264010750138329 0.026163939609517035 0.025057307722709667 0.024820172318393802 0.02545253339656944 0.02592680420520117 0.025294443127025532 0.02576871393565726 0.02513635285748162 0.027033436092008537 0.024187811240218165 0.023397359892498616 0.024503991779305984 0.028298158248359812 0.027349616631096356 0.025689668800885305 0.02592680420520117 0.027823887439728086 0.0264010750138329 0.024899217453165756 0.026480120148604853 0.02624298474428899 0.024029720970674254 0.026163939609517035 0.02442494664453403 0.02742866176586831 0.024662082048849895 0.027507706900640267 0.025373488261797486 0.02742866176586831 0.0264010750138329 0.02410876610544621 0.02474112718362185 0.025373488261797486 0.02742866176586831 0.025689668800885305 0.027665797170184175 0.026163939609517035 0.02624298474428899 0.028851474191763496 0.026796300687692672 0.02521539799225358 0.028298158248359812 0.026796300687692672 0.0239506758359023 0.02711248122678049 0.02474112718362185 0.025294443127025532 0.02742866176586831 0.026480120148604853 0.025373488261797486 0.024899217453165756 0.02821911311358786 0.02521539799225358 0.027981977709271993 0.025689668800885305 0.025294443127025532 0.024978262587937713 0.023555450162042527 0.026638210418148765 0.024820172318393802 0.02790293257450004 0.02545253339656944 0.025847759070429216 0.026796300687692672 0.02545253339656944 0.02426685637499012 0.02410876610544621 0.027665797170184175 0.026163939609517035 0.025689668800885305 0.027823887439728086 0.02790293257450004 0.025057307722709667 0.027033436092008537 0.02316022448818275 0.024187811240218165 0.02363449529681448 0.02474112718362185 0.024029720970674254 0.02474112718362185 0.023397359892498616 0.024583036914077937 0.026005849339973124 0.02576871393565726 0.02671725555292072 0.0264010750138329 0.026005849339973124 0.02426685637499012 0.026559165283376807 0.028456248517903723 0.02742866176586831 0.024503991779305984 0.024820172318393802 0.02742866176586831 0.023081179353410797 0.02442494664453403 0.024820172318393802 0.02545253339656944 0.027270571496324402 0.024029720970674254 0.02608489447474508 0.02711248122678049 0.02347640502727057 0.028298158248359812 0.023792585566358392 0.02545253339656944 0.02513635285748162 0.02426685637499012 0.026875345822464626 0.026875345822464626 0.02790293257450004 0.026322029879060942 0.024345901509762072 0.024503991779305984 0.02426685637499012 0.025373488261797486 0.023792585566358392 0.021105050984111928 0.024978262587937713 0.02576871393565726 0.022923089083866886 0.026163939609517035 0.027033436092008537 0.02671725555292072 0.02742866176586831 0.02323926962295471 0.029483835269939137 0.025294443127025532 0.025689668800885305 0.025373488261797486 0.02316022448818275 0.027270571496324402 0.02521539799225358 0.027665797170184175 0.026005849339973124 0.027665797170184175 0.028140067978815905 0.026005849339973124 0.025294443127025532 0.021105050984111928 0.024978262587937713 0.026796300687692672 0.025531578531341397 0.025373488261797486 0.027507706900640267 0.02561062366611335 0.0264010750138329 0.026638210418148765 0.026954390957236583 0.02442494664453403 0.026005849339973124 0.02545253339656944 0.02561062366611335 0.02624298474428899 0.026480120148604853 0.024820172318393802 0.02521539799225358 0.02474112718362185 0.02521539799225358 0.02561062366611335 0.026163939609517035 0.026322029879060942 0.024503991779305984 0.02576871393565726 0.026875345822464626 0.024583036914077937 0.023713540431586435 0.026559165283376807 0.02521539799225358 0.024187811240218165 0.028298158248359812 0.023318314757726662 0.02513635285748162 0.026559165283376807 0.025689668800885305 0.025294443127025532 0.02363449529681448 0.030906647695834323 0.026559165283376807 0.026875345822464626 0.024978262587937713 0.02908860959607936 0.025057307722709667 0.026559165283376807 0.026638210418148765 0.02545253339656944 0.02513635285748162 0.02521539799225358
