# Scantype: Linescan
# Date: 2025-01-31 10:39:19
# Fast axis: X
# X range: -5000.0 - 5000.0 nm
# Y range: -5000.0 - 5000.0 nm
# Step size: (500, 500) nm
# Slow steps: 1
# Columns: X Position (nm), Y Position (nm), Z Position (nm), Movement Type
1013098.269	924548.870	0.0	 Idle
1013107.917	924551.620	0.0	 Idle
1013100.900	924552.528	0.0	 Idle
1013113.204	924560.137	0.0	 Idle
1013108.954	924567.488	0.0	 Idle
1013110.136	924559.640	0.0	 Idle
1013118.122	924562.776	0.0	 Idle
1013100.822	924559.135	0.0	 Idle
1013125.019	924557.644	0.0	 Idle
1013124.839	924539.787	0.0	 Idle
1013118.807	924538.674	0.0	 Idle
1013108.517	924547.533	0.0	 Idle
1013109.562	924555.356	0.0	 Idle
1013104.833	924568.294	0.0	 Idle
1013123.888	924588.301	0.0	 Idle
1013114.344	924573.846	0.0	 Idle
1013126.005	924579.715	0.0	 Idle
1013114.429	924564.558	0.0	 Idle
1013118.730	924585.190	0.0	 Idle
1013125.328	924574.540	0.0	 Idle
1013137.752	924570.762	0.0	 Idle
1013122.920	924574.891	0.0	 Idle
1013138.232	924591.865	0.0	 Idle
1013124.325	924575.406	0.0	 Idle
1013121.232	924560.360	0.0	 Idle
1013109.914	924573.992	0.0	 Idle
1013107.977	924566.255	0.0	 Idle
1013117.333	924573.932	0.0	 Idle
1013122.911	924585.687	0.0	 Idle
1013118.807	924576.502	0.0	 Idle
1013106.555	924574.994	0.0	 Idle
1013124.240	924586.912	0.0	 Idle
1013142.181	924587.058	0.0	 Idle
1013126.356	924563.813	0.0	 Idle
1013118.011	924582.585	0.0	 Idle
1013115.123	924575.371	0.0	 Idle
1013119.064	924601.975	0.0	 Idle
1013128.421	924598.188	0.0	 Idle
1013131.831	924571.653	0.0	 Idle
1013127.521	924590.905	0.0	 Idle
1013143.646	924591.462	0.0	 Idle
1013130.006	924601.692	0.0	 Idle
1013139.979	924592.850	0.0	 Idle
1013126.424	924586.895	0.0	 Idle
1013147.408	924593.244	0.0	 Idle
1013141.479	924597.965	0.0	 Idle
1013131.985	924579.570	0.0	 Idle
1013128.172	924599.525	0.0	 Idle
1013139.037	924593.116	0.0	 Idle
1013131.437	924590.254	0.0	 Idle
1013146.834	924596.646	0.0	 Idle
1013139.542	924584.925	0.0	 Idle
1013138.377	924589.209	0.0	 Idle
1013118.584	924559.786	0.0	 Idle
1013123.699	924574.669	0.0	 Idle
1013142.318	924588.112	0.0	 Idle
1013139.551	924589.277	0.0	 Idle
1013142.387	924578.233	0.0	 Idle
1013143.809	924582.371	0.0	 Idle
1013151.854	924576.202	0.0	 Idle
1013141.025	924581.446	0.0	 Idle
1013142.670	924581.651	0.0	 Idle
1013137.614	924581.240	0.0	 Idle
1013145.977	924595.695	0.0	 Idle
1013134.907	924589.740	0.0	 Idle
1013118.594	924579.073	0.0	 Idle
1013131.223	924598.600	0.0	 Idle
1013127.110	924580.898	0.0	 Idle
1013124.977	924580.803	0.0	 Idle
1013127.787	924589.774	0.0	 Idle
1013137.503	924590.023	0.0	 Idle
1013132.645	924607.150	0.0	 Idle
1013139.765	924593.527	0.0	 Idle
1013140.374	924592.619	0.0	 Idle
1013127.941	924594.710	0.0	 Idle
1013122.886	924590.271	0.0	 Idle
1013134.222	924591.556	0.0	 Idle
1013131.711	924584.025	0.0	 Idle
1013122.509	924579.090	0.0	 Idle
1013118.096	924587.384	0.0	 Idle
1013126.819	924592.019	0.0	 Idle
1013109.305	924588.164	0.0	 Idle
1013115.132	924588.266	0.0	 Idle
1013109.717	924585.516	0.0	 Idle
1013112.458	924582.363	0.0	 Idle
1013122.466	924567.891	0.0	 Idle
1013117.822	924583.202	0.0	 Idle
1013131.642	924576.228	0.0	 Idle
1013145.069	924569.613	0.0	 Idle
1013124.531	924569.442	0.0	 Idle
1013121.532	924571.627	0.0	 Idle
1013128.087	924565.218	0.0	 Idle
1013128.472	924564.618	0.0	 Idle
1013099.854	924570.170	0.0	 Idle
1013111.533	924578.404	0.0	 Idle
1013105.449	924577.402	0.0	 Idle
1013113.418	924572.098	0.0	 Idle
1013105.544	924572.441	0.0	 Idle
1013106.298	924569.365	0.0	 Idle
1013118.276	924566.126	0.0	 Idle
1013132.302	924570.693	0.0	 Idle
1013129.012	924584.436	0.0	 Idle
1013126.202	924575.491	0.0	 Idle
1013125.559	924576.262	0.0	 Idle
1013134.256	924567.874	0.0	 Idle
1013134.016	924570.633	0.0	 Idle
1013130.169	924574.926	0.0	 Idle
1013127.290	924584.839	0.0	 Idle
1013121.198	924581.951	0.0	 Idle
1013124.342	924576.777	0.0	 Idle
1013112.878	924577.976	0.0	 Idle
1013132.936	924595.121	0.0	 Idle
1013125.439	924601.864	0.0	 Idle
1013119.287	924591.617	0.0	 Idle
1013117.094	924592.970	0.0	 Idle
1013120.298	924594.667	0.0	 Idle
1013115.886	924584.933	0.0	 Idle
1013124.779	924609.464	0.0	 Idle
1013122.688	924607.844	0.0	 Idle
1013125.165	924600.202	0.0	 Idle
1013129.715	924603.183	0.0	 Idle
1013136.903	924592.996	0.0	 Idle
1013125.945	924581.335	0.0	 Idle
1013135.052	924591.925	0.0	 Idle
1013136.955	924598.394	0.0	 Idle
1013128.061	924602.087	0.0	 Idle
1013150.244	924625.272	0.0	 Idle
1013145.780	924611.255	0.0	 Idle
1013144.332	924618.666	0.0	 Idle
1013137.220	924620.585	0.0	 Idle
1013143.415	924621.528	0.0	 Idle
1013137.563	924614.939	0.0	 Idle
1013134.101	924615.427	0.0	 Idle
1013130.049	924599.036	0.0	 Idle
1013136.766	924588.472	0.0	 Idle
1013131.745	924602.789	0.0	 Idle
1013132.473	924587.127	0.0	 Idle
1013123.374	924596.166	0.0	 Idle
1013129.432	924598.368	0.0	 Idle
1013126.099	924591.513	0.0	 Idle
1013124.994	924588.274	0.0	 Idle
1013130.023	924584.222	0.0	 Idle
1013134.444	924588.617	0.0	 Idle
1013133.579	924596.243	0.0	 Idle
1013137.452	924589.071	0.0	 Idle
1013127.581	924594.992	0.0	 Idle
1013140.091	924597.751	0.0	 Idle
1013123.391	924589.088	0.0	 Idle
1013132.808	924588.394	0.0	 Idle
1013133.930	924589.945	0.0	 Idle
1013129.003	924596.037	0.0	 Idle
1013127.136	924601.186	0.0	 Idle
1013136.261	924580.846	0.0	 Idle
1013139.936	924591.153	0.0	 Idle
1013124.514	924587.281	0.0	 Idle
1013132.422	924602.455	0.0	 Idle
1013134.753	924589.783	0.0	 Idle
1013152.232	924607.802	0.0	 Idle
1013132.645	924597.905	0.0	 Idle
1013141.367	924595.900	0.0	 Idle
1013141.290	924602.292	0.0	 Idle
1013127.273	924607.279	0.0	 Idle
1013125.165	924581.266	0.0	 Idle
1013113.752	924602.189	0.0	 Idle
1013128.909	924603.029	0.0	 Idle
1013125.910	924602.729	0.0	 Idle
1013134.367	924602.695	0.0	 Idle
1013114.275	924607.870	0.0	 Idle
1013126.938	924613.594	0.0	 Idle
1013132.902	924607.527	0.0	 Idle
1013127.213	924607.793	0.0	 Idle
1013114.360	924608.727	0.0	 Idle
1013125.816	924603.903	0.0	 Idle
1013139.594	924608.796	0.0	 Idle
1013124.968	924601.076	0.0	 Idle
1013121.746	924606.936	0.0	 Idle
1013122.697	924600.913	0.0	 Idle
1013133.947	924598.480	0.0	 Idle
1013139.294	924610.124	0.0	 Idle
1013146.208	924609.747	0.0	 Idle
1013121.952	924615.933	0.0	 Idle
1013134.144	924606.739	0.0	 Idle
1013118.893	924598.600	0.0	 Idle
1013127.752	924604.923	0.0	 Idle
1013117.145	924598.677	0.0	 Idle
1013124.299	924604.674	0.0	 Idle
1013134.393	924597.486	0.0	 Idle
1013122.389	924596.774	0.0	 Idle
1013130.006	924604.572	0.0	 Idle
1013130.691	924604.811	0.0	 Idle
1013126.553	924614.562	0.0	 Idle
1013143.021	924610.535	0.0	 Idle
1013141.667	924614.194	0.0	 Idle
1013146.902	924621.202	0.0	 Idle
1013142.207	924608.787	0.0	 Idle
1013141.161	924624.004	0.0	 Idle
1013132.396	924617.629	0.0	 Idle
1013143.098	924633.300	0.0	 Idle
1013138.146	924629.813	0.0	 Idle
1013151.889	924635.734	0.0	 Idle
1013158.803	924620.860	0.0	 Idle
1013153.303	924623.747	0.0	 Idle
1013156.336	924607.407	0.0	 Idle
1013153.688	924605.582	0.0	 Idle
1013161.100	924614.382	0.0	 Idle
1013151.392	924614.613	0.0	 Idle
1013147.493	924613.114	0.0	 Idle
1013148.719	924608.872	0.0	 Idle
1013137.863	924604.811	0.0	 Idle
1013155.822	924592.310	0.0	 Idle
1013144.597	924598.728	0.0	 Idle
1013139.328	924604.803	0.0	 Idle
1013146.028	924611.614	0.0	 Idle
1013147.648	924599.277	0.0	 Idle
1013143.355	924608.359	0.0	 Idle
1013144.075	924593.056	0.0	 Idle
1013151.486	924609.815	0.0	 Idle
1013151.032	924607.904	0.0	 Idle
1013154.134	924600.853	0.0	 Idle
1013147.982	924601.692	0.0	 Idle
1013142.858	924610.295	0.0	 Idle
1013132.713	924626.009	0.0	 Idle
1013149.259	924628.768	0.0	 Idle
1013162.805	924630.721	0.0	 Idle
1013160.697	924630.576	0.0	 Idle
1013169.488	924626.574	0.0	 Idle
1013172.418	924621.545	0.0	 Idle
1013180.935	924620.945	0.0	 Idle
1013163.345	924622.188	0.0	 Idle
1013158.332	924621.296	0.0	 Idle
1013159.463	924618.640	0.0	 Idle
1013175.537	924616.001	0.0	 Idle
1013168.065	924624.680	0.0	 Idle
1013157.741	924622.736	0.0	 Idle
1013168.845	924618.949	0.0	 Idle
1013171.450	924621.433	0.0	 Idle
1013169.831	924624.304	0.0	 Idle
1013159.849	924625.863	0.0	 Idle
1013155.179	924627.217	0.0	 Idle
1013156.010	924631.304	0.0	 Idle
1013171.133	924615.607	0.0	 Idle
1013172.778	924621.348	0.0	 Idle
1013162.916	924619.925	0.0	 Idle
1013161.100	924625.401	0.0	 Idle
1013166.549	924627.200	0.0	 Idle
1013167.003	924638.819	0.0	 Idle
1013175.032	924624.355	0.0	 Idle
1013167.603	924635.468	0.0	 Idle
1013183.514	924628.459	0.0	 Idle
1013187.867	924619.489	0.0	 Idle
# Noise (X): 16.862 nm
# Noise (Y): 19.896 nm
