# Scantype: Linescan
# Date: 2025-01-30 11:44:35
# Fast axis: X
# X range: -5000.0 - 5000.0 nm
# Y range: -5000.0 - 5000.0 nm
# Step size: (500, 500) nm
# Slow steps: 1
# Columns: X Position (nm), Y Position (nm), Z Position (nm), Movement Type, X Noise (nm), Y Noise (nm)
Initial noise (X): 10.977 nm, (Y): 10.158 nm
999217.795	933237.395	0.0	 Line. 0	10.977	10.158
999224.067	933236.152	0.0	 Line. 0	10.977	10.158
999222.396	933229.768	0.0	 Line. 0	10.977	10.158
999224.256	933238.320	0.0	 Line. 0	10.977	10.158
999232.687	933242.732	0.0	 Line. 0	10.977	10.158
999222.122	933242.887	0.0	 Line. 0	10.977	10.158
999219.594	933236.572	0.0	 Line. 0	10.977	10.158
999216.956	933240.282	0.0	 Line. 0	10.977	10.158
999214.899	933231.414	0.0	 Line. 0	10.977	10.158
999208.601	933257.787	0.0	 Line. 0	10.977	10.158
999226.277	933275.780	0.0	 Line. 0	10.977	10.158
999209.004	933259.406	0.0	 Line. 0	10.977	10.158
999197.309	933252.337	0.0	 Line. 0	10.977	10.158
999218.875	933231.842	0.0	 Line. 0	10.977	10.158
999210.409	933248.833	0.0	 Line. 0	10.977	10.158
999206.999	933254.034	0.0	 Line. 0	10.977	10.158
999204.283	933239.391	0.0	 Line. 0	10.977	10.158
999202.398	933229.118	0.0	 Line. 0	10.977	10.158
999213.468	933240.616	0.0	 Line. 0	10.977	10.158
999225.789	933260.657	0.0	 Line. 0	10.977	10.158
999217.864	933277.828	0.0	 Line. 0	10.977	10.158
999237.502	933256.570	0.0	 Line. 0	10.977	10.158
999230.913	933243.666	0.0	 Line. 0	10.977	10.158
999236.028	933236.923	0.0	 Line. 0	10.977	10.158
999225.078	933235.158	0.0	 Line. 0	10.977	10.158
999226.689	933227.095	0.0	 Line. 0	10.977	10.158
999226.140	933227.369	0.0	 Line. 0	10.977	10.158
999231.787	933233.658	0.0	 Line. 0	10.977	10.158
999231.067	933236.143	0.0	 Line. 0	10.977	10.158
999247.484	933247.257	0.0	 Line. 0	10.977	10.158
999235.797	933230.866	0.0	 Line. 0	10.977	10.158
999241.460	933237.077	0.0	 Line. 0	10.977	10.158
999240.723	933239.519	0.0	 Line. 0	10.977	10.158
999247.424	933242.270	0.0	 Line. 0	10.977	10.158
999248.983	933229.940	0.0	 Line. 0	10.977	10.158
999255.375	933232.570	0.0	 Line. 0	10.977	10.158
999242.480	933226.316	0.0	 Line. 0	10.977	10.158
999237.476	933233.762	0.0	 Line. 0	10.977	10.158
999237.862	933240.736	0.0	 Line. 0	10.977	10.158
999236.833	933239.485	0.0	 Line. 0	10.977	10.158
999241.520	933250.598	0.0	 Line. 0	10.977	10.158
999240.166	933243.641	0.0	 Line. 0	10.977	10.158
999242.489	933235.749	0.0	 Line. 0	10.977	10.158
999244.485	933251.232	0.0	 Line. 0	10.977	10.158
999243.688	933250.092	0.0	 Line. 0	10.977	10.158
999239.918	933251.489	0.0	 Line. 0	10.977	10.158
999246.319	933240.668	0.0	 Line. 0	10.977	10.158
999260.370	933247.950	0.0	 Line. 0	10.977	10.158
999251.296	933273.938	0.0	 Line. 0	10.977	10.158
999242.249	933275.788	0.0	 Line. 0	10.977	10.158
999244.039	933267.135	0.0	 Line. 0	10.977	10.158
999233.355	933275.728	0.0	 Line. 0	10.977	10.158
999243.071	933268.471	0.0	 Line. 0	10.977	10.158
999253.490	933271.573	0.0	 Line. 0	10.977	10.158
999248.024	933273.184	0.0	 Line. 0	10.977	10.158
999247.055	933283.937	0.0	 Line. 0	10.977	10.158
999247.441	933291.494	0.0	 Line. 0	10.977	10.158
999241.717	933271.547	0.0	 Line. 0	10.977	10.158
999253.242	933276.894	0.0	 Line. 0	10.977	10.158
999256.669	933274.940	0.0	 Line. 0	10.977	10.158
999242.069	933284.725	0.0	 Line. 0	10.977	10.158
999252.453	933289.326	0.0	 Line. 0	10.977	10.158
999256.266	933276.534	0.0	 Line. 0	10.977	10.158
999263.712	933283.500	0.0	 Line. 0	10.977	10.158
999245.376	933275.651	0.0	 Line. 0	10.977	10.158
999247.518	933291.074	0.0	 Line. 0	10.977	10.158
999263.070	933278.522	0.0	 Line. 0	10.977	10.158
999243.920	933273.655	0.0	 Line. 0	10.977	10.158
999246.764	933282.497	0.0	 Line. 0	10.977	10.158
999247.184	933272.481	0.0	 Line. 0	10.977	10.158
999236.868	933269.089	0.0	 Line. 0	10.977	10.158
999232.052	933269.534	0.0	 Line. 0	10.977	10.158
999241.675	933276.114	0.0	 Line. 0	10.977	10.158
999253.139	933284.262	0.0	 Line. 0	10.977	10.158
999255.307	933262.782	0.0	 Line. 0	10.977	10.158
999252.556	933256.416	0.0	 Line. 0	10.977	10.158
999241.109	933260.829	0.0	 Line. 0	10.977	10.158
999260.456	933268.377	0.0	 Line. 0	10.977	10.158
999253.062	933264.333	0.0	 Line. 0	10.977	10.158
999251.185	933271.170	0.0	 Line. 0	10.977	10.158
999250.697	933270.888	0.0	 Line. 0	10.977	10.158
999258.562	933288.941	0.0	 Line. 0	10.977	10.158
999251.262	933281.101	0.0	 Line. 0	10.977	10.158
999251.459	933279.610	0.0	 Line. 0	10.977	10.158
999257.834	933277.022	0.0	 Line. 0	10.977	10.158
999245.770	933275.309	0.0	 Line. 0	10.977	10.158
999250.774	933277.151	0.0	 Line. 0	10.977	10.158
999244.931	933258.189	0.0	 Line. 0	10.977	10.158
999245.394	933251.669	0.0	 Line. 0	10.977	10.158
999257.620	933269.242	0.0	 Line. 0	10.977	10.158
999265.511	933271.676	0.0	 Line. 0	10.977	10.158
999259.436	933260.871	0.0	 Line. 0	10.977	10.158
999259.453	933260.477	0.0	 Line. 0	10.977	10.158
999262.752	933269.191	0.0	 Line. 0	10.977	10.158
999260.490	933255.508	0.0	 Line. 0	10.977	10.158
999250.491	933257.675	0.0	 Line. 0	10.977	10.158
999261.467	933275.754	0.0	 Line. 0	10.977	10.158
999249.900	933272.635	0.0	 Line. 0	10.977	10.158
999249.283	933285.616	0.0	 Line. 0	10.977	10.158
999268.536	933275.951	0.0	 Line. 0	10.977	10.158
