# Parameters:
n_avg = 1000000
meas_len_1 = 500
wait_for_initialization = 1500
wait_after_measure = 1000
NV_IF_freq = 70000000

# t_vec (Pulse Durations in clock cycles):
4 5 6 7 8 9 10 11 12 13 14 15 16 17 18 19 20 21 22 23 24 25 26 27 28 29 30 31 32 33 34 35 36 37 38 39 40 41 42 43 44 45 46 47 48 49 50 51 52 53 54 55 56 57 58 59 60 61 62 63 64 65 66 67 68 69 70 71 72 73 74 75 76 77 78 79 80 81 82 83 84 85 86 87 88 89 90 91 92 93 94 95 96 97 98 99 100 101 102 103 104 105 106 107 108 109 110 111 112 113 114 115 116 117 118 119 120 121 122 123 124 125 126 127 128 129 130 131 132 133 134 135 136 137 138 139 140 141 142 143 144 145 146 147 148 149 150 151 152 153 154 155 156 157 158 159 160 161 162 163 164 165 166 167 168 169 170 171 172 173 174 175 176 177 178 179 180 181 182 183 184 185 186 187 188 189 190 191 192 193 194 195 196 197 198 199 200 201 202 203 204 205 206 207 208 209 210 211 212 213 214 215 216 217 218 219 220 221 222 223 224 225 226 227 228 229 230 231 232 233 234 235 236 237 238 239 240 241 242 243 244 245 246 247 248 249 250 251 252 253 254 255 256 257 258 259 260 261 262 263 264 265 266 267 268 269 270 271 272 273 274 275 276 277 278 279 280 281 282 283 284 285 286 287 288 289 290 291 292 293 294 295 296 297 298 299 300 301 302 303 304 305 306 307 308 309 310 311 312 313 314 315 316 317 318 319 320 321 322 323 324 325 326 327 328 329 330 331 332 333 334 335 336 337 338 339 340 341 342 343 344 345 346 347 348 349 350 351 352 353 354 355 356 357 358 359 360 361 362 363 364 365 366 367 368 369 370 371 372 373 374 375 376 377 378 379 380 381 382 383 384 385 386 387 388 389 390 391 392 393 394 395 396 397 398 399

# Counts Data:
0.03597638800255265 0.033902361199744734 0.032745692405871094 0.03406190172303765 0.03374282067645182 0.03051212507977026 0.03254626675175495 0.033104658583280155 0.0333040842373963 0.032227185705169116 0.03238672622846203 0.03342373962986599 0.03250638162093172 0.03166879387364391 0.035138800255264835 0.03362316528398213 0.0311104020421187 0.033902361199744734 0.03314454371410338 0.033343969368219525 0.032985003190810464 0.03146936821952776 0.03282546266751755 0.029993618379068283 0.032466496490108486 0.030831206126356096 0.03146936821952776 0.030871091257179323 0.03095086151882578 0.03294511805998724 0.032745692405871094 0.03162890874282068 0.03202776005105297 0.030671665603063177 0.03190810465858328 0.03107051691129547 0.030910976388002553 0.030831206126356096 0.03166879387364391 0.03254626675175495 0.029554881940012764 0.031190172303765158 0.030312699425654115 0.029076260370134013 0.029514996809189533 0.03294511805998724 0.031269942565411615 0.032187300574345885 0.029395341416719848 0.02927568602425016 0.032227185705169116 0.02927568602425016 0.028876834716017867 0.030751435864709638 0.02760051052967454 0.03166879387364391 0.03370293554562859 0.029913848117421826 0.029395341416719848 0.028637523931078494 0.029076260370134013 0.029953733248245053 0.028079132099553285 0.03095086151882578 0.03142948308870453 0.026882578174856415 0.03007338864071474 0.03019304403318443 0.028318442884492662 0.028677409061901724 0.029475111678366306 0.030472239948947034 0.02971442246330568 0.029395341416719848 0.029953733248245053 0.02915603063178047 0.028517868538608805 0.03095086151882578 0.030472239948947034 0.02971442246330568 0.02791959157626037 0.029834077855775368 0.030432354818123803 0.029873962986598595 0.030751435864709638 0.029953733248245053 0.029993618379068283 0.030472239948947034 0.02827855775366943 0.02871729419272495 0.02760051052967454 0.03095086151882578 0.03166879387364391 0.02779993618379068 0.029475111678366306 0.028916719846841098 0.030352584556477345 0.029395341416719848 0.028158902361199743 0.028119017230376516 0.028876834716017867 0.02971442246330568 0.02915603063178047 0.028238672622846205 0.029834077855775368 0.029475111678366306 0.030392469687300576 0.0279594767070836 0.03007338864071474 0.02879706445437141 0.028477983407785578 0.029475111678366306 0.028996490108487556 0.03055201021059349 0.025965220165922145 0.030671665603063177 0.029116145500957244 0.02879706445437141 0.02760051052967454 0.03051212507977026 0.03095086151882578 0.028637523931078494 0.0279594767070836 0.029116145500957244 0.0301531589023612 0.02959476707083599 0.02931557115507339 0.029873962986598595 0.029794192724952137 0.02931557115507339 0.029554881940012764 0.02959476707083599 0.02915603063178047 0.03178844926611359 0.028916719846841098 0.030671665603063177 0.029195915762603702 0.02923580089342693 0.028916719846841098 0.028996490108487556 0.03095086151882578 0.029195915762603702 0.02931557115507339 0.029116145500957244 0.029873962986598595 0.02827855775366943 0.030910976388002553 0.031309827696234846 0.028996490108487556 0.02879706445437141 0.028996490108487556 0.029116145500957244 0.029435226547543075 0.029355456285896617 0.030272814294830887 0.030232929164007657 0.028677409061901724 0.030791320995532865 0.029873962986598595 0.028876834716017867 0.0301531589023612 0.03142948308870453 0.029514996809189533 0.02883694958519464 0.03095086151882578 0.03142948308870453 0.029554881940012764 0.03226707083599234 0.029794192724952137 0.029554881940012764 0.02959476707083599 0.029076260370134013 0.029395341416719848 0.0311104020421187 0.03190810465858328 0.030671665603063177 0.029195915762603702 0.02975430759412891 0.029116145500957244 0.029036375239310786 0.029116145500957244 0.029514996809189533 0.03099074664964901 0.031150287172941927 0.030711550733886407 0.02827855775366943 0.028876834716017867 0.027560625398851308 0.03174856413529036 0.028916719846841098 0.03095086151882578 0.03162890874282068 0.031549138481174216 0.030392469687300576 0.031150287172941927 0.029834077855775368 0.02959476707083599 0.03150925335035099 0.03099074664964901 0.02923580089342693 0.029395341416719848 0.02971442246330568 0.030791320995532865 0.032107530312699424 0.029674537332482452 0.028238672622846205 0.0311104020421187 0.0313895979578813 0.029435226547543075 0.029953733248245053 0.02779993618379068 0.028916719846841098 0.030671665603063177 0.03178844926611359 0.033064773452456925 0.029993618379068283 0.02963465220165922 0.03202776005105297 0.03059189534141672 0.030232929164007657 0.030910976388002553 0.031190172303765158 0.031309827696234846 0.031868219527760054 0.03055201021059349 0.027760051052967454 0.029993618379068283 0.03178844926611359 0.02883694958519464 0.027401084875558392 0.03019304403318443 0.03007338864071474 0.031309827696234846 0.03055201021059349 0.03158902361199745 0.029116145500957244 0.032745692405871094 0.031309827696234846 0.03254626675175495 0.030352584556477345 0.02883694958519464 0.030751435864709638 0.030272814294830887 0.02791959157626037 0.032227185705169116 0.030312699425654115 0.03174856413529036 0.030910976388002553 0.03095086151882578 0.03063178047223995 0.029554881940012764 0.03055201021059349 0.03019304403318443 0.030392469687300576 0.029554881940012764 0.03314454371410338 0.029355456285896617 0.031828334396936823 0.033024888321633694 0.0323468410976388 0.031828334396936823 0.0301531589023612 0.029475111678366306 0.030871091257179323 0.03190810465858328 0.029435226547543075 0.02931557115507339 0.03194798978940651 0.03146936821952776 0.030831206126356096 0.02975430759412891 0.029674537332482452 0.030910976388002553 0.030791320995532865 0.032426611359285255 0.029794192724952137 0.031230057434588385 0.030113273771537972 0.031549138481174216 0.03019304403318443 0.0323468410976388 0.03099074664964901 0.0311104020421187 0.031150287172941927 0.03170867900446713 0.030910976388002553 0.0313895979578813 0.032426611359285255 0.030791320995532865 0.030472239948947034 0.03286534779834078 0.031230057434588385 0.033024888321633694 0.029913848117421826 0.032107530312699424 0.02923580089342693 0.02879706445437141 0.03162890874282068 0.029794192724952137 0.03194798978940651 0.02959476707083599 0.03238672622846203 0.0301531589023612 0.031230057434588385 0.029993618379068283 0.031269942565411615 0.03150925335035099 0.0313895979578813 0.03103063178047224 0.033104658583280155 0.02883694958519464 0.030113273771537972 0.031150287172941927 0.0311104020421187 0.032985003190810464 0.031269942565411615 0.0313895979578813 0.029913848117421826 0.031190172303765158 0.031150287172941927 0.03202776005105297 0.03055201021059349 0.029953733248245053 0.03095086151882578 0.030910976388002553 0.03095086151882578 0.030910976388002553 0.029554881940012764 0.029674537332482452 0.029195915762603702 0.030910976388002553 0.031828334396936823 0.03258615188257818 0.03198787492022974 0.03194798978940651 0.03150925335035099 0.0311104020421187 0.0313895979578813 0.032147415443522655 0.030033503509891514 0.029794192724952137 0.032147415443522655 0.0313895979578813 0.029514996809189533 0.02927568602425016 0.029036375239310786 0.02971442246330568 0.031828334396936823 0.0313895979578813 0.031828334396936823 0.03362316528398213 0.03174856413529036 0.030232929164007657 0.03095086151882578 0.03051212507977026 0.030232929164007657 0.03150925335035099 0.029794192724952137 0.029395341416719848 0.02915603063178047 0.03063178047223995 0.028597638800255266 0.029435226547543075 0.030113273771537972 0.03007338864071474 0.030272814294830887 0.03055201021059349 0.030232929164007657 0.02927568602425016 0.03055201021059349 0.02927568602425016 0.029993618379068283 0.031549138481174216 0.030392469687300576 0.030910976388002553 0.031309827696234846 0.02883694958519464 0.03019304403318443 0.029953733248245053 0.030751435864709638 0.03063178047223995 0.03099074664964901 0.029554881940012764 0.029514996809189533 0.031269942565411615 0.031868219527760054 0.030831206126356096 0.03170867900446713 0.030392469687300576 0.030232929164007657 0.02923580089342693 0.030791320995532865 0.0301531589023612 0.03162890874282068 0.030791320995532865 0.030432354818123803

# Dark Counts Data:
0.03194798978940651 0.033663050414805364 0.034301212507977026 0.03410178685386088 0.03354339502233567 0.03194798978940651 0.03450063816209317 0.033982131461391195 0.031828334396936823 0.0345405232929164 0.033942246330567964 0.033982131461391195 0.034819719208679004 0.033024888321633694 0.03254626675175495 0.03378270580727505 0.03270580727504786 0.0333040842373963 0.03378270580727505 0.035816847479259735 0.03382259093809828 0.033064773452456925 0.03194798978940651 0.034301212507977026 0.033383854499042756 0.03250638162093172 0.0326260370134014 0.0333040842373963 0.0326260370134014 0.03434109763880026 0.0333040842373963 0.03374282067645182 0.03497925973197192 0.03446075303126994 0.03294511805998724 0.03258615188257818 0.03438098276962349 0.032745692405871094 0.03470006381620932 0.03150925335035099 0.03286534779834078 0.0323468410976388 0.034301212507977026 0.03414167198468411 0.03226707083599234 0.03462029355456286 0.033104658583280155 0.0311104020421187 0.03290523292916401 0.03470006381620932 0.03473994894703255 0.03206764518187619 0.032107530312699424 0.03282546266751755 0.0354977664326739 0.03362316528398213 0.03477983407785577 0.03278557753669432 0.03294511805998724 0.03322431397574984 0.03354339502233567 0.03382259093809828 0.03202776005105297 0.033902361199744734 0.032985003190810464 0.0323468410976388 0.03565730695596681 0.032466496490108486 0.03350350989151244 0.03206764518187619 0.03597638800255265 0.03509891512444161 0.03374282067645182 0.03286534779834078 0.033064773452456925 0.03545788130185067 0.03378270580727505 0.034859604339502234 0.03414167198468411 0.03278557753669432 0.03418155711550734 0.03254626675175495 0.03326419910657307 0.03346362476068922 0.032466496490108486 0.030871091257179323 0.03238672622846203 0.03282546266751755 0.03286534779834078 0.032466496490108486 0.034261327377153795 0.03378270580727505 0.033343969368219525 0.03198787492022974 0.033902361199744734 0.03342373962986599 0.03290523292916401 0.03410178685386088 0.03529834077855775 0.034022016592214425 0.03470006381620932 0.03258615188257818 0.034221442246330565 0.031190172303765158 0.03382259093809828 0.03342373962986599 0.03434109763880026 0.03370293554562859 0.03282546266751755 0.03282546266751755 0.03561742182514359 0.0361758136566688 0.03286534779834078 0.03150925335035099 0.032985003190810464 0.032745692405871094 0.03206764518187619 0.033064773452456925 0.03194798978940651 0.032466496490108486 0.03370293554562859 0.03382259093809828 0.03414167198468411 0.03254626675175495 0.0326260370134014 0.034022016592214425 0.032107530312699424 0.03350350989151244 0.03326419910657307 0.034301212507977026 0.032466496490108486 0.033663050414805364 0.03202776005105297 0.033064773452456925 0.033902361199744734 0.031828334396936823 0.03194798978940651 0.03438098276962349 0.033663050414805364 0.03370293554562859 0.03258615188257818 0.033343969368219525 0.03194798978940651 0.031868219527760054 0.033902361199744734 0.03238672622846203 0.03194798978940651 0.03142948308870453 0.034022016592214425 0.03342373962986599 0.03342373962986599 0.031868219527760054 0.03346362476068922 0.03537811104020421 0.03378270580727505 0.033064773452456925 0.03382259093809828 0.03326419910657307 0.03258615188257818 0.03322431397574984 0.03410178685386088 0.03442086790044671 0.03470006381620932 0.034261327377153795 0.03470006381620932 0.033663050414805364 0.0335832801531589 0.03230695596681557 0.03166879387364391 0.0338624760689215 0.0338624760689215 0.032147415443522655 0.031868219527760054 0.033343969368219525 0.0333040842373963 0.03322431397574984 0.03370293554562859 0.03254626675175495 0.03266592214422463 0.03342373962986599 0.032466496490108486 0.03103063178047224 0.03250638162093172 0.034022016592214425 0.033942246330567964 0.03382259093809828 0.033343969368219525 0.03278557753669432 0.031269942565411615 0.03346362476068922 0.033024888321633694 0.031549138481174216 0.03178844926611359 0.03103063178047224 0.0338624760689215 0.03350350989151244 0.03266592214422463 0.035138800255264835 0.033663050414805364 0.03418155711550734 0.03505902999361838 0.03326419910657307 0.03410178685386088 0.03238672622846203 0.03290523292916401 0.03286534779834078 0.032426611359285255 0.03509891512444161 0.03633535417996171 0.03178844926611359 0.032426611359285255 0.0326260370134014 0.03370293554562859 0.0326260370134014 0.03473994894703255 0.033942246330567964 0.03418155711550734 0.031868219527760054 0.03565730695596681 0.03477983407785577 0.03414167198468411 0.03406190172303765 0.031190172303765158 0.03342373962986599 0.03146936821952776 0.03350350989151244 0.03529834077855775 0.03350350989151244 0.03318442884492661 0.03282546266751755 0.03314454371410338 0.034022016592214425 0.032466496490108486 0.03230695596681557 0.03170867900446713 0.033383854499042756 0.03230695596681557 0.03410178685386088 0.03146936821952776 0.03493937460114869 0.033024888321633694 0.03318442884492661 0.03270580727504786 0.03382259093809828 0.033343969368219525 0.03254626675175495 0.03178844926611359 0.03446075303126994 0.032147415443522655 0.034022016592214425 0.03254626675175495 0.03414167198468411 0.03438098276962349 0.03290523292916401 0.034261327377153795 0.032985003190810464 0.03294511805998724 0.0323468410976388 0.03314454371410338 0.03278557753669432 0.03290523292916401 0.0333040842373963 0.033663050414805364 0.03178844926611359 0.032147415443522655 0.035218570516911296 0.03194798978940651 0.03569719208679004 0.03174856413529036 0.0326260370134014 0.03450063816209317 0.032745692405871094 0.03354339502233567 0.033064773452456925 0.03414167198468411 0.03146936821952776 0.03501914486279515 0.03238672622846203 0.03350350989151244 0.034261327377153795 0.03150925335035099 0.03322431397574984 0.03278557753669432 0.03007338864071474 0.033902361199744734 0.03414167198468411 0.03318442884492661 0.032147415443522655 0.03258615188257818 0.03382259093809828 0.03063178047223995 0.03462029355456286 0.03342373962986599 0.030791320995532865 0.033064773452456925 0.03450063816209317 0.03442086790044671 0.03458040842373963 0.0338624760689215 0.03266592214422463 0.032426611359285255 0.03270580727504786 0.03318442884492661 0.032227185705169116 0.033982131461391195 0.03346362476068922 0.03278557753669432 0.03362316528398213 0.03270580727504786 0.032107530312699424 0.032426611359285255 0.031269942565411615 0.032147415443522655 0.03362316528398213 0.03322431397574984 0.03318442884492661 0.03493937460114869 0.03378270580727505 0.032107530312699424 0.033064773452456925 0.03318442884492661 0.0333040842373963 0.033982131461391195 0.03254626675175495 0.03418155711550734 0.033104658583280155 0.031150287172941927 0.03170867900446713 0.032985003190810464 0.033104658583280155 0.033383854499042756 0.033343969368219525 0.033343969368219525 0.03162890874282068 0.03294511805998724 0.03178844926611359 0.03410178685386088 0.03278557753669432 0.03107051691129547 0.032985003190810464 0.03254626675175495 0.03250638162093172 0.0354977664326739 0.03270580727504786 0.03505902999361838 0.03322431397574984 0.03166879387364391 0.03346362476068922 0.03290523292916401 0.03206764518187619 0.034301212507977026 0.035178685386088066 0.03254626675175495 0.033383854499042756 0.033982131461391195 0.03446075303126994 0.03625558391831525 0.03322431397574984 0.034022016592214425 0.034261327377153795 0.031269942565411615 0.032187300574345885 0.03557753669432036 0.03438098276962349 0.03254626675175495 0.03278557753669432 0.03342373962986599 0.03414167198468411 0.03266592214422463 0.033942246330567964 0.034859604339502234 0.03370293554562859 0.033982131461391195 0.03206764518187619 0.03470006381620932 0.0335832801531589 0.03286534779834078 0.03434109763880026 0.0345405232929164 0.033024888321633694 0.03446075303126994 0.0354977664326739 0.030432354818123803 0.03099074664964901 0.034221442246330565 0.035218570516911296 0.032147415443522655 0.03661455009572431 0.032187300574345885 0.031190172303765158 0.030312699425654115 0.03146936821952776 0.03286534779834078 0.032985003190810464 0.0333040842373963 0.03282546266751755
