# Parameters:
n_avg = 1000000
meas_len_1 = 500
wait_for_initialization = 1500
wait_after_measure = 1000
NV_IF_freq = 70000000

# t_vec (Pulse Durations in clock cycles):
4 5 6 7 8 9 10 11 12 13 14 15 16 17 18 19 20 21 22 23 24 25 26 27 28 29 30 31 32 33 34 35 36 37 38 39 40 41 42 43 44 45 46 47 48 49 50 51 52 53 54 55 56 57 58 59 60 61 62 63 64 65 66 67 68 69 70 71 72 73 74 75 76 77 78 79 80 81 82 83 84 85 86 87 88 89 90 91 92 93 94 95 96 97 98 99 100 101 102 103 104 105 106 107 108 109 110 111 112 113 114 115 116 117 118 119 120 121 122 123 124 125 126 127 128 129 130 131 132 133 134 135 136 137 138 139 140 141 142 143 144 145 146 147 148 149 150 151 152 153 154 155 156 157 158 159 160 161 162 163 164 165 166 167 168 169 170 171 172 173 174 175 176 177 178 179 180 181 182 183 184 185 186 187 188 189 190 191 192 193 194 195 196 197 198 199 200 201 202 203 204 205 206 207 208 209 210 211 212 213 214 215 216 217 218 219 220 221 222 223 224 225 226 227 228 229 230 231 232 233 234 235 236 237 238 239 240 241 242 243 244 245 246 247 248 249 250 251 252 253 254 255 256 257 258 259 260 261 262 263 264 265 266 267 268 269 270 271 272 273 274 275 276 277 278 279 280 281 282 283 284 285 286 287 288 289 290 291 292 293 294 295 296 297 298 299 300 301 302 303 304 305 306 307 308 309 310 311 312 313 314 315 316 317 318 319 320 321 322 323 324 325 326 327 328 329 330 331 332 333 334 335 336 337 338 339 340 341 342 343 344 345 346 347 348 349 350 351 352 353 354 355 356 357 358 359 360 361 362 363 364 365 366 367 368 369 370 371 372 373 374 375 376 377 378 379 380 381 382 383 384 385 386 387 388 389 390 391 392 393 394 395 396 397 398 399

# Counts Data:
0.02586516584840139 0.02418871991378278 0.02550592743384026 0.02694288109208478 0.025026942881092085 0.02622440426296252 0.024068973775595737 0.025266435157466172 0.02382948149922165 0.025146689019279127 0.025026942881092085 0.02622440426296252 0.022512273979164173 0.025745419710214344 0.022871512393725302 0.024907196742905043 0.02586516584840139 0.022033289426415997 0.023350496946473478 0.020117351215423303 0.025146689019279127 0.02275176625553826 0.021913543288228955 0.022991258531912345 0.02275176625553826 0.021554304873667825 0.022033289426415997 0.02143455873548078 0.020596335768171478 0.018440905280804692 0.022272781702790085 0.02071608190635852 0.019398874386301043 0.020955574182732608 0.019398874386301043 0.02107532032091965 0.01832115914261765 0.021314812597293738 0.022991258531912345 0.018560651418991738 0.018800143695365826 0.019159382109926956 0.019398874386301043 0.018919889833552868 0.018919889833552868 0.019398874386301043 0.018560651418991738 0.022272781702790085 0.020596335768171478 0.01903963597173991 0.020596335768171478 0.020476589629984433 0.02107532032091965 0.01796192072805652 0.01903963597173991 0.020955574182732608 0.021195066459106692 0.01868039755717878 0.019398874386301043 0.018081666866243563 0.017722428451682433 0.022632020117351215 0.019877858939049215 0.017722428451682433 0.021314812597293738 0.020237097353610345 0.021195066459106692 0.018440905280804692 0.01999760507723626 0.021554304873667825 0.021195066459106692 0.022272781702790085 0.020476589629984433 0.021913543288228955 0.02418871991378278 0.019279128248113998 0.020835828044545562 0.019518620524488085 0.021913543288228955 0.01903963597173991 0.02382948149922165 0.021554304873667825 0.023230750808286432 0.022392527840977127 0.020117351215423303 0.02454795832834391 0.01999760507723626 0.02107532032091965 0.02143455873548078 0.01999760507723626 0.021314812597293738 0.02143455873548078 0.020835828044545562 0.022033289426415997 0.02179379715004191 0.02418871991378278 0.021314812597293738 0.021195066459106692 0.022871512393725302 0.022272781702790085 0.020476589629984433 0.021674051011854868 0.02071608190635852 0.019877858939049215 0.021554304873667825 0.022632020117351215 0.025625673572027302 0.022033289426415997 0.023350496946473478 0.02107532032091965 0.022871512393725302 0.021554304873667825 0.023589989222847562 0.022512273979164173 0.020596335768171478 0.022512273979164173 0.02275176625553826 0.02311100467009939 0.02035684349179739 0.021913543288228955 0.022392527840977127 0.02179379715004191 0.022991258531912345 0.021554304873667825 0.023709735361034608 0.02658364267752365 0.02107532032091965 0.020117351215423303 0.02275176625553826 0.019758112800862173 0.02311100467009939 0.02035684349179739 0.020237097353610345 0.024907196742905043 0.02454795832834391 0.02311100467009939 0.021314812597293738 0.023230750808286432 0.023230750808286432 0.022392527840977127 0.020476589629984433 0.021674051011854868 0.020835828044545562 0.021314812597293738 0.022392527840977127 0.021554304873667825 0.021195066459106692 0.021674051011854868 0.02311100467009939 0.02035684349179739 0.020955574182732608 0.027781104059394084 0.02107532032091965 0.021674051011854868 0.022033289426415997 0.02382948149922165 0.02454795832834391 0.020955574182732608 0.021314812597293738 0.02311100467009939 0.02107532032091965 0.020835828044545562 0.02418871991378278 0.021314812597293738 0.022392527840977127 0.02143455873548078 0.022392527840977127 0.02382948149922165 0.022991258531912345 0.024308466051969825 0.022512273979164173 0.02382948149922165 0.02179379715004191 0.022272781702790085 0.023350496946473478 0.021314812597293738 0.020955574182732608 0.022272781702790085 0.020117351215423303 0.024667704466530955 0.01868039755717878 0.02382948149922165 0.022272781702790085 0.024428212190156867 0.024428212190156867 0.022991258531912345 0.02143455873548078 0.017842174589869475 0.01999760507723626 0.021195066459106692 0.023230750808286432 0.021195066459106692 0.021554304873667825 0.020476589629984433 0.021314812597293738 0.02347024308466052 0.02311100467009939 0.01999760507723626 0.021314812597293738 0.01999760507723626 0.020237097353610345 0.023350496946473478 0.018919889833552868 0.022632020117351215 0.02275176625553826 0.02179379715004191 0.022392527840977127 0.023350496946473478 0.022512273979164173 0.02179379715004191 0.02107532032091965 0.020117351215423303 0.021674051011854868 0.02143455873548078 0.022871512393725302 0.021913543288228955 0.01903963597173991 0.021554304873667825 0.019877858939049215 0.01832115914261765 0.018440905280804692 0.020237097353610345 0.022392527840977127 0.021674051011854868 0.020835828044545562 0.02107532032091965 0.022632020117351215 0.02035684349179739 0.020237097353610345 0.02107532032091965 0.023949227637408695 0.019638366662675127 0.020117351215423303 0.018919889833552868 0.023709735361034608 0.022871512393725302 0.022512273979164173 0.019159382109926956 0.021195066459106692 0.020955574182732608 0.019398874386301043 0.02143455873548078 0.020955574182732608 0.02454795832834391 0.021314812597293738 0.020117351215423303 0.02071608190635852 0.023230750808286432 0.024907196742905043 0.020835828044545562 0.01999760507723626 0.02179379715004191 0.023230750808286432 0.021554304873667825 0.018081666866243563 0.022392527840977127 0.024428212190156867 0.02143455873548078 0.022153035564603043 0.022871512393725302 0.022033289426415997 0.019159382109926956 0.022991258531912345 0.022392527840977127 0.021195066459106692 0.021674051011854868 0.020117351215423303 0.02418871991378278 0.01903963597173991 0.021674051011854868 0.01999760507723626 0.02382948149922165 0.021314812597293738 0.018560651418991738 0.020476589629984433 0.024428212190156867 0.023589989222847562 0.02107532032091965 0.022512273979164173 0.02107532032091965 0.020117351215423303 0.02179379715004191 0.022632020117351215 0.02035684349179739 0.022153035564603043 0.020476589629984433 0.024428212190156867 0.019758112800862173 0.022512273979164173 0.019877858939049215 0.019518620524488085 0.02071608190635852 0.021554304873667825 0.02143455873548078 0.01999760507723626 0.02382948149922165 0.022153035564603043 0.022512273979164173 0.022632020117351215 0.02071608190635852 0.023589989222847562 0.022632020117351215 0.022512273979164173 0.02071608190635852 0.017722428451682433 0.022392527840977127 0.019159382109926956 0.018081666866243563 0.020476589629984433 0.020835828044545562 0.02143455873548078 0.02071608190635852 0.02347024308466052 0.02311100467009939 0.02311100467009939 0.019877858939049215 0.023230750808286432 0.021314812597293738 0.02311100467009939 0.023949227637408695 0.022033289426415997 0.020955574182732608 0.020596335768171478 0.024308466051969825 0.02071608190635852 0.02347024308466052 0.017482936175308345 0.020835828044545562 0.019758112800862173 0.01832115914261765 0.023709735361034608 0.022632020117351215 0.022512273979164173 0.020596335768171478 0.02071608190635852 0.02311100467009939 0.02143455873548078 0.022512273979164173 0.02035684349179739 0.022871512393725302 0.020596335768171478 0.020596335768171478 0.016764459346186086 0.023589989222847562 0.021913543288228955 0.02035684349179739 0.02107532032091965 0.022512273979164173 0.02311100467009939 0.020835828044545562 0.022153035564603043 0.022632020117351215 0.023230750808286432 0.023589989222847562 0.025026942881092085 0.02107532032091965 0.021913543288228955 0.021913543288228955 0.020596335768171478 0.02418871991378278 0.022272781702790085 0.021314812597293738 0.020596335768171478 0.020835828044545562 0.020596335768171478 0.019398874386301043 0.02275176625553826 0.021314812597293738 0.023350496946473478 0.022632020117351215 0.022272781702790085 0.021913543288228955 0.023350496946473478 0.020835828044545562 0.020476589629984433 0.022632020117351215 0.022632020117351215 0.019159382109926956 0.02275176625553826 0.023350496946473478 0.021913543288228955 0.021674051011854868 0.019877858939049215 0.02179379715004191 0.02179379715004191 0.021314812597293738 0.02143455873548078 0.022033289426415997 0.022033289426415997 0.024068973775595737 0.021314812597293738 0.02071608190635852 0.023230750808286432 0.02275176625553826 0.022871512393725302 0.022033289426415997

# Dark Counts Data:
0.027900850197581126 0.02622440426296252 0.023709735361034608 0.028379834750329302 0.028020596335768172 0.02454795832834391 0.024667704466530955 0.02694288109208478 0.024787450604717997 0.026463896539336607 0.023949227637408695 0.025266435157466172 0.02179379715004191 0.02586516584840139 0.028020596335768172 0.026823134953897737 0.028379834750329302 0.025984911986588432 0.02454795832834391 0.02454795832834391 0.025026942881092085 0.02382948149922165 0.025026942881092085 0.024907196742905043 0.026463896539336607 0.026104658124775477 0.02634415040114956 0.02730211950664591 0.026703388815710695 0.027661357921207042 0.027062627230271825 0.024667704466530955 0.022153035564603043 0.025625673572027302 0.02586516584840139 0.024428212190156867 0.025984911986588432 0.024787450604717997 0.02730211950664591 0.023949227637408695 0.024907196742905043 0.02382948149922165 0.02586516584840139 0.025386181295653214 0.026703388815710695 0.02311100467009939 0.025386181295653214 0.025146689019279127 0.024667704466530955 0.027062627230271825 0.027900850197581126 0.02634415040114956 0.023350496946473478 0.022392527840977127 0.025984911986588432 0.02311100467009939 0.02634415040114956 0.025266435157466172 0.02550592743384026 0.027541611783019997 0.02454795832834391 0.020237097353610345 0.028379834750329302 0.02826008861214226 0.02634415040114956 0.02586516584840139 0.027182373368458867 0.024787450604717997 0.02658364267752365 0.026463896539336607 0.02418871991378278 0.023589989222847562 0.023949227637408695 0.021195066459106692 0.028140342473955214 0.027062627230271825 0.026104658124775477 0.023949227637408695 0.02382948149922165 0.024428212190156867 0.024667704466530955 0.024667704466530955 0.02418871991378278 0.028140342473955214 0.024428212190156867 0.027900850197581126 0.023589989222847562 0.023589989222847562 0.02730211950664591 0.025146689019279127 0.02658364267752365 0.02275176625553826 0.025625673572027302 0.024667704466530955 0.02694288109208478 0.022991258531912345 0.025625673572027302 0.022272781702790085 0.025146689019279127 0.025146689019279127 0.026104658124775477 0.026703388815710695 0.02658364267752365 0.027900850197581126 0.02454795832834391 0.023949227637408695 0.024308466051969825 0.027182373368458867 0.025386181295653214 0.024667704466530955 0.023589989222847562 0.027541611783019997 0.023589989222847562 0.02550592743384026 0.026104658124775477 0.027661357921207042 0.024308466051969825 0.024428212190156867 0.025625673572027302 0.026463896539336607 0.025146689019279127 0.023589989222847562 0.025386181295653214 0.022871512393725302 0.025984911986588432 0.023589989222847562 0.025984911986588432 0.032211711172314694 0.026463896539336607 0.025745419710214344 0.026463896539336607 0.028020596335768172 0.028020596335768172 0.024308466051969825 0.024428212190156867 0.024428212190156867 0.025984911986588432 0.02730211950664591 0.026823134953897737 0.025625673572027302 0.022991258531912345 0.025386181295653214 0.027781104059394084 0.022871512393725302 0.02418871991378278 0.025625673572027302 0.02634415040114956 0.029936534546760867 0.021913543288228955 0.021913543288228955 0.02311100467009939 0.024907196742905043 0.026104658124775477 0.024787450604717997 0.024907196742905043 0.025745419710214344 0.028140342473955214 0.024308466051969825 0.02658364267752365 0.024667704466530955 0.027062627230271825 0.023709735361034608 0.027421865644832955 0.025026942881092085 0.024787450604717997 0.02586516584840139 0.02658364267752365 0.02694288109208478 0.025984911986588432 0.02586516584840139 0.021913543288228955 0.027182373368458867 0.025266435157466172 0.027781104059394084 0.02586516584840139 0.027661357921207042 0.022512273979164173 0.02347024308466052 0.02586516584840139 0.02550592743384026 0.023350496946473478 0.024907196742905043 0.02909831157945156 0.022632020117351215 0.025146689019279127 0.023589989222847562 0.024308466051969825 0.02347024308466052 0.025266435157466172 0.022871512393725302 0.027421865644832955 0.025984911986588432 0.026823134953897737 0.026104658124775477 0.022153035564603043 0.025266435157466172 0.022272781702790085 0.02454795832834391 0.025984911986588432 0.02634415040114956 0.023230750808286432 0.027900850197581126 0.026823134953897737 0.027541611783019997 0.026823134953897737 0.02730211950664591 0.026823134953897737 0.022392527840977127 0.027182373368458867 0.02622440426296252 0.027182373368458867 0.024907196742905043 0.026104658124775477 0.02634415040114956 0.026463896539336607 0.025625673572027302 0.022871512393725302 0.024068973775595737 0.02694288109208478 0.028020596335768172 0.025625673572027302 0.024907196742905043 0.02550592743384026 0.025625673572027302 0.027900850197581126 0.02622440426296252 0.02634415040114956 0.02694288109208478 0.024787450604717997 0.024907196742905043 0.02622440426296252 0.02454795832834391 0.02347024308466052 0.028020596335768172 0.02694288109208478 0.02634415040114956 0.024787450604717997 0.023230750808286432 0.024428212190156867 0.025386181295653214 0.025146689019279127 0.02694288109208478 0.023949227637408695 0.025026942881092085 0.02730211950664591 0.025386181295653214 0.027781104059394084 0.027661357921207042 0.02586516584840139 0.02658364267752365 0.02418871991378278 0.024308466051969825 0.027182373368458867 0.027781104059394084 0.023230750808286432 0.02730211950664591 0.021554304873667825 0.02622440426296252 0.025026942881092085 0.028499580888516344 0.025745419710214344 0.026703388815710695 0.02382948149922165 0.027900850197581126 0.026823134953897737 0.02418871991378278 0.026463896539336607 0.028379834750329302 0.025625673572027302 0.024667704466530955 0.02694288109208478 0.026703388815710695 0.023589989222847562 0.02730211950664591 0.027421865644832955 0.02550592743384026 0.026463896539336607 0.021913543288228955 0.026104658124775477 0.026104658124775477 0.028020596335768172 0.028858819303077477 0.025386181295653214 0.025984911986588432 0.025386181295653214 0.02586516584840139 0.023589989222847562 0.027541611783019997 0.027661357921207042 0.02550592743384026 0.02634415040114956 0.021195066459106692 0.026463896539336607 0.023230750808286432 0.024428212190156867 0.025984911986588432 0.028858819303077477 0.028379834750329302 0.026703388815710695 0.02622440426296252 0.02382948149922165 0.02897856544126452 0.027900850197581126 0.024428212190156867 0.02454795832834391 0.02347024308466052 0.02909831157945156 0.02382948149922165 0.027062627230271825 0.02634415040114956 0.025625673572027302 0.02658364267752365 0.02550592743384026 0.025386181295653214 0.02586516584840139 0.02622440426296252 0.022991258531912345 0.02622440426296252 0.026823134953897737 0.02586516584840139 0.025026942881092085 0.024068973775595737 0.025386181295653214 0.023709735361034608 0.02382948149922165 0.025386181295653214 0.025026942881092085 0.027661357921207042 0.02634415040114956 0.025984911986588432 0.023949227637408695 0.028140342473955214 0.020476589629984433 0.02634415040114956 0.025984911986588432 0.02418871991378278 0.028379834750329302 0.026823134953897737 0.026463896539336607 0.02382948149922165 0.025146689019279127 0.02622440426296252 0.028020596335768172 0.02969704227038678 0.022991258531912345 0.02730211950664591 0.025386181295653214 0.027421865644832955 0.025984911986588432 0.023350496946473478 0.022512273979164173 0.023709735361034608 0.026703388815710695 0.024428212190156867 0.02730211950664591 0.029457549994012695 0.023589989222847562 0.02622440426296252 0.024787450604717997 0.022632020117351215 0.023350496946473478 0.02586516584840139 0.02622440426296252 0.024068973775595737 0.027661357921207042 0.024667704466530955 0.027062627230271825 0.025146689019279127 0.025386181295653214 0.024667704466530955 0.025984911986588432 0.022991258531912345 0.02694288109208478 0.024428212190156867 0.024308466051969825 0.02586516584840139 0.025745419710214344 0.026703388815710695 0.024907196742905043 0.025026942881092085 0.023230750808286432 0.02454795832834391 0.023350496946473478 0.023230750808286432 0.024308466051969825 0.025026942881092085 0.028499580888516344 0.027661357921207042 0.02550592743384026 0.026463896539336607 0.026823134953897737 0.026104658124775477 0.025745419710214344 0.026104658124775477 0.023949227637408695 0.024907196742905043
