# Parameters:
n_avg = 1000000
meas_len_1 = 500
wait_for_initialization = 1500
wait_after_measure = 1000
NV_IF_freq = 70000000

# t_vec (Pulse Durations in clock cycles):
4 5 6 7 8 9 10 11 12 13 14 15 16 17 18 19 20 21 22 23 24 25 26 27 28 29 30 31 32 33 34 35 36 37 38 39 40 41 42 43 44 45 46 47 48 49 50 51 52 53 54 55 56 57 58 59 60 61 62 63 64 65 66 67 68 69 70 71 72 73 74 75 76 77 78 79 80 81 82 83 84 85 86 87 88 89 90 91 92 93 94 95 96 97 98 99 100 101 102 103 104 105 106 107 108 109 110 111 112 113 114 115 116 117 118 119 120 121 122 123 124 125 126 127 128 129 130 131 132 133 134 135 136 137 138 139 140 141 142 143 144 145 146 147 148 149 150 151 152 153 154 155 156 157 158 159 160 161 162 163 164 165 166 167 168 169 170 171 172 173 174 175 176 177 178 179 180 181 182 183 184 185 186 187 188 189 190 191 192 193 194 195 196 197 198 199 200 201 202 203 204 205 206 207 208 209 210 211 212 213 214 215 216 217 218 219 220 221 222 223 224 225 226 227 228 229 230 231 232 233 234 235 236 237 238 239 240 241 242 243 244 245 246 247 248 249 250 251 252 253 254 255 256 257 258 259 260 261 262 263 264 265 266 267 268 269 270 271 272 273 274 275 276 277 278 279 280 281 282 283 284 285 286 287 288 289 290 291 292 293 294 295 296 297 298 299 300 301 302 303 304 305 306 307 308 309 310 311 312 313 314 315 316 317 318 319 320 321 322 323 324 325 326 327 328 329 330 331 332 333 334 335 336 337 338 339 340 341 342 343 344 345 346 347 348 349 350 351 352 353 354 355 356 357 358 359 360 361 362 363 364 365 366 367 368 369 370 371 372 373 374 375 376 377 378 379 380 381 382 383 384 385 386 387 388 389 390 391 392 393 394 395 396 397 398 399

# Counts Data:
0.025127164577368875 0.026266781554882285 0.025877644050365512 0.026350168162993022 0.024348889568335325 0.02190288239708703 0.02315368151874809 0.023209272590821915 0.02337604580704339 0.02059649220335214 0.022542179725936015 0.021069016315979655 0.019206715401506518 0.02048531005920449 0.02101342524390583 0.018511827000583705 0.019651443978097118 0.019512466297912555 0.018623009144731355 0.018067098423993108 0.018094893960030018 0.017955916279845458 0.01834505378436223 0.017928120743808545 0.017622369847402508 0.01823387164021458 0.01778914306362398 0.018039302887956195 0.017955916279845458 0.01720543680684882 0.01834505378436223 0.018067098423993108 0.019734830586207855 0.01878978236095283 0.02020735469883537 0.01878978236095283 0.01867860021680518 0.01959585290602329 0.018956555577174305 0.01998499041054007 0.018956555577174305 0.02070767434749979 0.017983711815882368 0.02134697167634878 0.01987380826639242 0.018734191288879005 0.02004058148261389 0.01976262612224477 0.019206715401506518 0.02009617255468772 0.0214025627484226 0.02020735469883537 0.019734830586207855 0.020179559162798455 0.02126358506823804 0.01945687522583873 0.021374767212385692 0.021652722572754815 0.021291380604274955 0.020846652027684355 0.02104122077994274 0.021597131500680992 0.01948467076187564 0.021986269005197765 0.021430358284459515 0.02123578953220113 0.0220696556133085 0.02145815382049643 0.02168051810879173 0.02168051810879173 0.021069016315979655 0.021430358284459515 0.021207993996164215 0.021541540428607165 0.0216249270367179 0.021541540428607165 0.02070767434749979 0.0216249270367179 0.02020735469883537 0.02293131723045279 0.02282013508630514 0.022097451149345415 0.02093003863579509 0.0216249270367179 0.0220696556133085 0.02151374489257025 0.022292019901603802 0.020235150234872278 0.02079106095561053 0.021541540428607165 0.02123578953220113 0.02115240292409039 0.020735469883536705 0.02020735469883537 0.02079106095561053 0.02059649220335214 0.01987380826639242 0.020763265419573615 0.01967923951413403 0.019429079689801818 0.021652722572754815 0.019846012730355505 0.02067987881146288 0.02037412791505684 0.02031853684298302 0.019401284153764905 0.01976262612224477 0.018845373433026655 0.01967923951413403 0.02104122077994274 0.020235150234872278 0.020957834171832005 0.01998499041054007 0.01979042165828168 0.020290741306946105 0.02048531005920449 0.01979042165828168 0.019429079689801818 0.020179559162798455 0.021069016315979655 0.021096811852016565 0.021763904716902465 0.02104122077994274 0.02104122077994274 0.02093003863579509 0.02123578953220113 0.020874447563721265 0.0214025627484226 0.021541540428607165 0.02195847346916085 0.021319176140311865 0.02156933596464408 0.021319176140311865 0.02090224309975818 0.020179559162798455 0.021180198460127305 0.02042971898713067 0.019429079689801818 0.02054090113127832 0.020346332379019928 0.020457514523167578 0.020012785946576978 0.020012785946576978 0.020985629707868915 0.02004058148261389 0.021207993996164215 0.01956805736998638 0.020068377018650805 0.01987380826639242 0.02090224309975818 0.019178919865469605 0.02067987881146288 0.019540261833949468 0.020985629707868915 0.01812268949606693 0.02056869666731523 0.019401284153764905 0.020235150234872278 0.020957834171832005 0.01890096450510048 0.0220696556133085 0.019734830586207855 0.02054090113127832 0.018928760041137395 0.02112460738805348 0.02004058148261389 0.01915112432943269 0.021430358284459515 0.019540261833949468 0.020652083275425965 0.02081885649164744 0.02056869666731523 0.02168051810879173 0.02145815382049643 0.02259777079800984 0.021652722572754815 0.01970703505017094 0.021069016315979655 0.0216249270367179 0.022653361870083665 0.022986908302526615 0.021875086861050115 0.021485949356533342 0.020735469883536705 0.02042971898713067 0.021708313644828642 0.02042971898713067 0.022625566334046752 0.02104122077994274 0.022403202045751452 0.02134697167634878 0.021180198460127305 0.021652722572754815 0.020735469883536705 0.02104122077994274 0.02115240292409039 0.020874447563721265 0.021096811852016565 0.02090224309975818 0.019651443978097118 0.01923451093754343 0.02020735469883537 0.020513105595241405 0.021207993996164215 0.019095533257358868 0.01934569308169108 0.01956805736998638 0.02054090113127832 0.01867860021680518 0.02067987881146288 0.02004058148261389 0.018761986824915918 0.02090224309975818 0.02020735469883537 0.020457514523167578 0.020985629707868915 0.01981821719431859 0.020874447563721265 0.020735469883536705 0.020457514523167578 0.02112460738805348 0.02048531005920449 0.02067987881146288 0.020652083275425965 0.022736748478194402 0.019901603802429328 0.022764544014231315 0.021819495788976292 0.020457514523167578 0.02004058148261389 0.02134697167634878 0.0220696556133085 0.02195847346916085 0.021180198460127305 0.02245879311782528 0.021930677933123942 0.02168051810879173 0.0218472913250132 0.02070767434749979 0.020652083275425965 0.020513105595241405 0.021708313644828642 0.020401923451093755 0.019734830586207855 0.02056869666731523 0.02026294577090919 0.021291380604274955 0.020652083275425965 0.021597131500680992 0.020346332379019928 0.02134697167634878 0.02101342524390583 0.02070767434749979 0.02048531005920449 0.01998499041054007 0.02201406454123468 0.02081885649164744 0.021069016315979655 0.020401923451093755 0.019512466297912555 0.0214025627484226 0.01926230647358034 0.021291380604274955 0.02056869666731523 0.01967923951413403 0.019651443978097118 0.021069016315979655 0.020652083275425965 0.02048531005920449 0.020012785946576978 0.020290741306946105 0.018845373433026655 0.02126358506823804 0.019623648442060205 0.019039942185285045 0.02093003863579509 0.021207993996164215 0.01948467076187564 0.01987380826639242 0.01998499041054007 0.01956805736998638 0.019846012730355505 0.01976262612224477 0.01945687522583873 0.01959585290602329 0.02079106095561053 0.02004058148261389 0.02126358506823804 0.020012785946576978 0.02026294577090919 0.018873168969063568 0.02015176362676154 0.02009617255468772 0.02031853684298302 0.01856741807265753 0.018984351113211218 0.020290741306946105 0.0214025627484226 0.022542179725936015 0.02112460738805348 0.020068377018650805 0.019901603802429328 0.018372849320399145 0.021819495788976292 0.02179170025293938 0.020957834171832005 0.020235150234872278 0.021319176140311865 0.02104122077994274 0.02093003863579509 0.02059649220335214 0.022514384189899102 0.020624287739389055 0.02248658865386219 0.022403202045751452 0.021875086861050115 0.02195847346916085 0.02070767434749979 0.021180198460127305 0.02212524668538233 0.021069016315979655 0.02042971898713067 0.021930677933123942 0.021430358284459515 0.02279233955026823 0.02079106095561053 0.02126358506823804 0.02054090113127832 0.020652083275425965 0.02090224309975818 0.02031853684298302 0.020123968090724628 0.02081885649164744 0.01967923951413403 0.01970703505017094 0.01998499041054007 0.02015176362676154 0.018956555577174305 0.01915112432943269 0.01937348861772799 0.020846652027684355 0.01987380826639242 0.02042971898713067 0.019651443978097118 0.02115240292409039 0.020179559162798455 0.019429079689801818 0.02201406454123468 0.020235150234872278 0.020735469883536705 0.019957194874503155 0.019178919865469605 0.019290102009617255 0.020874447563721265 0.02048531005920449 0.020985629707868915 0.02056869666731523 0.020179559162798455 0.01923451093754343 0.02004058148261389 0.020235150234872278 0.02134697167634878 0.020346332379019928 0.0216249270367179 0.02134697167634878 0.02031853684298302 0.02093003863579509 0.021819495788976292 0.02115240292409039 0.020179559162798455 0.02020735469883537 0.021541540428607165 0.020735469883536705 0.021597131500680992 0.02031853684298302 0.020235150234872278 0.020652083275425965 0.01959585290602329 0.02070767434749979 0.020874447563721265 0.0218472913250132 0.01956805736998638 0.020846652027684355 0.01959585290602329 0.02090224309975818 0.019846012730355505 0.02048531005920449 0.020123968090724628 0.02056869666731523 0.01915112432943269 0.019401284153764905 0.021374767212385692 0.02020735469883537 0.018984351113211218 0.020235150234872278 0.020235150234872278

# Dark Counts Data:
0.026461350307140672 0.025321733329627262 0.0258498485143286 0.02415432081607694 0.026100008338660812 0.025822052978291685 0.026572532451288322 0.02471023153681519 0.025405119937738 0.026600327987325235 0.026127803874697722 0.02471023153681519 0.024321094032298412 0.026350168162993022 0.02426550296022459 0.024321094032298412 0.0267393056675098 0.025099369041331962 0.0258498485143286 0.02707285209995275 0.02507157350529505 0.024654640464741362 0.025377324401701085 0.026600327987325235 0.024793618144925925 0.02484920921699975 0.027045056563915836 0.025988826194513162 0.02743419406843261 0.025127164577368875 0.024877004753036662 0.0258498485143286 0.025377324401701085 0.025544097617922562 0.026933874419768185 0.025822052978291685 0.024432276176446062 0.024904800289073575 0.02640575923506685 0.023070294910637352 0.025349528865664175 0.025238346721516525 0.026433554771103762 0.025488506545848735 0.026044417266586985 0.025377324401701085 0.025710870834144035 0.02393195652778164 0.025544097617922562 0.025321733329627262 0.0256274842260333 0.024654640464741362 0.026350168162993022 0.025405119937738 0.02326486366289574 0.02426550296022459 0.025127164577368875 0.024654640464741362 0.02504377796925814 0.0256274842260333 0.02493259582511049 0.025766461906217862 0.025432915473774912 0.025655279762070212 0.024070934207966202 0.025599688689996385 0.026572532451288322 0.026933874419768185 0.025377324401701085 0.027128443172026572 0.024432276176446062 0.02529393779359035 0.025571893153959475 0.025599688689996385 0.02573866637018095 0.025127164577368875 0.024765822608889012 0.024765822608889012 0.02507157350529505 0.0247380270728521 0.02698946549184201 0.02618339494677155 0.025683075298107125 0.025544097617922562 0.02710064763598966 0.025349528865664175 0.02484920921699975 0.024182116352113852 0.024571253856630625 0.02618339494677155 0.026211190482808462 0.02551630208188565 0.02426550296022459 0.0247380270728521 0.02459904939266754 0.026016621730550072 0.025655279762070212 0.025460711009811825 0.025766461906217862 0.026572532451288322 0.025571893153959475 0.0271840342441004 0.0245156627845568 0.02448786724851989 0.024460071712482975 0.026711510131472885 0.025988826194513162 0.025544097617922562 0.026822692275620535 0.023403841343080302 0.026044417266586985 0.0247380270728521 0.025544097617922562 0.023959752063818552 0.025599688689996385 0.024126525280040025 0.024988186897184312 0.025488506545848735 0.0274063985323957 0.025349528865664175 0.024877004753036662 0.0245156627845568 0.0247380270728521 0.0251827556494427 0.02551630208188565 0.026100008338660812 0.02685048781165745 0.025766461906217862 0.025349528865664175 0.0256274842260333 0.0262945770909192 0.024015343135892375 0.02448786724851989 0.024793618144925925 0.02448786724851989 0.0258498485143286 0.025794257442254775 0.025015982433221225 0.026544736915251412 0.024793618144925925 0.025349528865664175 0.024765822608889012 0.025405119937738 0.02437668510437224 0.025683075298107125 0.02482141368096284 0.02507157350529505 0.026794896739583622 0.02393195652778164 0.0249603913611474 0.02482141368096284 0.02459904939266754 0.026211190482808462 0.0271840342441004 0.023848569919670902 0.024765822608889012 0.02437668510437224 0.02504377796925814 0.0262945770909192 0.024904800289073575 0.026683714595435972 0.02459904939266754 0.02596103065847625 0.026211190482808462 0.025432915473774912 0.02515496011340579 0.025460711009811825 0.026211190482808462 0.02765655835672791 0.0260722128026239 0.025905439586402425 0.025266142257553435 0.023737387775523252 0.026016621730550072 0.025599688689996385 0.0267393056675098 0.0247380270728521 0.025822052978291685 0.025127164577368875 0.02507157350529505 0.0265169413792145 0.024877004753036662 0.023876365455707812 0.026100008338660812 0.0260722128026239 0.025460711009811825 0.025571893153959475 0.02685048781165745 0.026489145843177585 0.025599688689996385 0.026238986018845372 0.026266781554882285 0.025794257442254775 0.02640575923506685 0.025794257442254775 0.02459904939266754 0.02382077438363399 0.02471023153681519 0.024682436000778275 0.0256274842260333 0.024432276176446062 0.0249603913611474 0.024877004753036662 0.02493259582511049 0.02459904939266754 0.025683075298107125 0.024070934207966202 0.0260722128026239 0.0267393056675098 0.02404313867192929 0.0247380270728521 0.0258498485143286 0.025905439586402425 0.025460711009811825 0.024293298496261502 0.026044417266586985 0.026238986018845372 0.024015343135892375 0.026100008338660812 0.026655919059399062 0.024321094032298412 0.02596103065847625 0.026489145843177585 0.024070934207966202 0.026016621730550072 0.024793618144925925 0.026350168162993022 0.025905439586402425 0.02437668510437224 0.024793618144925925 0.026489145843177585 0.026572532451288322 0.02515496011340579 0.025488506545848735 0.025460711009811825 0.02698946549184201 0.025432915473774912 0.026433554771103762 0.025349528865664175 0.025099369041331962 0.026100008338660812 0.0256274842260333 0.02459904939266754 0.02507157350529505 0.026100008338660812 0.024571253856630625 0.025571893153959475 0.024654640464741362 0.02462684492870445 0.02507157350529505 0.027128443172026572 0.025432915473774912 0.025988826194513162 0.026322372626956112 0.02573866637018095 0.027739944964838645 0.02462684492870445 0.025377324401701085 0.026211190482808462 0.025432915473774912 0.025905439586402425 0.025822052978291685 0.025349528865664175 0.025599688689996385 0.02618339494677155 0.02507157350529505 0.02471023153681519 0.025099369041331962 0.02504377796925814 0.025655279762070212 0.025349528865664175 0.02618339494677155 0.024348889568335325 0.02573866637018095 0.023904160991744725 0.025571893153959475 0.0247380270728521 0.0249603913611474 0.02462684492870445 0.024877004753036662 0.025015982433221225 0.02482141368096284 0.02618339494677155 0.025321733329627262 0.026461350307140672 0.025794257442254775 0.024209911888150762 0.026044417266586985 0.023848569919670902 0.02754537621258026 0.024543458320593712 0.025794257442254775 0.025905439586402425 0.0251827556494427 0.02471023153681519 0.026238986018845372 0.026489145843177585 0.0249603913611474 0.024348889568335325 0.02493259582511049 0.02426550296022459 0.025210551185479612 0.02551630208188565 0.02504377796925814 0.026322372626956112 0.026377963699029935 0.025683075298107125 0.025377324401701085 0.025405119937738 0.026350168162993022 0.02551630208188565 0.025238346721516525 0.025238346721516525 0.026572532451288322 0.025794257442254775 0.0251827556494427 0.0247380270728521 0.02618339494677155 0.027350807460321872 0.024460071712482975 0.025321733329627262 0.02471023153681519 0.025710870834144035 0.026794896739583622 0.025405119937738 0.026155599410734635 0.025794257442254775 0.024348889568335325 0.024682436000778275 0.024571253856630625 0.025933235122439335 0.025877644050365512 0.024571253856630625 0.025766461906217862 0.024571253856630625 0.024877004753036662 0.025377324401701085 0.025544097617922562 0.02551630208188565 0.02573866637018095 0.024571253856630625 0.024432276176446062 0.025683075298107125 0.024904800289073575 0.02721182978013731 0.0251827556494427 0.025432915473774912 0.02573866637018095 0.02685048781165745 0.02515496011340579 0.024460071712482975 0.025710870834144035 0.024793618144925925 0.02707285209995275 0.02448786724851989 0.02462684492870445 0.026016621730550072 0.024765822608889012 0.02404313867192929 0.025349528865664175 0.023542819023264865 0.0262945770909192 0.025877644050365512 0.027128443172026572 0.026933874419768185 0.02504377796925814 0.025321733329627262 0.025488506545848735 0.02507157350529505 0.026350168162993022 0.02404313867192929 0.02732301192428496 0.02529393779359035 0.02573866637018095 0.022653361870083665 0.02370959223948634 0.027128443172026572 0.025432915473774912 0.026155599410734635 0.025405119937738 0.025794257442254775 0.0247380270728521 0.024182116352113852 0.024904800289073575 0.025210551185479612 0.0251827556494427 0.02437668510437224 0.025432915473774912 0.025405119937738 0.026600327987325235 0.024348889568335325 0.025460711009811825 0.02426550296022459 0.02596103065847625 0.025822052978291685 0.025210551185479612
