# Parameters:
n_avg = 1000000
meas_len_1 = 500
wait_for_initialization = 1500
wait_after_measure = 1000
NV_IF_freq = 70000000

# t_vec (Pulse Durations in clock cycles):
4 5 6 7 8 9 10 11 12 13 14 15 16 17 18 19 20 21 22 23 24 25 26 27 28 29 30 31 32 33 34 35 36 37 38 39 40 41 42 43 44 45 46 47 48 49 50 51 52 53 54 55 56 57 58 59 60 61 62 63 64 65 66 67 68 69 70 71 72 73 74 75 76 77 78 79 80 81 82 83 84 85 86 87 88 89 90 91 92 93 94 95 96 97 98 99 100 101 102 103 104 105 106 107 108 109 110 111 112 113 114 115 116 117 118 119 120 121 122 123 124 125 126 127 128 129 130 131 132 133 134 135 136 137 138 139 140 141 142 143 144 145 146 147 148 149 150 151 152 153 154 155 156 157 158 159 160 161 162 163 164 165 166 167 168 169 170 171 172 173 174 175 176 177 178 179 180 181 182 183 184 185 186 187 188 189 190 191 192 193 194 195 196 197 198 199 200 201 202 203 204 205 206 207 208 209 210 211 212 213 214 215 216 217 218 219 220 221 222 223 224 225 226 227 228 229 230 231 232 233 234 235 236 237 238 239 240 241 242 243 244 245 246 247 248 249 250 251 252 253 254 255 256 257 258 259 260 261 262 263 264 265 266 267 268 269 270 271 272 273 274 275 276 277 278 279 280 281 282 283 284 285 286 287 288 289 290 291 292 293 294 295 296 297 298 299 300 301 302 303 304 305 306 307 308 309 310 311 312 313 314 315 316 317 318 319 320 321 322 323 324 325 326 327 328 329 330 331 332 333 334 335 336 337 338 339 340 341 342 343 344 345 346 347 348 349 350 351 352 353 354 355 356 357 358 359 360 361 362 363 364 365 366 367 368 369 370 371 372 373 374 375 376 377 378 379 380 381 382 383 384 385 386 387 388 389 390 391 392 393 394 395 396 397 398 399

# Counts Data:
0.026217434319006267 0.02715180828844674 0.026822029240408926 0.023799054633395624 0.025557876222930636 0.026327360668352204 0.024513575904144224 0.02484335495218204 0.026382323843025173 0.02462350225349016 0.02407387050676047 0.02522809717489282 0.024293723205452346 0.025008244476200946 0.023744091458722656 0.023194459711992965 0.023139496537319997 0.02517313400021985 0.021820380345168738 0.021380674947784985 0.022479938441244365 0.02291964383862812 0.022974607013301087 0.023139496537319997 0.022754754314609212 0.022205122567879522 0.022534901615917334 0.022589864790590306 0.02105089589974717 0.022534901615917334 0.020226448279652632 0.019841706056941848 0.020116521930306695 0.019402000659558095 0.018742442563482467 0.018742442563482467 0.02050126415301748 0.02039133780367154 0.021820380345168738 0.019621853358249973 0.017808068594041992 0.019621853358249973 0.020666153677036385 0.020940969550401232 0.019456963834231067 0.019292074310212157 0.019896669231614816 0.0202814114543256 0.019566890183577004 0.020886006375728263 0.019566890183577004 0.02044630097834451 0.019621853358249973 0.01918214796086622 0.021325711773112016 0.019621853358249973 0.02176541717049577 0.021490601297130922 0.020116521930306695 0.02044630097834451 0.020886006375728263 0.019841706056941848 0.020116521930306695 0.021325711773112016 0.0217104539958228 0.023139496537319997 0.022974607013301087 0.021435638122457953 0.01995163240628779 0.021270748598439047 0.02280971748928218 0.02154556447180389 0.020116521930306695 0.022040233043860612 0.02105089589974717 0.022370012091898428 0.02154556447180389 0.022040233043860612 0.0209959327250742 0.02291964383862812 0.02286468066395515 0.023084533362647028 0.022424975266571397 0.023029570187974056 0.02346927558535781 0.022974607013301087 0.022644827965263275 0.02154556447180389 0.022205122567879522 0.02346927558535781 0.020171485104979663 0.02412883368143344 0.023689128284049687 0.02280971748928218 0.02176541717049577 0.021930306694514675 0.021160822249093107 0.021105859074420138 0.02050126415301748 0.023029570187974056 0.02154556447180389 0.02176541717049577 0.0217104539958228 0.022424975266571397 0.021875343519841706 0.02039133780367154 0.02176541717049577 0.023139496537319997 0.022150159393206553 0.022040233043860612 0.02418379685610641 0.022754754314609212 0.02346927558535781 0.020226448279652632 0.02291964383862812 0.021325711773112016 0.023963944157414534 0.02352423876003078 0.022150159393206553 0.02335934923601187 0.02176541717049577 0.02346927558535781 0.021655490821149828 0.02176541717049577 0.023194459711992965 0.02154556447180389 0.025063207650873914 0.022370012091898428 0.023084533362647028 0.02209519621853358 0.02335934923601187 0.020776080026382322 0.021655490821149828 0.020666153677036385 0.021435638122457953 0.020666153677036385 0.022644827965263275 0.02160052764647686 0.02390898098274156 0.022150159393206553 0.02231504891722546 0.02346927558535781 0.021490601297130922 0.021820380345168738 0.023139496537319997 0.021105859074420138 0.021490601297130922 0.02335934923601187 0.021820380345168738 0.02346927558535781 0.02105089589974717 0.023854017808068593 0.02226008574255249 0.023249422886665934 0.022699791139936244 0.020721116851709354 0.0217104539958228 0.021875343519841706 0.023854017808068593 0.021105859074420138 0.022370012091898428 0.022424975266571397 0.02335934923601187 0.020556227327690448 0.02280971748928218 0.02226008574255249 0.02352423876003078 0.023249422886665934 0.02176541717049577 0.021215785423766075 0.02209519621853358 0.02176541717049577 0.024513575904144224 0.02352423876003078 0.022424975266571397 0.02539298669891173 0.02280971748928218 0.02280971748928218 0.02154556447180389 0.023249422886665934 0.023689128284049687 0.024238760030779377 0.02291964383862812 0.022534901615917334 0.023689128284049687 0.02352423876003078 0.021655490821149828 0.022040233043860612 0.022589864790590306 0.023029570187974056 0.024403649554798287 0.02226008574255249 0.022040233043860612 0.022040233043860612 0.0217104539958228 0.02105089589974717 0.02209519621853358 0.021655490821149828 0.022150159393206553 0.020721116851709354 0.021215785423766075 0.021930306694514675 0.020061558755633726 0.021875343519841706 0.02418379685610641 0.022479938441244365 0.023304386061338903 0.020940969550401232 0.02231504891722546 0.020721116851709354 0.021985269869187644 0.021380674947784985 0.021490601297130922 0.0209959327250742 0.021875343519841706 0.02176541717049577 0.021875343519841706 0.021270748598439047 0.022040233043860612 0.02209519621853358 0.023249422886665934 0.021105859074420138 0.020721116851709354 0.019072221611520283 0.02160052764647686 0.0209959327250742 0.02226008574255249 0.020886006375728263 0.020226448279652632 0.022370012091898428 0.02039133780367154 0.021215785423766075 0.021875343519841706 0.021435638122457953 0.024568539078817193 0.021105859074420138 0.022205122567879522 0.01923711113553919 0.021325711773112016 0.021325711773112016 0.021105859074420138 0.02154556447180389 0.023689128284049687 0.022534901615917334 0.021875343519841706 0.01967681653292294 0.022534901615917334 0.022040233043860612 0.02226008574255249 0.01995163240628779 0.02357920193470375 0.023744091458722656 0.022370012091898428 0.02231504891722546 0.023194459711992965 0.02160052764647686 0.022754754314609212 0.020831043201055294 0.02335934923601187 0.023249422886665934 0.023963944157414534 0.021380674947784985 0.02209519621853358 0.02154556447180389 0.022534901615917334 0.022370012091898428 0.021325711773112016 0.020116521930306695 0.02390898098274156 0.023194459711992965 0.020886006375728263 0.021820380345168738 0.023084533362647028 0.02176541717049577 0.022754754314609212 0.023194459711992965 0.023634165109376718 0.020171485104979663 0.023029570187974056 0.023634165109376718 0.021325711773112016 0.020226448279652632 0.02286468066395515 0.022644827965263275 0.01967681653292294 0.022424975266571397 0.02209519621853358 0.022699791139936244 0.01995163240628779 0.021325711773112016 0.021930306694514675 0.02412883368143344 0.023084533362647028 0.022589864790590306 0.02286468066395515 0.0247334286028361 0.02407387050676047 0.021985269869187644 0.021655490821149828 0.022589864790590306 0.02226008574255249 0.024018907332087502 0.021325711773112016 0.02160052764647686 0.021325711773112016 0.02291964383862812 0.020940969550401232 0.02286468066395515 0.022370012091898428 0.022644827965263275 0.021985269869187644 0.02412883368143344 0.020721116851709354 0.022699791139936244 0.021875343519841706 0.02044630097834451 0.02291964383862812 0.02050126415301748 0.0254479498735847 0.01995163240628779 0.02280971748928218 0.020666153677036385 0.022040233043860612 0.023194459711992965 0.02226008574255249 0.021875343519841706 0.023194459711992965 0.022150159393206553 0.019621853358249973 0.021270748598439047 0.0217104539958228 0.021490601297130922 0.0217104539958228 0.023799054633395624 0.021270748598439047 0.02154556447180389 0.021490601297130922 0.022205122567879522 0.02039133780367154 0.022205122567879522 0.023304386061338903 0.022150159393206553 0.02291964383862812 0.022370012091898428 0.023084533362647028 0.022589864790590306 0.0217104539958228 0.021380674947784985 0.02160052764647686 0.021380674947784985 0.021105859074420138 0.022974607013301087 0.020556227327690448 0.02226008574255249 0.021655490821149828 0.022479938441244365 0.019621853358249973 0.021435638122457953 0.021875343519841706 0.01995163240628779 0.022150159393206553 0.021160822249093107 0.022644827965263275 0.020666153677036385 0.02226008574255249 0.020776080026382322 0.020886006375728263 0.021930306694514675 0.021380674947784985 0.022370012091898428 0.02346927558535781 0.021820380345168738 0.021270748598439047 0.023854017808068593 0.02226008574255249 0.024458612729471255 0.0209959327250742 0.02407387050676047 0.022370012091898428 0.021875343519841706 0.021820380345168738 0.022479938441244365 0.023084533362647028 0.020721116851709354 0.023029570187974056 0.021215785423766075 0.02462350225349016 0.02412883368143344 0.023194459711992965 0.022644827965263275 0.02231504891722546 0.02050126415301748 0.021930306694514675 0.023084533362647028 0.023634165109376718 0.0217104539958228

# Dark Counts Data:
0.02654721336704408 0.02665713971639002 0.025832692096295483 0.025283060349565793 0.02522809717489282 0.02533802352423876 0.026876992415081895 0.02522809717489282 0.024953281301527977 0.023139496537319997 0.026767066065735957 0.025118170825546883 0.02599758162031439 0.025063207650873914 0.027921292733868307 0.028800703528635813 0.025557876222930636 0.02462350225349016 0.025777728921622514 0.02539298669891173 0.024513575904144224 0.027646476860503463 0.026822029240408926 0.026327360668352204 0.028031219083214248 0.025777728921622514 0.027921292733868307 0.02352423876003078 0.028910629877981753 0.025722765746949545 0.025832692096295483 0.027096845113773773 0.02726173463779268 0.023194459711992965 0.02462350225349016 0.026876992415081895 0.025502913048257667 0.026052544794987358 0.02654721336704408 0.02599758162031439 0.026107507969660326 0.024953281301527977 0.024788391777509067 0.026822029240408926 0.025777728921622514 0.026437287017698142 0.02588765527096845 0.02588765527096845 0.02654721336704408 0.02418379685610641 0.027481587336484554 0.027316697812465648 0.026162471144333295 0.02599758162031439 0.026602176541717048 0.02654721336704408 0.0277564032098494 0.02781136638452237 0.02649225019237111 0.025832692096295483 0.02671210289106299 0.024238760030779377 0.026876992415081895 0.0270418819391008 0.026822029240408926 0.02517313400021985 0.026272397493679236 0.026272397493679236 0.024568539078817193 0.02462350225349016 0.02533802352423876 0.025283060349565793 0.026767066065735957 0.02594261844564142 0.024403649554798287 0.02588765527096845 0.024513575904144224 0.02484335495218204 0.02599758162031439 0.024953281301527977 0.028855666703308785 0.0277564032098494 0.027866329559195338 0.024953281301527977 0.02979004067274926 0.025722765746949545 0.02517313400021985 0.024953281301527977 0.025008244476200946 0.027096845113773773 0.02781136638452237 0.02517313400021985 0.025832692096295483 0.024293723205452346 0.026162471144333295 0.026822029240408926 0.02467846542816313 0.02781136638452237 0.024788391777509067 0.02346927558535781 0.026437287017698142 0.026272397493679236 0.027316697812465648 0.026052544794987358 0.02489831812685501 0.027701440035176432 0.026382323843025173 0.0277564032098494 0.025118170825546883 0.02412883368143344 0.02412883368143344 0.0270418819391008 0.02594261844564142 0.024348686380125314 0.024788391777509067 0.026217434319006267 0.028031219083214248 0.024513575904144224 0.027536550511157526 0.024953281301527977 0.02599758162031439 0.026986918764427832 0.02715180828844674 0.028141145432560185 0.026822029240408926 0.025063207650873914 0.024293723205452346 0.026382323843025173 0.02797625590854128 0.026437287017698142 0.02467846542816313 0.027096845113773773 0.02467846542816313 0.02588765527096845 0.02720677146311971 0.026602176541717048 0.023304386061338903 0.027921292733868307 0.028251071781906122 0.02291964383862812 0.0254479498735847 0.026327360668352204 0.024238760030779377 0.02649225019237111 0.027701440035176432 0.024953281301527977 0.02836099813125206 0.02539298669891173 0.02539298669891173 0.02390898098274156 0.02649225019237111 0.0247334286028361 0.026162471144333295 0.027481587336484554 0.025502913048257667 0.023963944157414534 0.025777728921622514 0.02715180828844674 0.025832692096295483 0.02539298669891173 0.025667802572276573 0.025118170825546883 0.02715180828844674 0.02599758162031439 0.028086182257887216 0.026272397493679236 0.026931955589754863 0.025502913048257667 0.0254479498735847 0.02467846542816313 0.026327360668352204 0.024403649554798287 0.026217434319006267 0.02539298669891173 0.026876992415081895 0.025722765746949545 0.025777728921622514 0.026162471144333295 0.02341431241068484 0.02671210289106299 0.0277564032098494 0.02902055622732769 0.02797625590854128 0.02357920193470375 0.028086182257887216 0.027481587336484554 0.02665713971639002 0.026272397493679236 0.026822029240408926 0.026602176541717048 0.025063207650873914 0.024018907332087502 0.025502913048257667 0.026767066065735957 0.02489831812685501 0.026327360668352204 0.024953281301527977 0.02715180828844674 0.025612839397603605 0.027866329559195338 0.026272397493679236 0.026986918764427832 0.027646476860503463 0.027371660987138616 0.026272397493679236 0.026052544794987358 0.0247334286028361 0.025557876222930636 0.02720677146311971 0.027646476860503463 0.025832692096295483 0.026162471144333295 0.02462350225349016 0.026602176541717048 0.02522809717489282 0.026162471144333295 0.025502913048257667 0.026822029240408926 0.026162471144333295 0.02649225019237111 0.025777728921622514 0.025722765746949545 0.026217434319006267 0.026272397493679236 0.025722765746949545 0.02533802352423876 0.02594261844564142 0.027701440035176432 0.02715180828844674 0.027481587336484554 0.026876992415081895 0.025832692096295483 0.026767066065735957 0.027536550511157526 0.024513575904144224 0.026822029240408926 0.02594261844564142 0.026052544794987358 0.02654721336704408 0.026602176541717048 0.026876992415081895 0.026931955589754863 0.028470924480598 0.02781136638452237 0.026382323843025173 0.02649225019237111 0.029460261624711444 0.026437287017698142 0.02852588765527097 0.02484335495218204 0.02539298669891173 0.02599758162031439 0.025777728921622514 0.026162471144333295 0.02726173463779268 0.02462350225349016 0.02836099813125206 0.025063207650873914 0.026437287017698142 0.025557876222930636 0.025667802572276573 0.026382323843025173 0.02407387050676047 0.02726173463779268 0.027096845113773773 0.025118170825546883 0.026602176541717048 0.025008244476200946 0.02346927558535781 0.025118170825546883 0.02654721336704408 0.02517313400021985 0.026437287017698142 0.027316697812465648 0.02539298669891173 0.02715180828844674 0.025777728921622514 0.02715180828844674 0.025502913048257667 0.026382323843025173 0.027371660987138616 0.025008244476200946 0.026382323843025173 0.02649225019237111 0.026327360668352204 0.029515224799384412 0.026767066065735957 0.02489831812685501 0.025722765746949545 0.02720677146311971 0.025118170825546883 0.026931955589754863 0.025777728921622514 0.026931955589754863 0.024513575904144224 0.02517313400021985 0.026767066065735957 0.026217434319006267 0.02599758162031439 0.02715180828844674 0.026437287017698142 0.024348686380125314 0.02665713971639002 0.024953281301527977 0.025777728921622514 0.027426624161811585 0.02539298669891173 0.026272397493679236 0.02588765527096845 0.028470924480598 0.027591513685830495 0.025667802572276573 0.026052544794987358 0.027866329559195338 0.025118170825546883 0.026931955589754863 0.02588765527096845 0.02599758162031439 0.025777728921622514 0.02599758162031439 0.027536550511157526 0.02726173463779268 0.02599758162031439 0.02484335495218204 0.026107507969660326 0.0270418819391008 0.025612839397603605 0.027371660987138616 0.02335934923601187 0.026327360668352204 0.02720677146311971 0.025667802572276573 0.02357920193470375 0.026602176541717048 0.02654721336704408 0.026162471144333295 0.02654721336704408 0.026437287017698142 0.026162471144333295 0.02594261844564142 0.026437287017698142 0.027096845113773773 0.026272397493679236 0.024458612729471255 0.026986918764427832 0.026052544794987358 0.027701440035176432 0.026217434319006267 0.025118170825546883 0.02407387050676047 0.02588765527096845 0.024238760030779377 0.024403649554798287 0.026162471144333295 0.026822029240408926 0.026217434319006267 0.0277564032098494 0.024953281301527977 0.02599758162031439 0.025283060349565793 0.026602176541717048 0.027316697812465648 0.024293723205452346 0.02489831812685501 0.025063207650873914 0.026107507969660326 0.02654721336704408 0.02412883368143344 0.02588765527096845 0.024788391777509067 0.024403649554798287 0.027481587336484554 0.027646476860503463 0.026382323843025173 0.025667802572276573 0.02588765527096845 0.026272397493679236 0.026986918764427832 0.024953281301527977 0.025283060349565793 0.023854017808068593 0.02291964383862812 0.026437287017698142 0.024953281301527977 0.027701440035176432 0.026327360668352204 0.026602176541717048 0.026767066065735957 0.02671210289106299 0.02539298669891173 0.02649225019237111 0.027096845113773773 0.02517313400021985 0.027371660987138616 0.025283060349565793 0.02671210289106299
