# Parameters:
n_avg = 1000000
meas_len_1 = 500
wait_for_initialization = 1500
wait_after_measure = 1000
NV_IF_freq = 70000000

# t_vec (Pulse Durations in clock cycles):
4 5 6 7 8 9 10 11 12 13 14 15 16 17 18 19 20 21 22 23 24 25 26 27 28 29 30 31 32 33 34 35 36 37 38 39 40 41 42 43 44 45 46 47 48 49 50 51 52 53 54 55 56 57 58 59 60 61 62 63 64 65 66 67 68 69 70 71 72 73 74 75 76 77 78 79 80 81 82 83 84 85 86 87 88 89 90 91 92 93 94 95 96 97 98 99 100 101 102 103 104 105 106 107 108 109 110 111 112 113 114 115 116 117 118 119 120 121 122 123 124 125 126 127 128 129 130 131 132 133 134 135 136 137 138 139 140 141 142 143 144 145 146 147 148 149 150 151 152 153 154 155 156 157 158 159 160 161 162 163 164 165 166 167 168 169 170 171 172 173 174 175 176 177 178 179 180 181 182 183 184 185 186 187 188 189 190 191 192 193 194 195 196 197 198 199 200 201 202 203 204 205 206 207 208 209 210 211 212 213 214 215 216 217 218 219 220 221 222 223 224 225 226 227 228 229 230 231 232 233 234 235 236 237 238 239 240 241 242 243 244 245 246 247 248 249 250 251 252 253 254 255 256 257 258 259 260 261 262 263 264 265 266 267 268 269 270 271 272 273 274 275 276 277 278 279 280 281 282 283 284 285 286 287 288 289 290 291 292 293 294 295 296 297 298 299 300 301 302 303 304 305 306 307 308 309 310 311 312 313 314 315 316 317 318 319 320 321 322 323 324 325 326 327 328 329 330 331 332 333 334 335 336 337 338 339 340 341 342 343 344 345 346 347 348 349 350 351 352 353 354 355 356 357 358 359 360 361 362 363 364 365 366 367 368 369 370 371 372 373 374 375 376 377 378 379 380 381 382 383 384 385 386 387 388 389 390 391 392 393 394 395 396 397 398 399 400 401 402 403 404 405 406 407 408 409 410 411 412 413 414 415 416 417 418 419 420 421 422 423 424 425 426 427 428 429 430 431 432 433 434 435 436 437 438 439 440 441 442 443 444 445 446 447 448 449 450 451 452 453 454 455 456 457 458 459 460 461 462 463 464 465 466 467 468 469 470 471 472 473 474 475 476 477 478 479 480 481 482 483 484 485 486 487 488 489 490 491 492 493 494 495 496 497 498 499 500 501 502 503 504 505 506 507 508 509 510 511 512 513 514 515 516 517 518 519 520 521 522 523 524 525 526 527 528 529 530 531 532 533 534 535 536 537 538 539 540 541 542 543 544 545 546 547 548 549 550 551 552 553 554 555 556 557 558 559 560 561 562 563 564 565 566 567 568 569 570 571 572 573 574 575 576 577 578 579 580 581 582 583 584 585 586 587 588 589 590 591 592 593 594 595 596 597 598 599

# Counts Data:
0.030273948700052348 0.029227010992845925 0.0312336415983249 0.03533414761821672 0.033763741057407086 0.033763741057407086 0.032804048159134534 0.03271680335020066 0.030535683126853952 0.03009945908218461 0.035246902809282846 0.03603210608968766 0.031844355260861976 0.03673006456115861 0.02896527656604432 0.03114639678939103 0.03332751701273774 0.03350200663060548 0.031059151980457163 0.033414761821671614 0.03210608968766358 0.031059151980457163 0.029227010992845925 0.030361193508986216 0.03140813121619264 0.03271680335020066 0.03324027220380387 0.031495376025126504 0.03193160006979585 0.03262955854126679 0.031059151980457163 0.029314255801779793 0.028878031757110453 0.029488745419647532 0.03236782411446519 0.03166986564299424 0.03297853777700227 0.033676496248473214 0.0295759902285814 0.0295759902285814 0.031059151980457163 0.02835456290350724 0.030535683126853952 0.029488745419647532 0.03018670389111848 0.030971907171523295 0.02495201535508637 0.027656604432036293 0.029488745419647532 0.028180073285639505 0.027220380387366953 0.029488745419647532 0.0295759902285814 0.029488745419647532 0.027220380387366953 0.032455068923399055 0.02783109404990403 0.028529052521374977 0.029314255801779793 0.027133135578433082 0.028092828476705637 0.02905252137497819 0.025824463444425058 0.028878031757110453 0.02896527656604432 0.026086197871226662 0.02896527656604432 0.030448438317920084 0.029837724655383004 0.027656604432036293 0.026871401151631478 0.03009945908218461 0.03140813121619264 0.027220380387366953 0.02730762519630082 0.03018670389111848 0.028878031757110453 0.03140813121619264 0.027918338858837898 0.026435177106962134 0.02905252137497819 0.028790786948176585 0.029924969464316872 0.028180073285639505 0.03132088640725877 0.02783109404990403 0.027569359623102425 0.02835456290350724 0.029488745419647532 0.029924969464316872 0.02896527656604432 0.029227010992845925 0.030448438317920084 0.02800558366777177 0.02739487000523469 0.030884662362589427 0.030448438317920084 0.02896527656604432 0.031582620834060375 0.028092828476705637 0.02905252137497819 0.029227010992845925 0.025737218635491187 0.03009945908218461 0.03193160006979585 0.025475484208689583 0.03132088640725877 0.029924969464316872 0.02966323503751527 0.026696911533763742 0.030710172744721688 0.0295759902285814 0.029924969464316872 0.02835456290350724 0.026609666724829874 0.033153027394870006 0.02835456290350724 0.026347932298028266 0.028092828476705637 0.02905252137497819 0.029401500610713664 0.02966323503751527 0.03062292793578782 0.03210608968766358 0.026958645960565346 0.03009945908218461 0.028790786948176585 0.0312336415983249 0.029139766183912057 0.029750479846449136 0.03228057930553132 0.029227010992845925 0.03009945908218461 0.029488745419647532 0.026958645960565346 0.031059151980457163 0.0295759902285814 0.028529052521374977 0.029314255801779793 0.027918338858837898 0.028267318094573373 0.026260687489094398 0.027482114814168557 0.03001221427325074 0.031495376025126504 0.027918338858837898 0.03009945908218461 0.03132088640725877 0.028267318094573373 0.03114639678939103 0.029227010992845925 0.03175711045192811 0.029401500610713664 0.028703542139242717 0.028180073285639505 0.029227010992845925 0.02905252137497819 0.030535683126853952 0.03009945908218461 0.028180073285639505 0.02739487000523469 0.03018670389111848 0.029139766183912057 0.029750479846449136 0.025998953062292794 0.029401500610713664 0.029488745419647532 0.026958645960565346 0.027569359623102425 0.027220380387366953 0.028092828476705637 0.0312336415983249 0.029488745419647532 0.028180073285639505 0.029401500610713664 0.029924969464316872 0.030971907171523295 0.029139766183912057 0.03009945908218461 0.029314255801779793 0.028180073285639505 0.030273948700052348 0.028703542139242717 0.03114639678939103 0.02739487000523469 0.028267318094573373 0.029139766183912057 0.03009945908218461 0.032193334496597455 0.02835456290350724 0.030535683126853952 0.029314255801779793 0.03132088640725877 0.029924969464316872 0.03297853777700227 0.033414761821671614 0.028529052521374977 0.02800558366777177 0.029227010992845925 0.03009945908218461 0.030361193508986216 0.030797417553655556 0.029488745419647532 0.029139766183912057 0.030361193508986216 0.03009945908218461 0.03228057930553132 0.028180073285639505 0.03062292793578782 0.03018670389111848 0.03166986564299424 0.029314255801779793 0.029924969464316872 0.0295759902285814 0.02835456290350724 0.03324027220380387 0.03062292793578782 0.026522421915896006 0.031495376025126504 0.03009945908218461 0.03201884487872972 0.03358925143953935 0.029488745419647532 0.027656604432036293 0.029314255801779793 0.02835456290350724 0.03140813121619264 0.031844355260861976 0.03018670389111848 0.028180073285639505 0.033153027394870006 0.02966323503751527 0.03210608968766358 0.028878031757110453 0.030273948700052348 0.03018670389111848 0.02835456290350724 0.030710172744721688 0.029924969464316872 0.0295759902285814 0.029750479846449136 0.028180073285639505 0.03332751701273774 0.0295759902285814 0.030535683126853952 0.02966323503751527 0.02835456290350724 0.030971907171523295 0.030273948700052348 0.030710172744721688 0.031582620834060375 0.031495376025126504 0.027220380387366953 0.031059151980457163 0.028092828476705637 0.03018670389111848 0.029401500610713664 0.03062292793578782 0.029750479846449136 0.030710172744721688 0.029488745419647532 0.029837724655383004 0.03175711045192811 0.03175711045192811 0.031582620834060375 0.02730762519630082 0.029488745419647532 0.030797417553655556 0.03140813121619264 0.02896527656604432 0.030710172744721688 0.03262955854126679 0.032455068923399055 0.03254231373233293 0.029314255801779793 0.029139766183912057 0.03114639678939103 0.03271680335020066 0.03254231373233293 0.032193334496597455 0.029750479846449136 0.033676496248473214 0.02739487000523469 0.030797417553655556 0.03062292793578782 0.03236782411446519 0.031059151980457163 0.028790786948176585 0.032455068923399055 0.030273948700052348 0.02896527656604432 0.030361193508986216 0.029401500610713664 0.03018670389111848 0.03201884487872972 0.029488745419647532 0.03254231373233293 0.02905252137497819 0.032455068923399055 0.030273948700052348 0.030884662362589427 0.0328912929680684 0.031844355260861976 0.030710172744721688 0.03062292793578782 0.029750479846449136 0.03132088640725877 0.030797417553655556 0.029139766183912057 0.028529052521374977 0.03009945908218461 0.03385098586634095 0.034025475484208687 0.03166986564299424 0.03132088640725877 0.031844355260861976 0.0328912929680684 0.030971907171523295 0.029139766183912057 0.03411272029314256 0.029837724655383004 0.030710172744721688 0.032193334496597455 0.03009945908218461 0.031582620834060375 0.029227010992845925 0.030361193508986216 0.02835456290350724 0.03262955854126679 0.03140813121619264 0.03210608968766358 0.029750479846449136 0.03228057930553132 0.03210608968766358 0.02905252137497819 0.03009945908218461 0.027045890769499214 0.02844180771244111 0.029401500610713664 0.032804048159134534 0.03009945908218461 0.029227010992845925 0.029401500610713664 0.03009945908218461 0.027045890769499214 0.031844355260861976 0.03236782411446519 0.028529052521374977 0.029837724655383004 0.03009945908218461 0.030884662362589427 0.029139766183912057 0.03062292793578782 0.0295759902285814 0.032804048159134534 0.029924969464316872 0.03228057930553132 0.028790786948176585 0.029924969464316872 0.027220380387366953 0.029227010992845925 0.03018670389111848 0.02739487000523469 0.028092828476705637 0.030884662362589427 0.02905252137497819 0.030273948700052348 0.028878031757110453 0.03228057930553132 0.02966323503751527 0.030884662362589427 0.034287209911010294 0.029924969464316872 0.02844180771244111 0.0328912929680684 0.030448438317920084 0.029924969464316872 0.03018670389111848 0.034287209911010294 0.03018670389111848 0.03018670389111848 0.03018670389111848 0.03419996510207643 0.030535683126853952 0.02783109404990403 0.03018670389111848 0.02896527656604432 0.030797417553655556 0.031844355260861976 0.029924969464316872 0.03210608968766358 0.031582620834060375 0.02835456290350724 0.027045890769499214 0.030971907171523295 0.029924969464316872 0.029227010992845925 0.030884662362589427 0.029837724655383004 0.03228057930553132 0.029924969464316872 0.028529052521374977 0.02800558366777177 0.028790786948176585 0.027482114814168557 0.03001221427325074 0.02844180771244111 0.030535683126853952 0.03262955854126679 0.03114639678939103 0.02966323503751527 0.03009945908218461 0.033065782585936135 0.03001221427325074 0.030448438317920084 0.02905252137497819 0.028180073285639505 0.02844180771244111 0.030361193508986216 0.02739487000523469 0.03009945908218461 0.0295759902285814 0.029924969464316872 0.028180073285639505 0.030884662362589427 0.028790786948176585 0.029401500610713664 0.03018670389111848 0.028092828476705637 0.028180073285639505 0.030710172744721688 0.027045890769499214 0.030797417553655556 0.0295759902285814 0.02739487000523469 0.029314255801779793 0.02966323503751527 0.028267318094573373 0.029314255801779793 0.029924969464316872 0.02905252137497819 0.0328912929680684 0.031582620834060375 0.028267318094573373 0.030710172744721688 0.029924969464316872 0.02800558366777177 0.029837724655383004 0.029750479846449136 0.027918338858837898 0.03001221427325074 0.033065782585936135 0.02966323503751527 0.029488745419647532 0.033763741057407086 0.0295759902285814 0.02905252137497819 0.033763741057407086 0.030535683126853952 0.028703542139242717 0.028616297330308845 0.027918338858837898 0.02678415634269761 0.02844180771244111 0.03140813121619264 0.031844355260861976 0.02739487000523469 0.02905252137497819 0.029314255801779793 0.032193334496597455 0.031495376025126504 0.027133135578433082 0.0312336415983249 0.02905252137497819 0.030884662362589427 0.02844180771244111 0.030361193508986216 0.02774384924097016 0.030273948700052348 0.030273948700052348 0.028180073285639505 0.02844180771244111 0.028616297330308845 0.030884662362589427 0.030361193508986216 0.033676496248473214 0.028180073285639505 0.02783109404990403 0.029139766183912057 0.0295759902285814 0.030797417553655556 0.030361193508986216 0.03132088640725877 0.029401500610713664 0.029227010992845925 0.03062292793578782 0.03009945908218461 0.03009945908218461 0.026696911533763742 0.03193160006979585 0.03009945908218461 0.03009945908218461 0.03254231373233293 0.029139766183912057 0.02966323503751527 0.0295759902285814 0.02800558366777177 0.030797417553655556 0.028790786948176585 0.029401500610713664 0.03009945908218461 0.02800558366777177 0.028878031757110453 0.027918338858837898 0.028703542139242717 0.02774384924097016 0.02966323503751527 0.03201884487872972 0.03009945908218461 0.02730762519630082 0.029227010992845925 0.030273948700052348 0.031495376025126504 0.02966323503751527 0.028616297330308845 0.028703542139242717 0.028616297330308845 0.0295759902285814 0.02783109404990403 0.03018670389111848 0.029488745419647532 0.029401500610713664 0.031495376025126504 0.03132088640725877 0.030971907171523295 0.028790786948176585 0.03001221427325074 0.03236782411446519 0.027656604432036293 0.02730762519630082 0.031059151980457163 0.03062292793578782 0.030884662362589427 0.028616297330308845 0.03062292793578782 0.028616297330308845 0.030361193508986216 0.03062292793578782 0.02896527656604432 0.030971907171523295 0.028092828476705637 0.029227010992845925 0.029314255801779793 0.03193160006979585 0.030797417553655556 0.030797417553655556 0.03132088640725877 0.03350200663060548 0.029488745419647532 0.028180073285639505 0.029314255801779793 0.02896527656604432 0.030710172744721688 0.02783109404990403 0.02783109404990403 0.028529052521374977 0.034897923573547374 0.03132088640725877 0.030273948700052348 0.028267318094573373 0.02835456290350724 0.03262955854126679 0.032455068923399055 0.03262955854126679 0.030361193508986216 0.03166986564299424 0.02966323503751527 0.028790786948176585 0.03009945908218461 0.030361193508986216 0.031844355260861976 0.029924969464316872 0.03114639678939103 0.026696911533763742 0.029924969464316872 0.029750479846449136 0.02844180771244111 0.029139766183912057 0.030273948700052348 0.030273948700052348 0.030448438317920084 0.029924969464316872 0.02844180771244111 0.03001221427325074 0.028790786948176585 0.031844355260861976

# Dark Counts Data:
0.030448438317920084 0.034636189146745766 0.030971907171523295 0.029837724655383004 0.03472343395567964 0.031582620834060375 0.032193334496597455 0.03132088640725877 0.03262955854126679 0.033414761821671614 0.034374454719944166 0.034897923573547374 0.03236782411446519 0.033153027394870006 0.031582620834060375 0.033414761821671614 0.035246902809282846 0.0312336415983249 0.029401500610713664 0.033676496248473214 0.03550863723608445 0.03332751701273774 0.032455068923399055 0.029139766183912057 0.030273948700052348 0.0328912929680684 0.031059151980457163 0.031059151980457163 0.03262955854126679 0.03821322631303437 0.032455068923399055 0.03472343395567964 0.033763741057407086 0.029227010992845925 0.0348106787646135 0.034897923573547374 0.03201884487872972 0.0328912929680684 0.033414761821671614 0.03193160006979585 0.032193334496597455 0.033153027394870006 0.034636189146745766 0.034985168382481245 0.031582620834060375 0.030273948700052348 0.032804048159134534 0.033065782585936135 0.03472343395567964 0.033414761821671614 0.030884662362589427 0.030797417553655556 0.03324027220380387 0.03254231373233293 0.03166986564299424 0.032455068923399055 0.0359448612807538 0.034636189146745766 0.03254231373233293 0.03166986564299424 0.03472343395567964 0.030971907171523295 0.03228057930553132 0.031844355260861976 0.030448438317920084 0.032804048159134534 0.03140813121619264 0.03550863723608445 0.03262955854126679 0.03332751701273774 0.03262955854126679 0.03001221427325074 0.030361193508986216 0.033065782585936135 0.03236782411446519 0.03201884487872972 0.03411272029314256 0.034985168382481245 0.03419996510207643 0.031844355260861976 0.03297853777700227 0.03254231373233293 0.03228057930553132 0.030535683126853952 0.030971907171523295 0.03166986564299424 0.03201884487872972 0.02966323503751527 0.033153027394870006 0.0328912929680684 0.030971907171523295 0.03385098586634095 0.033676496248473214 0.03332751701273774 0.03515965800034898 0.031059151980457163 0.030448438317920084 0.03358925143953935 0.03262955854126679 0.03228057930553132 0.0328912929680684 0.030273948700052348 0.03193160006979585 0.03018670389111848 0.03140813121619264 0.034025475484208687 0.033153027394870006 0.03542139242715058 0.03271680335020066 0.0328912929680684 0.03228057930553132 0.03411272029314256 0.034897923573547374 0.031582620834060375 0.031582620834060375 0.03297853777700227 0.032804048159134534 0.03210608968766358 0.030971907171523295 0.031059151980457163 0.033153027394870006 0.03507241319141511 0.03324027220380387 0.031582620834060375 0.031844355260861976 0.03664281975222474 0.034636189146745766 0.03001221427325074 0.03201884487872972 0.03114639678939103 0.03262955854126679 0.03271680335020066 0.03393823067527482 0.035246902809282846 0.034897923573547374 0.033153027394870006 0.03271680335020066 0.03350200663060548 0.03236782411446519 0.034025475484208687 0.030361193508986216 0.0328912929680684 0.035595882045018325 0.029139766183912057 0.03262955854126679 0.03324027220380387 0.03254231373233293 0.031059151980457163 0.03009945908218461 0.03568312685395219 0.03297853777700227 0.03515965800034898 0.03358925143953935 0.03350200663060548 0.03175711045192811 0.03324027220380387 0.031495376025126504 0.03358925143953935 0.03262955854126679 0.03140813121619264 0.03132088640725877 0.034287209911010294 0.033414761821671614 0.034636189146745766 0.03350200663060548 0.034287209911010294 0.03262955854126679 0.03166986564299424 0.03568312685395219 0.0328912929680684 0.028529052521374977 0.02844180771244111 0.03114639678939103 0.0359448612807538 0.030535683126853952 0.032804048159134534 0.033414761821671614 0.03297853777700227 0.03419996510207643 0.0348106787646135 0.028790786948176585 0.03297853777700227 0.03140813121619264 0.03742802303262956 0.03114639678939103 0.03228057930553132 0.03001221427325074 0.03419996510207643 0.03228057930553132 0.03725353341476182 0.0328912929680684 0.032455068923399055 0.03210608968766358 0.034897923573547374 0.03332751701273774 0.032804048159134534 0.03507241319141511 0.033676496248473214 0.03254231373233293 0.03201884487872972 0.03201884487872972 0.03140813121619264 0.03542139242715058 0.033065782585936135 0.03358925143953935 0.034025475484208687 0.02966323503751527 0.03472343395567964 0.034897923573547374 0.03690455417902635 0.030361193508986216 0.03419996510207643 0.03358925143953935 0.032804048159134534 0.03515965800034898 0.03568312685395219 0.03332751701273774 0.031495376025126504 0.03166986564299424 0.034287209911010294 0.036468330134357005 0.03350200663060548 0.03393823067527482 0.0312336415983249 0.03324027220380387 0.0328912929680684 0.030535683126853952 0.03393823067527482 0.03201884487872972 0.03262955854126679 0.035857616471819925 0.0359448612807538 0.03271680335020066 0.03332751701273774 0.03114639678939103 0.034897923573547374 0.03228057930553132 0.0328912929680684 0.030971907171523295 0.03132088640725877 0.035246902809282846 0.028180073285639505 0.0345489443378119 0.03166986564299424 0.03350200663060548 0.030797417553655556 0.030797417553655556 0.031059151980457163 0.032455068923399055 0.03210608968766358 0.03236782411446519 0.03533414761821672 0.033676496248473214 0.03324027220380387 0.03262955854126679 0.03446169952887803 0.035246902809282846 0.035857616471819925 0.03175711045192811 0.034287209911010294 0.033676496248473214 0.03297853777700227 0.03446169952887803 0.032193334496597455 0.03236782411446519 0.0362065957075554 0.034287209911010294 0.037079043796894084 0.029401500610713664 0.03271680335020066 0.03271680335020066 0.03550863723608445 0.02966323503751527 0.036555574943290876 0.03350200663060548 0.03210608968766358 0.03533414761821672 0.03629384051648927 0.03262955854126679 0.03419996510207643 0.03873669516663759 0.03262955854126679 0.033153027394870006 0.034287209911010294 0.0345489443378119 0.032193334496597455 0.034636189146745766 0.029750479846449136 0.03001221427325074 0.03419996510207643 0.033676496248473214 0.030971907171523295 0.032804048159134534 0.03210608968766358 0.03515965800034898 0.033153027394870006 0.032804048159134534 0.033414761821671614 0.03324027220380387 0.0328912929680684 0.03297853777700227 0.03132088640725877 0.033065782585936135 0.029837724655383004 0.03393823067527482 0.033153027394870006 0.032193334496597455 0.03411272029314256 0.03140813121619264 0.0328912929680684 0.031582620834060375 0.030273948700052348 0.030884662362589427 0.03629384051648927 0.03062292793578782 0.03611935089862153 0.033153027394870006 0.03262955854126679 0.034636189146745766 0.031059151980457163 0.03324027220380387 0.030971907171523295 0.033153027394870006 0.033763741057407086 0.032455068923399055 0.03262955854126679 0.03411272029314256 0.03638108532542314 0.033763741057407086 0.03358925143953935 0.033153027394870006 0.033763741057407086 0.03297853777700227 0.03228057930553132 0.030535683126853952 0.030448438317920084 0.032193334496597455 0.034897923573547374 0.033414761821671614 0.03193160006979585 0.030884662362589427 0.03611935089862153 0.03324027220380387 0.03603210608968766 0.0312336415983249 0.0328912929680684 0.03332751701273774 0.03175711045192811 0.03734077822369569 0.03385098586634095 0.03001221427325074 0.033414761821671614 0.03166986564299424 0.033763741057407086 0.03515965800034898 0.035857616471819925 0.03550863723608445 0.03324027220380387 0.03201884487872972 0.03324027220380387 0.033065782585936135 0.03140813121619264 0.03166986564299424 0.032455068923399055 0.03062292793578782 0.031582620834060375 0.030361193508986216 0.030535683126853952 0.030884662362589427 0.032455068923399055 0.031495376025126504 0.034025475484208687 0.03271680335020066 0.03228057930553132 0.034287209911010294 0.03472343395567964 0.033763741057407086 0.03262955854126679 0.030361193508986216 0.03297853777700227 0.033676496248473214 0.03262955854126679 0.03446169952887803 0.034287209911010294 0.03393823067527482 0.03332751701273774 0.03393823067527482 0.034897923573547374 0.03324027220380387 0.03193160006979585 0.034374454719944166 0.03210608968766358 0.03332751701273774 0.02844180771244111 0.03393823067527482 0.02835456290350724 0.034985168382481245 0.03201884487872972 0.03681730937009248 0.03472343395567964 0.03385098586634095 0.03297853777700227 0.038038736695166636 0.035246902809282846 0.030797417553655556 0.03297853777700227 0.03568312685395219 0.033065782585936135 0.030273948700052348 0.03297853777700227 0.032804048159134534 0.03324027220380387 0.03332751701273774 0.034374454719944166 0.03332751701273774 0.03166986564299424 0.03533414761821672 0.034636189146745766 0.03324027220380387 0.032804048159134534 0.034897923573547374 0.03725353341476182 0.03533414761821672 0.033676496248473214 0.03201884487872972 0.03611935089862153 0.03166986564299424 0.03393823067527482 0.034985168382481245 0.031495376025126504 0.03166986564299424 0.031582620834060375 0.031495376025126504 0.030797417553655556 0.03009945908218461 0.03515965800034898 0.030971907171523295 0.031059151980457163 0.03193160006979585 0.03236782411446519 0.03507241319141511 0.030273948700052348 0.03254231373233293 0.032193334496597455 0.030797417553655556 0.034025475484208687 0.03271680335020066 0.03411272029314256 0.034025475484208687 0.03472343395567964 0.031844355260861976 0.02966323503751527 0.033065782585936135 0.029924969464316872 0.033414761821671614 0.033414761821671614 0.032193334496597455 0.03236782411446519 0.03228057930553132 0.03166986564299424 0.03201884487872972 0.03236782411446519 0.03446169952887803 0.036555574943290876 0.0348106787646135 0.034287209911010294 0.03262955854126679 0.03210608968766358 0.03236782411446519 0.03262955854126679 0.0312336415983249 0.03175711045192811 0.034374454719944166 0.034374454719944166 0.029750479846449136 0.03228057930553132 0.03446169952887803 0.03201884487872972 0.03140813121619264 0.03210608968766358 0.03132088640725877 0.03350200663060548 0.036468330134357005 0.028092828476705637 0.03393823067527482 0.031844355260861976 0.03193160006979585 0.028790786948176585 0.033065782585936135 0.028790786948176585 0.03324027220380387 0.03254231373233293 0.03254231373233293 0.03533414761821672 0.0328912929680684 0.03515965800034898 0.032193334496597455 0.032455068923399055 0.03228057930553132 0.03568312685395219 0.03577037166288606 0.033153027394870006 0.031844355260861976 0.03132088640725877 0.033414761821671614 0.03411272029314256 0.03210608968766358 0.03385098586634095 0.03358925143953935 0.03472343395567964 0.03533414761821672 0.03550863723608445 0.03193160006979585 0.033153027394870006 0.032193334496597455 0.030971907171523295 0.03166986564299424 0.033676496248473214 0.0345489443378119 0.03358925143953935 0.03254231373233293 0.031844355260861976 0.034636189146745766 0.034636189146745766 0.03533414761821672 0.035857616471819925 0.034287209911010294 0.035857616471819925 0.03638108532542314 0.037777002268365036 0.033414761821671614 0.0348106787646135 0.03507241319141511 0.029139766183912057 0.032804048159134534 0.030971907171523295 0.03018670389111848 0.03271680335020066 0.03350200663060548 0.03568312685395219 0.0348106787646135 0.03446169952887803 0.033763741057407086 0.03009945908218461 0.028790786948176585 0.03297853777700227 0.032193334496597455 0.03201884487872972 0.03254231373233293 0.030361193508986216 0.032193334496597455 0.030884662362589427 0.034374454719944166 0.0345489443378119 0.03140813121619264 0.03515965800034898 0.031582620834060375 0.031495376025126504 0.03297853777700227 0.03175711045192811 0.030884662362589427 0.03419996510207643 0.0345489443378119 0.03603210608968766 0.03210608968766358 0.03193160006979585 0.03393823067527482 0.03175711045192811 0.031844355260861976 0.032804048159134534 0.032193334496597455 0.03358925143953935 0.03358925143953935 0.03358925143953935 0.03446169952887803 0.033065782585936135 0.0359448612807538 0.034287209911010294 0.029750479846449136 0.034287209911010294 0.0348106787646135 0.03210608968766358 0.03166986564299424 0.03515965800034898 0.031495376025126504 0.03175711045192811 0.03114639678939103 0.033763741057407086 0.03568312685395219 0.03411272029314256 0.03166986564299424 0.02905252137497819 0.03350200663060548 0.03350200663060548 0.0328912929680684 0.03132088640725877
