# Parameters:
n_avg = 1000000
meas_len_1 = 500
wait_for_initialization = 1500
wait_after_measure = 1000
NV_IF_freq = 71000000

# t_vec (Pulse Durations in clock cycles):
4 5 6 7 8 9 10 11 12 13 14 15 16 17 18 19 20 21 22 23 24 25 26 27 28 29 30 31 32 33 34 35 36 37 38 39 40 41 42 43 44 45 46 47 48 49 50 51 52 53 54 55 56 57 58 59 60 61 62 63 64 65 66 67 68 69 70 71 72 73 74 75 76 77 78 79 80 81 82 83 84 85 86 87 88 89 90 91 92 93 94 95 96 97 98 99 100 101 102 103 104 105 106 107 108 109 110 111 112 113 114 115 116 117 118 119 120 121 122 123 124 125 126 127 128 129 130 131 132 133 134 135 136 137 138 139 140 141 142 143 144 145 146 147 148 149 150 151 152 153 154 155 156 157 158 159 160 161 162 163 164 165 166 167 168 169 170 171 172 173 174 175 176 177 178 179 180 181 182 183 184 185 186 187 188 189 190 191 192 193 194 195 196 197 198 199 200 201 202 203 204 205 206 207 208 209 210 211 212 213 214 215 216 217 218 219 220 221 222 223 224 225 226 227 228 229 230 231 232 233 234 235 236 237 238 239 240 241 242 243 244 245 246 247 248 249 250 251 252 253 254 255 256 257 258 259 260 261 262 263 264 265 266 267 268 269 270 271 272 273 274 275 276 277 278 279 280 281 282 283 284 285 286 287 288 289 290 291 292 293 294 295 296 297 298 299 300 301 302 303 304 305 306 307 308 309 310 311 312 313 314 315 316 317 318 319 320 321 322 323 324 325 326 327 328 329 330 331 332 333 334 335 336 337 338 339 340 341 342 343 344 345 346 347 348 349 350 351 352 353 354 355 356 357 358 359 360 361 362 363 364 365 366 367 368 369 370 371 372 373 374 375 376 377 378 379 380 381 382 383 384 385 386 387 388 389 390 391 392 393 394 395 396 397 398 399

# Counts Data:
0.01340282948622487 0.011913626209977662 0.01526433358153388 0.010796723752792257 0.01526433358153388 0.013030528667163067 0.01600893521965748 0.01712583767684289 0.010424422933730455 0.01712583767684289 0.010796723752792257 0.017498138495904692 0.013775130305286671 0.011169024571854059 0.011913626209977662 0.011913626209977662 0.011169024571854059 0.011913626209977662 0.013030528667163067 0.01600893521965748 0.011913626209977662 0.010052122114668651 0.01675353685778109 0.014147431124348473 0.010424422933730455 0.014147431124348473 0.01340282948622487 0.014147431124348473 0.012658227848101266 0.01154132539091586 0.01340282948622487 0.01340282948622487 0.012285927029039464 0.011169024571854059 0.012658227848101266 0.012285927029039464 0.011169024571854059 0.01563663440059568 0.014147431124348473 0.01563663440059568 0.010796723752792257 0.01563663440059568 0.012285927029039464 0.01154132539091586 0.013775130305286671 0.014519731943410276 0.012285927029039464 0.013775130305286671 0.011169024571854059 0.008935219657483246 0.011913626209977662 0.01675353685778109 0.009307520476545048 0.01154132539091586 0.011913626209977662 0.008190618019359643 0.011913626209977662 0.008935219657483246 0.01154132539091586 0.008935219657483246 0.013775130305286671 0.012285927029039464 0.012285927029039464 0.012285927029039464 0.014147431124348473 0.01563663440059568 0.012658227848101266 0.01154132539091586 0.010052122114668651 0.011913626209977662 0.010052122114668651 0.009307520476545048 0.01154132539091586 0.007073715562174236 0.01154132539091586 0.00967982129560685 0.011169024571854059 0.011913626209977662 0.013030528667163067 0.010424422933730455 0.012285927029039464 0.00967982129560685 0.016381236038719285 0.014147431124348473 0.008935219657483246 0.012285927029039464 0.010796723752792257 0.013030528667163067 0.01154132539091586 0.00967982129560685 0.008562918838421444 0.010052122114668651 0.00781831720029784 0.012658227848101266 0.011169024571854059 0.016381236038719285 0.01154132539091586 0.01526433358153388 0.013775130305286671 0.016381236038719285 0.00781831720029784 0.010424422933730455 0.008190618019359643 0.008935219657483246 0.011169024571854059 0.01675353685778109 0.01154132539091586 0.014892032762472078 0.011169024571854059 0.00967982129560685 0.014147431124348473 0.00967982129560685 0.012285927029039464 0.01154132539091586 0.014147431124348473 0.010052122114668651 0.01154132539091586 0.01154132539091586 0.01340282948622487 0.010796723752792257 0.007073715562174236 0.012285927029039464 0.01154132539091586 0.008190618019359643 0.013030528667163067 0.01563663440059568 0.011913626209977662 0.013030528667163067 0.011169024571854059 0.01154132539091586 0.014147431124348473 0.014147431124348473 0.010796723752792257 0.010052122114668651 0.014519731943410276 0.012285927029039464 0.011169024571854059 0.016381236038719285 0.013775130305286671 0.01600893521965748 0.01154132539091586 0.012658227848101266 0.010052122114668651 0.014519731943410276 0.012285927029039464 0.010796723752792257 0.010424422933730455 0.010796723752792257 0.011913626209977662 0.013030528667163067 0.013775130305286671 0.012285927029039464 0.01340282948622487 0.010796723752792257 0.00967982129560685 0.010424422933730455 0.01563663440059568 0.010424422933730455 0.011913626209977662 0.01154132539091586 0.013775130305286671 0.012285927029039464 0.010052122114668651 0.011169024571854059 0.012285927029039464 0.01154132539091586 0.011913626209977662 0.014519731943410276 0.011169024571854059 0.012658227848101266 0.013030528667163067 0.007073715562174236 0.012658227848101266 0.01340282948622487 0.012285927029039464 0.014892032762472078 0.012285927029039464 0.013030528667163067 0.014147431124348473 0.011169024571854059 0.010424422933730455 0.008562918838421444 0.011913626209977662 0.01526433358153388 0.01526433358153388 0.012285927029039464 0.018242740134028296 0.007073715562174236 0.01563663440059568 0.010796723752792257 0.010052122114668651 0.010052122114668651 0.01154132539091586 0.01340282948622487 0.01340282948622487 0.013775130305286671 0.014892032762472078 0.011169024571854059 0.014892032762472078 0.014147431124348473 0.011169024571854059 0.011169024571854059 0.012658227848101266 0.013775130305286671 0.010052122114668651 0.013030528667163067 0.014519731943410276 0.013775130305286671 0.013030528667163067 0.013030528667163067 0.008562918838421444 0.012285927029039464 0.010796723752792257 0.010052122114668651 0.014892032762472078 0.01340282948622487 0.010052122114668651 0.012285927029039464 0.013775130305286671 0.010052122114668651 0.010424422933730455 0.011169024571854059 0.010796723752792257 0.012285927029039464 0.01154132539091586 0.008190618019359643 0.016381236038719285 0.01600893521965748 0.012285927029039464 0.010796723752792257 0.00967982129560685 0.011913626209977662 0.012285927029039464 0.014892032762472078 0.008562918838421444 0.012658227848101266 0.012658227848101266 0.00967982129560685 0.010796723752792257 0.008190618019359643 0.012285927029039464 0.013775130305286671 0.010796723752792257 0.010424422933730455 0.01526433358153388 0.010796723752792257 0.012658227848101266 0.012658227848101266 0.010796723752792257 0.01526433358153388 0.012658227848101266 0.012658227848101266 0.01154132539091586 0.010796723752792257 0.011913626209977662 0.010052122114668651 0.012658227848101266 0.011169024571854059 0.009307520476545048 0.012285927029039464 0.014147431124348473 0.01526433358153388 0.011913626209977662 0.011913626209977662 0.01526433358153388 0.01154132539091586 0.011169024571854059 0.014892032762472078 0.017870439314966492 0.014519731943410276 0.014147431124348473 0.014519731943410276 0.012285927029039464 0.010424422933730455 0.012285927029039464 0.010424422933730455 0.01154132539091586 0.012658227848101266 0.01600893521965748 0.009307520476545048 0.012285927029039464 0.011913626209977662 0.013030528667163067 0.012658227848101266 0.01526433358153388 0.014147431124348473 0.013030528667163067 0.008935219657483246 0.00967982129560685 0.012658227848101266 0.008190618019359643 0.012285927029039464 0.011913626209977662 0.017870439314966492 0.014147431124348473 0.013775130305286671 0.013030528667163067 0.012658227848101266 0.01600893521965748 0.010796723752792257 0.012658227848101266 0.014892032762472078 0.010052122114668651 0.013030528667163067 0.01675353685778109 0.009307520476545048 0.013775130305286671 0.012658227848101266 0.011169024571854059 0.013030528667163067 0.014892032762472078 0.00781831720029784 0.01340282948622487 0.01340282948622487 0.010796723752792257 0.013775130305286671 0.010424422933730455 0.013030528667163067 0.018242740134028296 0.00967982129560685 0.014519731943410276 0.01154132539091586 0.00967982129560685 0.009307520476545048 0.010796723752792257 0.014147431124348473 0.010424422933730455 0.012285927029039464 0.009307520476545048 0.011169024571854059 0.012285927029039464 0.010424422933730455 0.012658227848101266 0.01154132539091586 0.012285927029039464 0.010796723752792257 0.008562918838421444 0.014892032762472078 0.01154132539091586 0.01340282948622487 0.011913626209977662 0.01712583767684289 0.008935219657483246 0.008190618019359643 0.010424422933730455 0.010796723752792257 0.014519731943410276 0.008935219657483246 0.01154132539091586 0.016381236038719285 0.011913626209977662 0.008190618019359643 0.010796723752792257 0.012285927029039464 0.01154132539091586 0.011913626209977662 0.011169024571854059 0.013030528667163067 0.012285927029039464 0.009307520476545048 0.010796723752792257 0.009307520476545048 0.009307520476545048 0.011913626209977662 0.010796723752792257 0.014147431124348473 0.012658227848101266 0.012285927029039464 0.011913626209977662 0.01154132539091586 0.013030528667163067 0.008562918838421444 0.014519731943410276 0.013030528667163067 0.007446016381236039 0.01340282948622487 0.011913626209977662 0.012285927029039464 0.011913626209977662 0.014147431124348473 0.010052122114668651 0.012658227848101266 0.008562918838421444 0.009307520476545048 0.014147431124348473 0.010052122114668651 0.010424422933730455 0.010052122114668651 0.012658227848101266 0.013030528667163067 0.010796723752792257 0.016381236038719285 0.011169024571854059 0.00781831720029784 0.012285927029039464 0.01340282948622487

# Dark Counts Data:
0.010424422933730455 0.01526433358153388 0.017870439314966492 0.013775130305286671 0.014147431124348473 0.01340282948622487 0.01526433358153388 0.01526433358153388 0.011913626209977662 0.011913626209977662 0.011913626209977662 0.008190618019359643 0.011169024571854059 0.014892032762472078 0.01154132539091586 0.012285927029039464 0.012658227848101266 0.010424422933730455 0.011169024571854059 0.0189873417721519 0.010424422933730455 0.010796723752792257 0.018242740134028296 0.010424422933730455 0.014892032762472078 0.017870439314966492 0.01154132539091586 0.012285927029039464 0.018615040953090096 0.012285927029039464 0.012658227848101266 0.012658227848101266 0.014147431124348473 0.014892032762472078 0.013775130305286671 0.01526433358153388 0.011169024571854059 0.014892032762472078 0.01563663440059568 0.013030528667163067 0.016381236038719285 0.01600893521965748 0.006701414743112435 0.01526433358153388 0.01340282948622487 0.009307520476545048 0.00967982129560685 0.01154132539091586 0.013775130305286671 0.01526433358153388 0.012285927029039464 0.0189873417721519 0.01154132539091586 0.01563663440059568 0.014147431124348473 0.012285927029039464 0.008935219657483246 0.010424422933730455 0.012285927029039464 0.01712583767684289 0.01340282948622487 0.012658227848101266 0.010052122114668651 0.014519731943410276 0.014147431124348473 0.011913626209977662 0.012285927029039464 0.012285927029039464 0.013775130305286671 0.012285927029039464 0.011169024571854059 0.01340282948622487 0.012285927029039464 0.01340282948622487 0.013030528667163067 0.01340282948622487 0.016381236038719285 0.016381236038719285 0.013030528667163067 0.012285927029039464 0.012658227848101266 0.01340282948622487 0.012658227848101266 0.011913626209977662 0.01526433358153388 0.012658227848101266 0.012658227848101266 0.01675353685778109 0.012658227848101266 0.010796723752792257 0.01154132539091586 0.013030528667163067 0.01340282948622487 0.01154132539091586 0.012285927029039464 0.0189873417721519 0.011913626209977662 0.01675353685778109 0.01154132539091586 0.012658227848101266 0.013775130305286671 0.010052122114668651 0.012285927029039464 0.018615040953090096 0.013030528667163067 0.014519731943410276 0.012285927029039464 0.012658227848101266 0.01154132539091586 0.01563663440059568 0.01563663440059568 0.013030528667163067 0.011169024571854059 0.010424422933730455 0.012658227848101266 0.01340282948622487 0.011913626209977662 0.009307520476545048 0.01340282948622487 0.008935219657483246 0.01526433358153388 0.01154132539091586 0.013030528667163067 0.011913626209977662 0.013775130305286671 0.013030528667163067 0.01340282948622487 0.012285927029039464 0.018242740134028296 0.011913626209977662 0.013775130305286671 0.012658227848101266 0.01340282948622487 0.014519731943410276 0.01712583767684289 0.013775130305286671 0.01340282948622487 0.012658227848101266 0.013030528667163067 0.012285927029039464 0.014519731943410276 0.014892032762472078 0.016381236038719285 0.014147431124348473 0.014892032762472078 0.014147431124348473 0.012285927029039464 0.012658227848101266 0.01675353685778109 0.010424422933730455 0.014147431124348473 0.01563663440059568 0.014519731943410276 0.01675353685778109 0.011913626209977662 0.01340282948622487 0.014147431124348473 0.008935219657483246 0.01600893521965748 0.012285927029039464 0.014519731943410276 0.012285927029039464 0.014147431124348473 0.01340282948622487 0.013030528667163067 0.013030528667163067 0.013030528667163067 0.014147431124348473 0.013030528667163067 0.014519731943410276 0.01154132539091586 0.010424422933730455 0.01675353685778109 0.016381236038719285 0.011913626209977662 0.013030528667163067 0.009307520476545048 0.01526433358153388 0.012285927029039464 0.01340282948622487 0.013030528667163067 0.010796723752792257 0.011913626209977662 0.011169024571854059 0.014519731943410276 0.017870439314966492 0.01154132539091586 0.01526433358153388 0.01600893521965748 0.014147431124348473 0.009307520476545048 0.01340282948622487 0.013030528667163067 0.01563663440059568 0.016381236038719285 0.016381236038719285 0.010052122114668651 0.010424422933730455 0.014147431124348473 0.01600893521965748 0.011913626209977662 0.014892032762472078 0.013030528667163067 0.011169024571854059 0.010796723752792257 0.014519731943410276 0.01340282948622487 0.01563663440059568 0.011169024571854059 0.014147431124348473 0.011913626209977662 0.011913626209977662 0.011913626209977662 0.013775130305286671 0.014892032762472078 0.01526433358153388 0.012658227848101266 0.01675353685778109 0.010052122114668651 0.016381236038719285 0.017870439314966492 0.010796723752792257 0.013030528667163067 0.00781831720029784 0.01340282948622487 0.013775130305286671 0.01340282948622487 0.014519731943410276 0.009307520476545048 0.013775130305286671 0.013030528667163067 0.013775130305286671 0.012658227848101266 0.008562918838421444 0.014892032762472078 0.011913626209977662 0.014892032762472078 0.01600893521965748 0.01340282948622487 0.012285927029039464 0.014892032762472078 0.013030528667163067 0.014147431124348473 0.016381236038719285 0.01675353685778109 0.012658227848101266 0.01712583767684289 0.010796723752792257 0.012285927029039464 0.013030528667163067 0.011913626209977662 0.011913626209977662 0.014519731943410276 0.013030528667163067 0.01526433358153388 0.01712583767684289 0.01600893521965748 0.01675353685778109 0.012285927029039464 0.012658227848101266 0.011913626209977662 0.01340282948622487 0.01526433358153388 0.01340282948622487 0.014147431124348473 0.01340282948622487 0.017870439314966492 0.01675353685778109 0.01563663440059568 0.014147431124348473 0.012285927029039464 0.01340282948622487 0.009307520476545048 0.012285927029039464 0.01340282948622487 0.013775130305286671 0.01600893521965748 0.014147431124348473 0.011169024571854059 0.014147431124348473 0.016381236038719285 0.01600893521965748 0.013775130305286671 0.014892032762472078 0.008935219657483246 0.01526433358153388 0.013775130305286671 0.014892032762472078 0.01675353685778109 0.014892032762472078 0.018615040953090096 0.014519731943410276 0.012285927029039464 0.013030528667163067 0.01154132539091586 0.01563663440059568 0.010424422933730455 0.017498138495904692 0.01526433358153388 0.012285927029039464 0.01340282948622487 0.01526433358153388 0.014519731943410276 0.013030528667163067 0.013775130305286671 0.012658227848101266 0.009307520476545048 0.017870439314966492 0.01563663440059568 0.01154132539091586 0.009307520476545048 0.011913626209977662 0.012285927029039464 0.012285927029039464 0.01526433358153388 0.010796723752792257 0.014892032762472078 0.011913626209977662 0.01340282948622487 0.012285927029039464 0.014519731943410276 0.01600893521965748 0.012658227848101266 0.011913626209977662 0.009307520476545048 0.013775130305286671 0.014147431124348473 0.00967982129560685 0.013775130305286671 0.01600893521965748 0.010796723752792257 0.010796723752792257 0.011913626209977662 0.014519731943410276 0.012658227848101266 0.013030528667163067 0.017498138495904692 0.011913626209977662 0.013030528667163067 0.013775130305286671 0.010796723752792257 0.012658227848101266 0.00967982129560685 0.013030528667163067 0.010796723752792257 0.012285927029039464 0.01563663440059568 0.011169024571854059 0.011169024571854059 0.013775130305286671 0.011913626209977662 0.01154132539091586 0.012285927029039464 0.01675353685778109 0.008935219657483246 0.010052122114668651 0.014519731943410276 0.018242740134028296 0.013030528667163067 0.011913626209977662 0.008935219657483246 0.014147431124348473 0.01340282948622487 0.01340282948622487 0.01340282948622487 0.014892032762472078 0.012658227848101266 0.013775130305286671 0.014147431124348473 0.010424422933730455 0.017870439314966492 0.014892032762472078 0.010052122114668651 0.010796723752792257 0.013775130305286671 0.01563663440059568 0.010796723752792257 0.011913626209977662 0.011169024571854059 0.012285927029039464 0.009307520476545048 0.013775130305286671 0.00967982129560685 0.01340282948622487 0.012285927029039464 0.01526433358153388 0.01526433358153388 0.012285927029039464 0.012285927029039464 0.013030528667163067 0.01340282948622487 0.013775130305286671 0.013775130305286671 0.01526433358153388 0.01340282948622487 0.018242740134028296
