# Parameters:
n_avg = 1000000
meas_len_1 = 500
wait_for_initialization = 1500
wait_after_measure = 1000
NV_IF_freq = 71000000

# t_vec (Pulse Durations in clock cycles):
4 5 6 7 8 9 10 11 12 13 14 15 16 17 18 19 20 21 22 23 24 25 26 27 28 29 30 31 32 33 34 35 36 37 38 39 40 41 42 43 44 45 46 47 48 49 50 51 52 53 54 55 56 57 58 59 60 61 62 63 64 65 66 67 68 69 70 71 72 73 74 75 76 77 78 79 80 81 82 83 84 85 86 87 88 89 90 91 92 93 94 95 96 97 98 99 100 101 102 103 104 105 106 107 108 109 110 111 112 113 114 115 116 117 118 119 120 121 122 123 124 125 126 127 128 129 130 131 132 133 134 135 136 137 138 139 140 141 142 143 144 145 146 147 148 149 150 151 152 153 154 155 156 157 158 159 160 161 162 163 164 165 166 167 168 169 170 171 172 173 174 175 176 177 178 179 180 181 182 183 184 185 186 187 188 189 190 191 192 193 194 195 196 197 198 199 200 201 202 203 204 205 206 207 208 209 210 211 212 213 214 215 216 217 218 219 220 221 222 223 224 225 226 227 228 229 230 231 232 233 234 235 236 237 238 239 240 241 242 243 244 245 246 247 248 249 250 251 252 253 254 255 256 257 258 259 260 261 262 263 264 265 266 267 268 269 270 271 272 273 274 275 276 277 278 279 280 281 282 283 284 285 286 287 288 289 290 291 292 293 294 295 296 297 298 299 300 301 302 303 304 305 306 307 308 309 310 311 312 313 314 315 316 317 318 319 320 321 322 323 324 325 326 327 328 329 330 331 332 333 334 335 336 337 338 339 340 341 342 343 344 345 346 347 348 349 350 351 352 353 354 355 356 357 358 359 360 361 362 363 364 365 366 367 368 369 370 371 372 373 374 375 376 377 378 379 380 381 382 383 384 385 386 387 388 389 390 391 392 393 394 395 396 397 398 399

# Counts Data:
0.025500355582647568 0.02519557045616174 0.026109925835619222 0.025805140709133395 0.024992380371837854 0.0243828101188662 0.024281215076704256 0.02397642995021843 0.023773239865894545 0.023062074570760947 0.02397642995021843 0.023062074570760947 0.023468454739408718 0.02123336381184598 0.025500355582647568 0.024687595245352027 0.02285888448643706 0.024484405161028143 0.022452504317789293 0.021030173727522097 0.020115818348064616 0.021030173727522097 0.022249314233465406 0.02285888448643706 0.02285888448643706 0.0203190084323885 0.020623793558874327 0.021436553896169868 0.022147719191303466 0.018998272884283247 0.02082698364319821 0.02082698364319821 0.023773239865894545 0.020522198516712383 0.020420603474550443 0.02072538860103627 0.018896677842121304 0.019811033221578785 0.018083917504825766 0.019811033221578785 0.018388702631311593 0.019404653052931018 0.01706796708320634 0.01676318195672051 0.020420603474550443 0.01788072742050188 0.020115818348064616 0.019404653052931018 0.020623793558874327 0.020115818348064616 0.021030173727522097 0.018185512546987706 0.01991262826374073 0.017779132378339935 0.018998272884283247 0.020217413390226556 0.02072538860103627 0.0196078431372549 0.0203190084323885 0.021741339022655695 0.020522198516712383 0.019709438179416845 0.021538148938331808 0.019303058010769075 0.02072538860103627 0.0203190084323885 0.0203190084323885 0.019709438179416845 0.019506248095092958 0.02072538860103627 0.020928578685360154 0.020115818348064616 0.019709438179416845 0.01879508279995936 0.022452504317789293 0.02082698364319821 0.020522198516712383 0.021030173727522097 0.02072538860103627 0.01991262826374073 0.022046124149141522 0.02082698364319821 0.017677537336177995 0.02123336381184598 0.020928578685360154 0.022249314233465406 0.022249314233465406 0.022249314233465406 0.02285888448643706 0.020522198516712383 0.020217413390226556 0.022147719191303466 0.021436553896169868 0.021842934064817635 0.022046124149141522 0.0196078431372549 0.02194452910697958 0.02397642995021843 0.023366859697246774 0.022249314233465406 0.02285888448643706 0.020115818348064616 0.019811033221578785 0.0236716448237326 0.02113176876968404 0.023773239865894545 0.02316366961292289 0.018490297673473533 0.019506248095092958 0.02163974398049375 0.02316366961292289 0.020014223305902672 0.02082698364319821 0.02316366961292289 0.02489078532967591 0.01920146296860713 0.021842934064817635 0.01991262826374073 0.022452504317789293 0.022655694402113177 0.02194452910697958 0.020928578685360154 0.022147719191303466 0.023570049781570658 0.023570049781570658 0.022452504317789293 0.02082698364319821 0.02163974398049375 0.022046124149141522 0.022249314233465406 0.021030173727522097 0.024281215076704256 0.02123336381184598 0.020522198516712383 0.019811033221578785 0.020522198516712383 0.020623793558874327 0.020420603474550443 0.02163974398049375 0.02113176876968404 0.022249314233465406 0.019303058010769075 0.021436553896169868 0.02123336381184598 0.02235090927562735 0.024484405161028143 0.024281215076704256 0.023570049781570658 0.02235090927562735 0.02316366961292289 0.022960479528599004 0.02194452910697958 0.023468454739408718 0.021436553896169868 0.02285888448643706 0.0203190084323885 0.02235090927562735 0.018896677842121304 0.020522198516712383 0.02163974398049375 0.022147719191303466 0.02275728944427512 0.024586000203190083 0.02082698364319821 0.02082698364319821 0.02519557045616174 0.02163974398049375 0.023874834908056485 0.02123336381184598 0.021842934064817635 0.02082698364319821 0.023468454739408718 0.020928578685360154 0.0236716448237326 0.023366859697246774 0.023570049781570658 0.023366859697246774 0.024687595245352027 0.021436553896169868 0.023366859697246774 0.01991262826374073 0.019811033221578785 0.019506248095092958 0.0236716448237326 0.020623793558874327 0.01991262826374073 0.020522198516712383 0.022554099359951233 0.022554099359951233 0.023773239865894545 0.019506248095092958 0.022147719191303466 0.021842934064817635 0.01991262826374073 0.021334958854007924 0.020928578685360154 0.019303058010769075 0.020115818348064616 0.021741339022655695 0.024687595245352027 0.02082698364319821 0.018998272884283247 0.020115818348064616 0.020420603474550443 0.0203190084323885 0.02113176876968404 0.0196078431372549 0.018185512546987706 0.022554099359951233 0.023468454739408718 0.021436553896169868 0.022147719191303466 0.01991262826374073 0.0196078431372549 0.020522198516712383 0.0196078431372549 0.020115818348064616 0.02113176876968404 0.022452504317789293 0.023468454739408718 0.022655694402113177 0.0203190084323885 0.02235090927562735 0.022960479528599004 0.024078024992380372 0.02163974398049375 0.024179620034542316 0.022249314233465406 0.020115818348064616 0.022554099359951233 0.023366859697246774 0.021436553896169868 0.02072538860103627 0.019404653052931018 0.020217413390226556 0.022452504317789293 0.023366859697246774 0.021030173727522097 0.020217413390226556 0.02235090927562735 0.020115818348064616 0.020623793558874327 0.02072538860103627 0.022452504317789293 0.022554099359951233 0.023773239865894545 0.023468454739408718 0.023366859697246774 0.021842934064817635 0.020115818348064616 0.02275728944427512 0.0236716448237326 0.022554099359951233 0.019811033221578785 0.02478919028751397 0.020623793558874327 0.023874834908056485 0.02275728944427512 0.02123336381184598 0.021842934064817635 0.022249314233465406 0.022249314233465406 0.021538148938331808 0.022046124149141522 0.01909986792644519 0.022147719191303466 0.021538148938331808 0.020522198516712383 0.01869348775779742 0.021334958854007924 0.020928578685360154 0.02235090927562735 0.021538148938331808 0.022046124149141522 0.022249314233465406 0.02082698364319821 0.020420603474550443 0.021334958854007924 0.018185512546987706 0.01869348775779742 0.0236716448237326 0.021538148938331808 0.020623793558874327 0.01991262826374073 0.020623793558874327 0.022554099359951233 0.0203190084323885 0.02082698364319821 0.020217413390226556 0.023773239865894545 0.021030173727522097 0.02163974398049375 0.020928578685360154 0.017677537336177995 0.02082698364319821 0.02316366961292289 0.020014223305902672 0.02072538860103627 0.019709438179416845 0.021842934064817635 0.01909986792644519 0.022655694402113177 0.0196078431372549 0.020928578685360154 0.01991262826374073 0.02285888448643706 0.02285888448643706 0.019303058010769075 0.022554099359951233 0.02285888448643706 0.021334958854007924 0.020623793558874327 0.019709438179416845 0.020115818348064616 0.01879508279995936 0.02072538860103627 0.019709438179416845 0.02123336381184598 0.02285888448643706 0.024484405161028143 0.023062074570760947 0.022046124149141522 0.019303058010769075 0.02123336381184598 0.020623793558874327 0.02113176876968404 0.022249314233465406 0.021538148938331808 0.021334958854007924 0.022249314233465406 0.02235090927562735 0.022960479528599004 0.021741339022655695 0.024179620034542316 0.020115818348064616 0.024078024992380372 0.023570049781570658 0.022046124149141522 0.021334958854007924 0.019506248095092958 0.024484405161028143 0.02163974398049375 0.0236716448237326 0.022452504317789293 0.024586000203190083 0.022147719191303466 0.022046124149141522 0.02113176876968404 0.023468454739408718 0.01788072742050188 0.020217413390226556 0.01879508279995936 0.02194452910697958 0.021334958854007924 0.021538148938331808 0.023468454739408718 0.023468454739408718 0.022147719191303466 0.025093975413999797 0.0236716448237326 0.019506248095092958 0.019709438179416845 0.020217413390226556 0.02113176876968404 0.02163974398049375 0.02194452910697958 0.02285888448643706 0.0243828101188662 0.022554099359951233 0.020014223305902672 0.018490297673473533 0.023874834908056485 0.02163974398049375 0.023366859697246774 0.021538148938331808 0.02285888448643706 0.02326526465508483 0.022554099359951233 0.02123336381184598 0.020420603474550443 0.019709438179416845 0.020420603474550443 0.01991262826374073 0.022046124149141522 0.02082698364319821 0.0236716448237326 0.020420603474550443 0.023874834908056485 0.02235090927562735 0.02163974398049375 0.021842934064817635 0.0196078431372549 0.020014223305902672 0.019303058010769075 0.020522198516712383 0.01879508279995936

# Dark Counts Data:
0.02570354566697145 0.024281215076704256 0.024687595245352027 0.02722747129940059 0.022655694402113177 0.02397642995021843 0.02682109113075282 0.02529716549832368 0.02529716549832368 0.02275728944427512 0.025398760540485624 0.026109925835619222 0.026109925835619222 0.02478919028751397 0.02275728944427512 0.024992380371837854 0.023062074570760947 0.024687595245352027 0.026719496088590877 0.028649801889667783 0.027430661383724474 0.024281215076704256 0.024179620034542316 0.0236716448237326 0.02397642995021843 0.026211520877781166 0.026617901046428933 0.026516306004266993 0.02529716549832368 0.026617901046428933 0.024586000203190083 0.024687595245352027 0.02641471096210505 0.02692268617291476 0.024484405161028143 0.024484405161028143 0.025601950624809508 0.025093975413999797 0.02600833079345728 0.025500355582647568 0.0243828101188662 0.026211520877781166 0.02732906634156253 0.02519557045616174 0.026719496088590877 0.02692268617291476 0.023062074570760947 0.023366859697246774 0.025906735751295335 0.026516306004266993 0.03047851264858275 0.0277354465102103 0.026211520877781166 0.02570354566697145 0.023468454739408718 0.024179620034542316 0.026516306004266993 0.025500355582647568 0.02275728944427512 0.0243828101188662 0.027125876257238647 0.024484405161028143 0.027024281215076704 0.02489078532967591 0.024992380371837854 0.02489078532967591 0.024687595245352027 0.024687595245352027 0.026617901046428933 0.024179620034542316 0.026516306004266993 0.024484405161028143 0.024078024992380372 0.026313115919943106 0.02692268617291476 0.025906735751295335 0.025805140709133395 0.026617901046428933 0.024992380371837854 0.025500355582647568 0.025398760540485624 0.02285888448643706 0.024687595245352027 0.025500355582647568 0.021842934064817635 0.022960479528599004 0.025906735751295335 0.02489078532967591 0.025906735751295335 0.0243828101188662 0.026719496088590877 0.021334958854007924 0.02682109113075282 0.026719496088590877 0.026109925835619222 0.024687595245352027 0.025093975413999797 0.02692268617291476 0.026617901046428933 0.024687595245352027 0.026313115919943106 0.024687595245352027 0.025805140709133395 0.027837041552372245 0.024687595245352027 0.024078024992380372 0.027125876257238647 0.02397642995021843 0.02275728944427512 0.024992380371837854 0.026617901046428933 0.02489078532967591 0.023062074570760947 0.029665752311287208 0.02529716549832368 0.02529716549832368 0.023874834908056485 0.02692268617291476 0.024687595245352027 0.025601950624809508 0.023773239865894545 0.025093975413999797 0.024687595245352027 0.024078024992380372 0.024484405161028143 0.0236716448237326 0.027125876257238647 0.02682109113075282 0.02600833079345728 0.026719496088590877 0.026313115919943106 0.024281215076704256 0.024484405161028143 0.023874834908056485 0.02316366961292289 0.026313115919943106 0.026617901046428933 0.025500355582647568 0.026313115919943106 0.02600833079345728 0.02722747129940059 0.0236716448237326 0.025805140709133395 0.026617901046428933 0.026313115919943106 0.025398760540485624 0.024484405161028143 0.027532256425886418 0.024484405161028143 0.024078024992380372 0.025500355582647568 0.025093975413999797 0.02529716549832368 0.026617901046428933 0.023874834908056485 0.025805140709133395 0.025805140709133395 0.024179620034542316 0.021538148938331808 0.025500355582647568 0.026617901046428933 0.026516306004266993 0.024992380371837854 0.025093975413999797 0.02641471096210505 0.025601950624809508 0.027125876257238647 0.023570049781570658 0.0284466118053439 0.023874834908056485 0.0284466118053439 0.026516306004266993 0.026211520877781166 0.025805140709133395 0.026719496088590877 0.024281215076704256 0.025500355582647568 0.02600833079345728 0.024586000203190083 0.02682109113075282 0.026109925835619222 0.023468454739408718 0.02692268617291476 0.02397642995021843 0.024992380371837854 0.026313115919943106 0.0243828101188662 0.026109925835619222 0.02519557045616174 0.02682109113075282 0.02478919028751397 0.023468454739408718 0.024484405161028143 0.024992380371837854 0.024281215076704256 0.023874834908056485 0.02478919028751397 0.02478919028751397 0.0243828101188662 0.024078024992380372 0.027125876257238647 0.02519557045616174 0.02570354566697145 0.024687595245352027 0.02732906634156253 0.023570049781570658 0.0243828101188662 0.023874834908056485 0.02641471096210505 0.023773239865894545 0.025906735751295335 0.027633851468048358 0.02529716549832368 0.02722747129940059 0.022655694402113177 0.027430661383724474 0.026109925835619222 0.02682109113075282 0.025906735751295335 0.023468454739408718 0.02732906634156253 0.023874834908056485 0.025500355582647568 0.024992380371837854 0.024179620034542316 0.023366859697246774 0.023366859697246774 0.029462562226963324 0.022960479528599004 0.027633851468048358 0.026617901046428933 0.02570354566697145 0.022452504317789293 0.023570049781570658 0.026109925835619222 0.026313115919943106 0.023570049781570658 0.023366859697246774 0.026109925835619222 0.024484405161028143 0.02682109113075282 0.02478919028751397 0.024992380371837854 0.026313115919943106 0.022452504317789293 0.026617901046428933 0.024992380371837854 0.025398760540485624 0.027024281215076704 0.028345016763181956 0.02600833079345728 0.024687595245352027 0.024687595245352027 0.02489078532967591 0.02519557045616174 0.026109925835619222 0.026617901046428933 0.02316366961292289 0.02570354566697145 0.026109925835619222 0.023468454739408718 0.023773239865894545 0.02489078532967591 0.023366859697246774 0.02316366961292289 0.025093975413999797 0.022249314233465406 0.02397642995021843 0.02722747129940059 0.02682109113075282 0.02641471096210505 0.02478919028751397 0.02519557045616174 0.027024281215076704 0.025398760540485624 0.02722747129940059 0.027837041552372245 0.027430661383724474 0.026617901046428933 0.026516306004266993 0.02936096718480138 0.02925937214263944 0.0243828101188662 0.024586000203190083 0.02692268617291476 0.024586000203190083 0.024484405161028143 0.025805140709133395 0.0236716448237326 0.024992380371837854 0.026719496088590877 0.025601950624809508 0.026617901046428933 0.026211520877781166 0.025093975413999797 0.025805140709133395 0.024992380371837854 0.02194452910697958 0.024078024992380372 0.02692268617291476 0.024586000203190083 0.023062074570760947 0.024179620034542316 0.026211520877781166 0.025093975413999797 0.025093975413999797 0.02519557045616174 0.02489078532967591 0.02600833079345728 0.02682109113075282 0.024992380371837854 0.027532256425886418 0.028649801889667783 0.02489078532967591 0.02885299197399167 0.028141826678858072 0.02529716549832368 0.02397642995021843 0.023874834908056485 0.025805140709133395 0.025500355582647568 0.02682109113075282 0.025093975413999797 0.028751396931829726 0.026516306004266993 0.029056182058315554 0.02275728944427512 0.02570354566697145 0.024992380371837854 0.02519557045616174 0.025805140709133395 0.027024281215076704 0.026617901046428933 0.022452504317789293 0.024687595245352027 0.02804023163669613 0.027125876257238647 0.025500355582647568 0.024687595245352027 0.02235090927562735 0.024281215076704256 0.023773239865894545 0.025805140709133395 0.025500355582647568 0.026211520877781166 0.024484405161028143 0.028751396931829726 0.025601950624809508 0.024992380371837854 0.026313115919943106 0.025500355582647568 0.027024281215076704 0.023062074570760947 0.025500355582647568 0.02570354566697145 0.025398760540485624 0.026516306004266993 0.026617901046428933 0.02529716549832368 0.026719496088590877 0.02641471096210505 0.023468454739408718 0.025398760540485624 0.021741339022655695 0.02478919028751397 0.02722747129940059 0.026617901046428933 0.02804023163669613 0.023468454739408718 0.024484405161028143 0.026109925835619222 0.02600833079345728 0.02194452910697958 0.025500355582647568 0.02804023163669613 0.02600833079345728 0.026313115919943106 0.025398760540485624 0.02885299197399167 0.026109925835619222 0.024179620034542316 0.023468454739408718 0.027633851468048358 0.0236716448237326 0.024484405161028143 0.025500355582647568 0.0243828101188662 0.02641471096210505 0.0277354465102103 0.0277354465102103 0.024687595245352027 0.027024281215076704 0.025601950624809508 0.028649801889667783 0.02519557045616174 0.022960479528599004
