# Parameters:
n_avg = 1000000
meas_len_1 = 500
wait_for_initialization = 1500
wait_after_measure = 1000
NV_IF_freq = 70000000

# t_vec (Pulse Durations in clock cycles):
4 5 6 7 8 9 10 11 12 13 14 15 16 17 18 19 20 21 22 23 24 25 26 27 28 29 30 31 32 33 34 35 36 37 38 39 40 41 42 43 44 45 46 47 48 49 50 51 52 53 54 55 56 57 58 59 60 61 62 63 64 65 66 67 68 69 70 71 72 73 74 75 76 77 78 79 80 81 82 83 84 85 86 87 88 89 90 91 92 93 94 95 96 97 98 99 100 101 102 103 104 105 106 107 108 109 110 111 112 113 114 115 116 117 118 119 120 121 122 123 124 125 126 127 128 129 130 131 132 133 134 135 136 137 138 139 140 141 142 143 144 145 146 147 148 149 150 151 152 153 154 155 156 157 158 159 160 161 162 163 164 165 166 167 168 169 170 171 172 173 174 175 176 177 178 179 180 181 182 183 184 185 186 187 188 189 190 191 192 193 194 195 196 197 198 199 200 201 202 203 204 205 206 207 208 209 210 211 212 213 214 215 216 217 218 219 220 221 222 223 224 225 226 227 228 229 230 231 232 233 234 235 236 237 238 239 240 241 242 243 244 245 246 247 248 249 250 251 252 253 254 255 256 257 258 259 260 261 262 263 264 265 266 267 268 269 270 271 272 273 274 275 276 277 278 279 280 281 282 283 284 285 286 287 288 289 290 291 292 293 294 295 296 297 298 299 300 301 302 303 304 305 306 307 308 309 310 311 312 313 314 315 316 317 318 319 320 321 322 323 324 325 326 327 328 329 330 331 332 333 334 335 336 337 338 339 340 341 342 343 344 345 346 347 348 349 350 351 352 353 354 355 356 357 358 359 360 361 362 363 364 365 366 367 368 369 370 371 372 373 374 375 376 377 378 379 380 381 382 383 384 385 386 387 388 389 390 391 392 393 394 395 396 397 398 399

# Counts Data:
0.030778796828851235 0.0327996269236748 0.03326597233017255 0.0327996269236748 0.033032799626923674 0.03163376340743044 0.030157002953520907 0.03349914503342142 0.0310896937665164 0.02805844862428105 0.030701072594434945 0.028369345561946216 0.03233328151717706 0.03256645422042593 0.028369345561946216 0.02860251826519509 0.02860251826519509 0.028524794030778795 0.02976838178143945 0.027436654748950722 0.02945748484377429 0.02875796673402767 0.027436654748950722 0.02634851546712265 0.027825275921032178 0.027903000155448467 0.026037618529457483 0.027825275921032178 0.02580444582620861 0.027358930514534432 0.024327685372299082 0.02720348204570185 0.028991139437276544 0.02712575781128556 0.02254002798072439 0.025959894295041194 0.024249961137882792 0.02720348204570185 0.024483133841131665 0.023394994559303592 0.021140991761231152 0.025959894295041194 0.024483133841131665 0.02238457951189181 0.025571273122959738 0.02564899735737603 0.02323954609047101 0.02665941240478781 0.026037618529457483 0.0241722369034665 0.02347271879371988 0.025338100419710866 0.02494947924762941 0.024405409606715375 0.02323954609047101 0.025182651950878283 0.025104927716461993 0.026193066998290066 0.026970309342452977 0.02487175501321312 0.022773200683973264 0.025104927716461993 0.02487175501321312 0.027825275921032178 0.02665941240478781 0.023705891496968754 0.02549354888854345 0.027048033576869267 0.027747551686615888 0.025338100419710866 0.025882170060624904 0.02572672159179232 0.026737136639204104 0.02658168817037152 0.02564899735737603 0.026737136639204104 0.023394994559303592 0.026892585108036687 0.02494947924762941 0.02728120628011814 0.028524794030778795 0.02627079123270636 0.027048033576869267 0.030079278719104617 0.02564899735737603 0.025959894295041194 0.025260376185294576 0.026503963935955232 0.02572672159179232 0.027358930514534432 0.03039017565676978 0.029846106015855745 0.025959894295041194 0.027825275921032178 0.029612933312606872 0.02976838178143945 0.02572672159179232 0.025959894295041194 0.027436654748950722 0.027514378983367015 0.02883569096844396 0.027048033576869267 0.028524794030778795 0.026115342763873776 0.029923830250272034 0.027903000155448467 0.030467899891186073 0.02665941240478781 0.027669827452199595 0.028680242499611378 0.029224312140525417 0.026970309342452977 0.02945748484377429 0.027669827452199595 0.028447069796362506 0.028680242499611378 0.027825275921032178 0.027903000155448467 0.030467899891186073 0.02860251826519509 0.026037618529457483 0.029224312140525417 0.02355044302813617 0.02798072438986476 0.024327685372299082 0.026737136639204104 0.026970309342452977 0.025415824654127155 0.025027203482045703 0.028524794030778795 0.026737136639204104 0.027436654748950722 0.02712575781128556 0.028447069796362506 0.02720348204570185 0.030001554484688327 0.027436654748950722 0.02969065754702316 0.027903000155448467 0.026970309342452977 0.029612933312606872 0.029302036374941706 0.02883569096844396 0.026737136639204104 0.028991139437276544 0.029379760609358 0.025959894295041194 0.02969065754702316 0.02665941240478781 0.028213897093113633 0.026814860873620394 0.027669827452199595 0.02798072438986476 0.026892585108036687 0.029224312140525417 0.029846106015855745 0.02798072438986476 0.025882170060624904 0.028991139437276544 0.02798072438986476 0.027825275921032178 0.03202238457951189 0.027903000155448467 0.025882170060624904 0.027048033576869267 0.027747551686615888 0.026193066998290066 0.03039017565676978 0.02805844862428105 0.029302036374941706 0.029068863671692834 0.025338100419710866 0.027825275921032178 0.028991139437276544 0.027747551686615888 0.028524794030778795 0.029224312140525417 0.030467899891186073 0.028369345561946216 0.029923830250272034 0.02805844862428105 0.026814860873620394 0.026892585108036687 0.028213897093113633 0.028291621327529923 0.02798072438986476 0.028447069796362506 0.028136172858697343 0.025104927716461993 0.02728120628011814 0.026892585108036687 0.028991139437276544 0.027825275921032178 0.02728120628011814 0.026737136639204104 0.025959894295041194 0.025104927716461993 0.026115342763873776 0.02720348204570185 0.026737136639204104 0.02891341520286025 0.028447069796362506 0.027358930514534432 0.02945748484377429 0.031556039173014146 0.02642623970153894 0.025182651950878283 0.02627079123270636 0.027514378983367015 0.028369345561946216 0.02875796673402767 0.025959894295041194 0.024638582309964248 0.028369345561946216 0.028680242499611378 0.026115342763873776 0.02665941240478781 0.027903000155448467 0.02634851546712265 0.02891341520286025 0.026814860873620394 0.027669827452199595 0.02953520907819058 0.02860251826519509 0.028136172858697343 0.026814860873620394 0.02728120628011814 0.028680242499611378 0.027825275921032178 0.026814860873620394 0.033032799626923674 0.02720348204570185 0.027358930514534432 0.028524794030778795 0.025260376185294576 0.02712575781128556 0.028136172858697343 0.025260376185294576 0.02953520907819058 0.02665941240478781 0.032488729986009636 0.028524794030778795 0.028291621327529923 0.030001554484688327 0.03039017565676978 0.02642623970153894 0.028447069796362506 0.02712575781128556 0.02805844862428105 0.02627079123270636 0.028369345561946216 0.026970309342452977 0.02860251826519509 0.023939064200217627 0.026115342763873776 0.02634851546712265 0.029224312140525417 0.02798072438986476 0.029846106015855745 0.030157002953520907 0.026115342763873776 0.028291621327529923 0.030467899891186073 0.02665941240478781 0.0310896937665164 0.02627079123270636 0.03132286646976527 0.027048033576869267 0.027747551686615888 0.028136172858697343 0.026737136639204104 0.02658168817037152 0.025959894295041194 0.02634851546712265 0.029379760609358 0.025182651950878283 0.02728120628011814 0.02572672159179232 0.02720348204570185 0.025182651950878283 0.02891341520286025 0.026892585108036687 0.024794030778796827 0.025415824654127155 0.027669827452199595 0.025338100419710866 0.030001554484688327 0.02627079123270636 0.02549354888854345 0.030701072594434945 0.028524794030778795 0.03039017565676978 0.025182651950878283 0.025415824654127155 0.02487175501321312 0.029224312140525417 0.02720348204570185 0.02712575781128556 0.028369345561946216 0.027825275921032178 0.024405409606715375 0.027048033576869267 0.02875796673402767 0.02712575781128556 0.026970309342452977 0.02860251826519509 0.02720348204570185 0.027747551686615888 0.026892585108036687 0.02891341520286025 0.02860251826519509 0.025182651950878283 0.028291621327529923 0.030545624125602362 0.027436654748950722 0.026115342763873776 0.028524794030778795 0.02665941240478781 0.026503963935955232 0.02580444582620861 0.027825275921032178 0.03132286646976527 0.027358930514534432 0.028447069796362506 0.026037618529457483 0.028291621327529923 0.02720348204570185 0.02953520907819058 0.029379760609358 0.02798072438986476 0.02720348204570185 0.02580444582620861 0.02642623970153894 0.028524794030778795 0.027514378983367015 0.026970309342452977 0.028136172858697343 0.02945748484377429 0.026970309342452977 0.027903000155448467 0.026814860873620394 0.024794030778796827 0.029379760609358 0.02945748484377429 0.028447069796362506 0.026892585108036687 0.02487175501321312 0.02580444582620861 0.030079278719104617 0.02798072438986476 0.028136172858697343 0.029923830250272034 0.025104927716461993 0.029068863671692834 0.029224312140525417 0.023939064200217627 0.027358930514534432 0.030079278719104617 0.029224312140525417 0.02712575781128556 0.02883569096844396 0.026970309342452977 0.028213897093113633 0.030079278719104617 0.030001554484688327 0.029224312140525417 0.027358930514534432 0.027436654748950722 0.028447069796362506 0.028136172858697343 0.027669827452199595 0.02953520907819058 0.02976838178143945 0.028524794030778795 0.02953520907819058 0.029379760609358 0.027669827452199595 0.027825275921032178 0.02487175501321312 0.029302036374941706 0.02665941240478781 0.02627079123270636 0.02875796673402767 0.028680242499611378 0.02549354888854345 0.02945748484377429 0.02860251826519509 0.026037618529457483 0.025027203482045703 0.026503963935955232 0.027514378983367015 0.028524794030778795 0.02665941240478781 0.026115342763873776 0.025882170060624904 0.02860251826519509

# Dark Counts Data:
0.030545624125602362 0.030701072594434945 0.03217783304834448 0.03520907819057982 0.03342142079900513 0.034587284315249496 0.03178921187626302 0.03202238457951189 0.03311052386133997 0.030856521063267528 0.03272190268925851 0.03388776620550288 0.03116741800093269 0.03225555728276076 0.030934245297683818 0.03132286646976527 0.033810041971086585 0.03163376340743044 0.030701072594434945 0.031556039173014146 0.03326597233017255 0.03178921187626302 0.034742732784082075 0.03217783304834448 0.03427638737758433 0.03349914503342142 0.031711487641846725 0.030079278719104617 0.03412093890875175 0.03295507539250738 0.03178921187626302 0.033032799626923674 0.02883569096844396 0.03388776620550288 0.028991139437276544 0.03295507539250738 0.031245142235348983 0.031400590704181566 0.03264417845484222 0.03334369656458884 0.02976838178143945 0.03256645422042593 0.0327996269236748 0.03349914503342142 0.030001554484688327 0.032488729986009636 0.03116741800093269 0.031556039173014146 0.03202238457951189 0.03132286646976527 0.033810041971086585 0.033032799626923674 0.03272190268925851 0.03443183584641691 0.02976838178143945 0.033965490439919165 0.03233328151717706 0.030079278719104617 0.030856521063267528 0.03217783304834448 0.03132286646976527 0.0319446603450956 0.03505362972174724 0.03233328151717706 0.03388776620550288 0.03334369656458884 0.03427638737758433 0.03217783304834448 0.03388776620550288 0.0302347271879372 0.03217783304834448 0.0327996269236748 0.03435411161200062 0.0327996269236748 0.030701072594434945 0.03404321467433546 0.03225555728276076 0.03241100575159335 0.03373231773667029 0.03217783304834448 0.032100108813928184 0.03256645422042593 0.03342142079900513 0.03256645422042593 0.03412093890875175 0.03412093890875175 0.03264417845484222 0.03163376340743044 0.033965490439919165 0.028291621327529923 0.030467899891186073 0.0345095600808332 0.032877351158091095 0.030701072594434945 0.03342142079900513 0.03132286646976527 0.032100108813928184 0.03388776620550288 0.03357686926783771 0.031245142235348983 0.03349914503342142 0.03272190268925851 0.033810041971086585 0.0310896937665164 0.033188248095756254 0.0327996269236748 0.029846106015855745 0.031011969532100107 0.03178921187626302 0.030701072594434945 0.0302347271879372 0.03241100575159335 0.030778796828851235 0.033965490439919165 0.031011969532100107 0.034587284315249496 0.03357686926783771 0.03225555728276076 0.0319446603450956 0.0310896937665164 0.03272190268925851 0.03342142079900513 0.030934245297683818 0.032488729986009636 0.030545624125602362 0.031711487641846725 0.03342142079900513 0.029923830250272034 0.03233328151717706 0.03311052386133997 0.03349914503342142 0.031556039173014146 0.031245142235348983 0.03272190268925851 0.031400590704181566 0.02875796673402767 0.03178921187626302 0.03412093890875175 0.03326597233017255 0.03404321467433546 0.031400590704181566 0.031711487641846725 0.0310896937665164 0.03357686926783771 0.03233328151717706 0.0302347271879372 0.03272190268925851 0.03132286646976527 0.03132286646976527 0.03132286646976527 0.03311052386133997 0.030934245297683818 0.031011969532100107 0.030545624125602362 0.03349914503342142 0.033032799626923674 0.030157002953520907 0.031400590704181566 0.03233328151717706 0.0310896937665164 0.03256645422042593 0.036219493237991604 0.03132286646976527 0.031556039173014146 0.03342142079900513 0.030856521063267528 0.03466500854966579 0.034587284315249496 0.03349914503342142 0.03225555728276076 0.03178921187626302 0.03186693611067931 0.03178921187626302 0.03357686926783771 0.0302347271879372 0.03178921187626302 0.031711487641846725 0.035286802424996114 0.030623348360018655 0.03427638737758433 0.032877351158091095 0.029379760609358 0.030467899891186073 0.032488729986009636 0.031556039173014146 0.0319446603450956 0.032488729986009636 0.028524794030778795 0.031245142235348983 0.031711487641846725 0.033032799626923674 0.030778796828851235 0.02883569096844396 0.03311052386133997 0.030545624125602362 0.03178921187626302 0.033032799626923674 0.03178921187626302 0.03427638737758433 0.029379760609358 0.03264417845484222 0.03412093890875175 0.03217783304834448 0.030701072594434945 0.03544225089382869 0.03272190268925851 0.031711487641846725 0.03272190268925851 0.03357686926783771 0.0310896937665164 0.030778796828851235 0.030856521063267528 0.02945748484377429 0.03163376340743044 0.03404321467433546 0.03217783304834448 0.031711487641846725 0.03264417845484222 0.033965490439919165 0.031245142235348983 0.030934245297683818 0.03311052386133997 0.031556039173014146 0.031711487641846725 0.034742732784082075 0.031400590704181566 0.03256645422042593 0.0327996269236748 0.03489818125291466 0.03342142079900513 0.03334369656458884 0.03326597233017255 0.031711487641846725 0.03147831493859785 0.0345095600808332 0.035286802424996114 0.032877351158091095 0.03116741800093269 0.03116741800093269 0.033654593502254006 0.029846106015855745 0.030079278719104617 0.032100108813928184 0.03178921187626302 0.035519975128244986 0.03388776620550288 0.0327996269236748 0.03178921187626302 0.02969065754702316 0.03163376340743044 0.03295507539250738 0.031556039173014146 0.03311052386133997 0.03233328151717706 0.033188248095756254 0.031711487641846725 0.032100108813928184 0.03178921187626302 0.02728120628011814 0.03404321467433546 0.031245142235348983 0.03225555728276076 0.032100108813928184 0.03233328151717706 0.032100108813928184 0.033032799626923674 0.02969065754702316 0.030856521063267528 0.032877351158091095 0.028524794030778795 0.033188248095756254 0.03147831493859785 0.03489818125291466 0.03264417845484222 0.0319446603450956 0.03505362972174724 0.03505362972174724 0.03039017565676978 0.029923830250272034 0.03342142079900513 0.03132286646976527 0.03264417845484222 0.030856521063267528 0.03489818125291466 0.03497590548733095 0.03412093890875175 0.031400590704181566 0.032100108813928184 0.030701072594434945 0.0345095600808332 0.032877351158091095 0.03489818125291466 0.031711487641846725 0.03031245142235349 0.03326597233017255 0.03147831493859785 0.03264417845484222 0.03505362972174724 0.02891341520286025 0.033965490439919165 0.03427638737758433 0.03217783304834448 0.032877351158091095 0.033810041971086585 0.03147831493859785 0.03186693611067931 0.03116741800093269 0.031011969532100107 0.0310896937665164 0.030545624125602362 0.03334369656458884 0.033810041971086585 0.03186693611067931 0.03264417845484222 0.035519975128244986 0.032488729986009636 0.03241100575159335 0.03225555728276076 0.033810041971086585 0.03163376340743044 0.030545624125602362 0.03326597233017255 0.03147831493859785 0.0327996269236748 0.031245142235348983 0.03256645422042593 0.03357686926783771 0.032100108813928184 0.03334369656458884 0.03357686926783771 0.0327996269236748 0.03349914503342142 0.03256645422042593 0.03132286646976527 0.030467899891186073 0.030701072594434945 0.03373231773667029 0.032100108813928184 0.02805844862428105 0.032100108813928184 0.033032799626923674 0.031400590704181566 0.03163376340743044 0.03311052386133997 0.03349914503342142 0.03482045701849837 0.033965490439919165 0.02969065754702316 0.03357686926783771 0.031245142235348983 0.03334369656458884 0.033032799626923674 0.03039017565676978 0.03388776620550288 0.03202238457951189 0.03233328151717706 0.0319446603450956 0.03225555728276076 0.03326597233017255 0.0310896937665164 0.033188248095756254 0.03272190268925851 0.031011969532100107 0.02969065754702316 0.03233328151717706 0.03116741800093269 0.03357686926783771 0.031400590704181566 0.03256645422042593 0.031556039173014146 0.03373231773667029 0.030467899891186073 0.03388776620550288 0.03311052386133997 0.0319446603450956 0.03217783304834448 0.0319446603450956 0.032877351158091095 0.02883569096844396 0.03225555728276076 0.030467899891186073 0.031400590704181566 0.03342142079900513 0.033810041971086585 0.036841287113321936 0.03427638737758433 0.03217783304834448 0.030079278719104617 0.02953520907819058 0.03489818125291466 0.03264417845484222 0.031400590704181566 0.03186693611067931 0.03178921187626302 0.031556039173014146 0.031556039173014146
