# Parameters:
n_avg = 1000000
meas_len_1 = 500
wait_for_initialization = 1500
wait_after_measure = 1000
NV_IF_freq = 70000000

# t_vec (Pulse Durations in clock cycles):
4 5 6 7 8 9 10 11 12 13 14 15 16 17 18 19 20 21 22 23 24 25 26 27 28 29 30 31 32 33 34 35 36 37 38 39 40 41 42 43 44 45 46 47 48 49 50 51 52 53 54 55 56 57 58 59 60 61 62 63 64 65 66 67 68 69 70 71 72 73 74 75 76 77 78 79 80 81 82 83 84 85 86 87 88 89 90 91 92 93 94 95 96 97 98 99 100 101 102 103 104 105 106 107 108 109 110 111 112 113 114 115 116 117 118 119 120 121 122 123 124 125 126 127 128 129 130 131 132 133 134 135 136 137 138 139 140 141 142 143 144 145 146 147 148 149 150 151 152 153 154 155 156 157 158 159 160 161 162 163 164 165 166 167 168 169 170 171 172 173 174 175 176 177 178 179 180 181 182 183 184 185 186 187 188 189 190 191 192 193 194 195 196 197 198 199 200 201 202 203 204 205 206 207 208 209 210 211 212 213 214 215 216 217 218 219 220 221 222 223 224 225 226 227 228 229 230 231 232 233 234 235 236 237 238 239 240 241 242 243 244 245 246 247 248 249 250 251 252 253 254 255 256 257 258 259 260 261 262 263 264 265 266 267 268 269 270 271 272 273 274 275 276 277 278 279 280 281 282 283 284 285 286 287 288 289 290 291 292 293 294 295 296 297 298 299 300 301 302 303 304 305 306 307 308 309 310 311 312 313 314 315 316 317 318 319 320 321 322 323 324 325 326 327 328 329 330 331 332 333 334 335 336 337 338 339 340 341 342 343 344 345 346 347 348 349 350 351 352 353 354 355 356 357 358 359 360 361 362 363 364 365 366 367 368 369 370 371 372 373 374 375 376 377 378 379 380 381 382 383 384 385 386 387 388 389 390 391 392 393 394 395 396 397 398 399

# Counts Data:
0.016835016835016835 0.014652699837885023 0.01502681132310762 0.015089163237311385 0.014091532610051128 0.015151515151515152 0.015213867065718917 0.014715051752088789 0.014527996009477491 0.014278588352662427 0.015151515151515152 0.01440329218106996 0.014652699837885023 0.014527996009477491 0.013093901982790871 0.012969198154383339 0.014091532610051128 0.014527996009477491 0.014715051752088789 0.012782142411772042 0.013405661553809702 0.013530365382217234 0.014091532610051128 0.01328095772540217 0.013655069210624766 0.01328095772540217 0.012220975183938146 0.013156253896994638 0.011909215612919317 0.010599825414640229 0.01184686369871555 0.010599825414640229 0.011160992642474124 0.012158623269734381 0.01328095772540217 0.010537473500436463 0.012033919441326849 0.012033919441326849 0.013156253896994638 0.010537473500436463 0.010973936899862825 0.012220975183938146 0.012096271355530614 0.011410400299289188 0.012220975183938146 0.011098640728270357 0.012220975183938146 0.010163362015213867 0.011036288814066592 0.011659807956104253 0.011784511784511785 0.010973936899862825 0.011472752213492953 0.012844494325975807 0.012158623269734381 0.012532734754956977 0.012719790497568275 0.013842124953236064 0.013966828781643596 0.013717421124828532 0.011160992642474124 0.012220975183938146 0.012345679012345678 0.010101010101010102 0.012220975183938146 0.013093901982790871 0.013156253896994638 0.01122334455667789 0.013405661553809702 0.012220975183938146 0.013655069210624766 0.012096271355530614 0.012345679012345678 0.013530365382217234 0.012595086669160743 0.013031550068587106 0.012532734754956977 0.011285696470881656 0.012532734754956977 0.013218605811198403 0.012033919441326849 0.012969198154383339 0.011597456041900486 0.011098640728270357 0.010849233071455293 0.014527996009477491 0.013218605811198403 0.012906846240179574 0.010599825414640229 0.013343309639605935 0.013156253896994638 0.012782142411772042 0.015089163237311385 0.012033919441326849 0.012283327098141913 0.011722159870308018 0.012969198154383339 0.013031550068587106 0.014029180695847363 0.012283327098141913 0.013966828781643596 0.012220975183938146 0.01153510412769672 0.013343309639605935 0.012719790497568275 0.015213867065718917 0.011909215612919317 0.013717421124828532 0.01421623643845866 0.012969198154383339 0.012595086669160743 0.013966828781643596 0.01502681132310762 0.01184686369871555 0.013031550068587106 0.013779773039032299 0.012283327098141913 0.013093901982790871 0.012595086669160743 0.013779773039032299 0.011098640728270357 0.013218605811198403 0.01153510412769672 0.013031550068587106 0.013031550068587106 0.013343309639605935 0.013093901982790871 0.013405661553809702 0.013468013468013467 0.010412769672028931 0.012345679012345678 0.013031550068587106 0.013405661553809702 0.012969198154383339 0.012782142411772042 0.01184686369871555 0.013093901982790871 0.012033919441326849 0.012158623269734381 0.013031550068587106 0.01265743858336451 0.012595086669160743 0.013031550068587106 0.012782142411772042 0.01184686369871555 0.014278588352662427 0.015400922808330216 0.012844494325975807 0.013468013468013467 0.013966828781643596 0.011971567527123082 0.012969198154383339 0.013655069210624766 0.012595086669160743 0.01421623643845866 0.014964459408903853 0.013842124953236064 0.015213867065718917 0.013343309639605935 0.015712682379349047 0.012969198154383339 0.01328095772540217 0.012969198154383339 0.012719790497568275 0.012844494325975807 0.014340940266866192 0.013093901982790871 0.01440329218106996 0.015400922808330216 0.013530365382217234 0.013218605811198403 0.01328095772540217 0.011285696470881656 0.01153510412769672 0.012595086669160743 0.01390447686743983 0.012033919441326849 0.01247038284075321 0.013156253896994638 0.013218605811198403 0.011410400299289188 0.013156253896994638 0.013592717296421 0.012158623269734381 0.013343309639605935 0.01184686369871555 0.013343309639605935 0.013592717296421 0.012844494325975807 0.013779773039032299 0.014465644095273724 0.014777403666292556 0.012782142411772042 0.012719790497568275 0.01247038284075321 0.012719790497568275 0.013405661553809702 0.010849233071455293 0.012345679012345678 0.01390447686743983 0.013343309639605935 0.013779773039032299 0.012096271355530614 0.014652699837885023 0.013530365382217234 0.012532734754956977 0.0102880658436214 0.013405661553809702 0.013156253896994638 0.011098640728270357 0.012096271355530614 0.010849233071455293 0.013093901982790871 0.013966828781643596 0.01265743858336451 0.013093901982790871 0.012906846240179574 0.011971567527123082 0.011971567527123082 0.013156253896994638 0.012096271355530614 0.012532734754956977 0.012969198154383339 0.011098640728270357 0.013218605811198403 0.012906846240179574 0.011722159870308018 0.013218605811198403 0.01440329218106996 0.013966828781643596 0.013717421124828532 0.01184686369871555 0.013093901982790871 0.01421623643845866 0.013093901982790871 0.01328095772540217 0.01440329218106996 0.014029180695847363 0.01247038284075321 0.013218605811198403 0.01265743858336451 0.014590347923681257 0.01265743858336451 0.012532734754956977 0.013717421124828532 0.012969198154383339 0.01533857089412645 0.013405661553809702 0.011597456041900486 0.011784511784511785 0.012408030926549445 0.014278588352662427 0.013717421124828532 0.013530365382217234 0.014278588352662427 0.01390447686743983 0.013966828781643596 0.013156253896994638 0.011410400299289188 0.012969198154383339 0.013031550068587106 0.012906846240179574 0.012595086669160743 0.012096271355530614 0.013530365382217234 0.012158623269734381 0.012844494325975807 0.014902107494700088 0.013343309639605935 0.012283327098141913 0.012096271355530614 0.014590347923681257 0.013156253896994638 0.01328095772540217 0.013093901982790871 0.012283327098141913 0.012969198154383339 0.012969198154383339 0.01328095772540217 0.013468013468013467 0.01328095772540217 0.011784511784511785 0.01184686369871555 0.014652699837885023 0.012844494325975807 0.013343309639605935 0.012532734754956977 0.013031550068587106 0.013592717296421 0.01184686369871555 0.011784511784511785 0.012283327098141913 0.013031550068587106 0.011971567527123082 0.012532734754956977 0.01091158498565906 0.011971567527123082 0.012906846240179574 0.011659807956104253 0.01153510412769672 0.013343309639605935 0.011348048385085421 0.013031550068587106 0.012283327098141913 0.011971567527123082 0.013093901982790871 0.013218605811198403 0.013218605811198403 0.011285696470881656 0.012158623269734381 0.013093901982790871 0.012906846240179574 0.013966828781643596 0.011410400299289188 0.012782142411772042 0.012220975183938146 0.013468013468013467 0.012220975183938146 0.013655069210624766 0.015151515151515152 0.01247038284075321 0.012719790497568275 0.013093901982790871 0.013717421124828532 0.013655069210624766 0.013156253896994638 0.014091532610051128 0.012220975183938146 0.014029180695847363 0.013842124953236064 0.012096271355530614 0.013468013468013467 0.01390447686743983 0.014340940266866192 0.012096271355530614 0.014902107494700088 0.013031550068587106 0.013218605811198403 0.011971567527123082 0.010662177328843996 0.013031550068587106 0.012158623269734381 0.010973936899862825 0.013405661553809702 0.012719790497568275 0.014091532610051128 0.013093901982790871 0.012969198154383339 0.012906846240179574 0.013343309639605935 0.013405661553809702 0.013156253896994638 0.013343309639605935 0.013468013468013467 0.013842124953236064 0.013343309639605935 0.012408030926549445 0.013779773039032299 0.011784511784511785 0.012844494325975807 0.013592717296421 0.01122334455667789 0.012969198154383339 0.013031550068587106 0.012033919441326849 0.013842124953236064 0.01265743858336451 0.012220975183938146 0.012595086669160743 0.013343309639605935 0.012719790497568275 0.014029180695847363 0.01390447686743983 0.013717421124828532 0.013468013468013467 0.013655069210624766 0.012283327098141913 0.011784511784511785 0.012844494325975807 0.011098640728270357 0.012906846240179574 0.013031550068587106 0.013031550068587106 0.012844494325975807 0.011348048385085421 0.012906846240179574 0.01265743858336451 0.011410400299289188 0.012283327098141913 0.012782142411772042 0.012096271355530614 0.01247038284075321 0.015213867065718917 0.011410400299289188 0.013218605811198403 0.012719790497568275

# Dark Counts Data:
0.015525626636737748 0.016772664920813068 0.013717421124828532 0.016086793864571642 0.014777403666292556 0.014527996009477491 0.015587978550941513 0.01770794363386956 0.013779773039032299 0.014652699837885023 0.013842124953236064 0.016647961092405537 0.01627384960718294 0.01502681132310762 0.01658560917820177 0.01596209003616411 0.015463274722533981 0.016647961092405537 0.014777403666292556 0.01646090534979424 0.016647961092405537 0.014964459408903853 0.015587978550941513 0.01646090534979424 0.01658560917820177 0.01421623643845866 0.015463274722533981 0.014777403666292556 0.0168973687492206 0.016024441950367875 0.01596209003616411 0.01577503429355281 0.016772664920813068 0.01596209003616411 0.01483975558049632 0.015400922808330216 0.015712682379349047 0.015089163237311385 0.013405661553809702 0.014777403666292556 0.016398553435590473 0.01533857089412645 0.015151515151515152 0.01627384960718294 0.01440329218106996 0.016523257263998004 0.01440329218106996 0.014527996009477491 0.017022072577628132 0.014964459408903853 0.015463274722533981 0.014777403666292556 0.015837386207756578 0.01565033046514528 0.017271480234443196 0.014652699837885023 0.012719790497568275 0.013468013468013467 0.015525626636737748 0.014777403666292556 0.013592717296421 0.013842124953236064 0.015151515151515152 0.015276218979922684 0.01440329218106996 0.015276218979922684 0.014465644095273724 0.0168973687492206 0.01533857089412645 0.015400922808330216 0.015712682379349047 0.01565033046514528 0.014590347923681257 0.01502681132310762 0.014091532610051128 0.014777403666292556 0.015525626636737748 0.0170844244918319 0.014964459408903853 0.014465644095273724 0.014777403666292556 0.015837386207756578 0.0168973687492206 0.014902107494700088 0.015587978550941513 0.015213867065718917 0.014527996009477491 0.014902107494700088 0.013717421124828532 0.0168973687492206 0.013343309639605935 0.01502681132310762 0.014029180695847363 0.016336201521386706 0.014340940266866192 0.01565033046514528 0.014777403666292556 0.014091532610051128 0.016398553435590473 0.015712682379349047 0.015400922808330216 0.016086793864571642 0.015463274722533981 0.016211497692979176 0.01596209003616411 0.016647961092405537 0.0168973687492206 0.0170844244918319 0.014964459408903853 0.017333832148646963 0.013966828781643596 0.014340940266866192 0.015712682379349047 0.01483975558049632 0.015089163237311385 0.015213867065718917 0.01390447686743983 0.015276218979922684 0.014278588352662427 0.013779773039032299 0.015089163237311385 0.016024441950367875 0.016024441950367875 0.016523257263998004 0.01328095772540217 0.014652699837885023 0.014902107494700088 0.01483975558049632 0.015837386207756578 0.014527996009477491 0.01646090534979424 0.016086793864571642 0.01627384960718294 0.0168973687492206 0.0170844244918319 0.014715051752088789 0.014964459408903853 0.013966828781643596 0.015400922808330216 0.013156253896994638 0.01752088789125826 0.01421623643845866 0.01502681132310762 0.017209128320239433 0.013468013468013467 0.014652699837885023 0.014278588352662427 0.016211497692979176 0.01483975558049632 0.015525626636737748 0.017022072577628132 0.014715051752088789 0.014964459408903853 0.01695972066342437 0.01614914577877541 0.017022072577628132 0.015712682379349047 0.016336201521386706 0.015712682379349047 0.014777403666292556 0.014715051752088789 0.014029180695847363 0.01658560917820177 0.016211497692979176 0.014777403666292556 0.014777403666292556 0.015276218979922684 0.015587978550941513 0.0170844244918319 0.01533857089412645 0.016772664920813068 0.01646090534979424 0.01483975558049632 0.015400922808330216 0.015213867065718917 0.016211497692979176 0.01483975558049632 0.01596209003616411 0.01627384960718294 0.014590347923681257 0.015213867065718917 0.015400922808330216 0.014964459408903853 0.016024441950367875 0.01440329218106996 0.015587978550941513 0.015089163237311385 0.016336201521386706 0.014029180695847363 0.016398553435590473 0.016710313006609304 0.015837386207756578 0.015151515151515152 0.014590347923681257 0.016710313006609304 0.015587978550941513 0.01577503429355281 0.015400922808330216 0.016086793864571642 0.015525626636737748 0.014715051752088789 0.013842124953236064 0.01614914577877541 0.015089163237311385 0.01565033046514528 0.01440329218106996 0.016211497692979176 0.014964459408903853 0.014777403666292556 0.015400922808330216 0.016024441950367875 0.014652699837885023 0.015837386207756578 0.016024441950367875 0.014465644095273724 0.014278588352662427 0.013530365382217234 0.01483975558049632 0.014153884524254895 0.014715051752088789 0.015400922808330216 0.016523257263998004 0.013655069210624766 0.01614914577877541 0.014527996009477491 0.013343309639605935 0.016211497692979176 0.015276218979922684 0.016086793864571642 0.015400922808330216 0.01483975558049632 0.01421623643845866 0.013842124953236064 0.01565033046514528 0.015089163237311385 0.01577503429355281 0.017770295548073325 0.01440329218106996 0.01502681132310762 0.014340940266866192 0.014715051752088789 0.01440329218106996 0.014278588352662427 0.015151515151515152 0.01596209003616411 0.015400922808330216 0.01533857089412645 0.014465644095273724 0.01658560917820177 0.014777403666292556 0.014590347923681257 0.015587978550941513 0.015463274722533981 0.015089163237311385 0.015837386207756578 0.014091532610051128 0.014777403666292556 0.014590347923681257 0.016710313006609304 0.01533857089412645 0.01483975558049632 0.014465644095273724 0.016211497692979176 0.015463274722533981 0.014465644095273724 0.015837386207756578 0.015276218979922684 0.015151515151515152 0.013966828781643596 0.015525626636737748 0.014590347923681257 0.017209128320239433 0.013530365382217234 0.016336201521386706 0.016710313006609304 0.01440329218106996 0.015899738121960345 0.01440329218106996 0.016647961092405537 0.014091532610051128 0.01533857089412645 0.014964459408903853 0.015712682379349047 0.014590347923681257 0.014715051752088789 0.014777403666292556 0.017271480234443196 0.014278588352662427 0.01577503429355281 0.014964459408903853 0.015151515151515152 0.01646090534979424 0.013655069210624766 0.015712682379349047 0.01627384960718294 0.015400922808330216 0.014465644095273724 0.014902107494700088 0.013842124953236064 0.015587978550941513 0.016024441950367875 0.01577503429355281 0.015213867065718917 0.01627384960718294 0.014902107494700088 0.015899738121960345 0.014715051752088789 0.015837386207756578 0.015463274722533981 0.014340940266866192 0.015400922808330216 0.01390447686743983 0.013779773039032299 0.01483975558049632 0.01502681132310762 0.014527996009477491 0.014652699837885023 0.014527996009477491 0.015525626636737748 0.013530365382217234 0.01658560917820177 0.017271480234443196 0.015899738121960345 0.01577503429355281 0.01577503429355281 0.015089163237311385 0.01577503429355281 0.01646090534979424 0.015587978550941513 0.014715051752088789 0.014278588352662427 0.015213867065718917 0.016398553435590473 0.017146776406035666 0.015151515151515152 0.014964459408903853 0.01565033046514528 0.015400922808330216 0.015712682379349047 0.017271480234443196 0.01658560917820177 0.015151515151515152 0.013530365382217234 0.014340940266866192 0.015837386207756578 0.013655069210624766 0.015712682379349047 0.015089163237311385 0.016710313006609304 0.015463274722533981 0.015899738121960345 0.016086793864571642 0.014153884524254895 0.014029180695847363 0.014091532610051128 0.015213867065718917 0.015089163237311385 0.015089163237311385 0.015837386207756578 0.017770295548073325 0.016211497692979176 0.01614914577877541 0.016336201521386706 0.01565033046514528 0.016086793864571642 0.016523257263998004 0.014340940266866192 0.01440329218106996 0.01596209003616411 0.013592717296421 0.013655069210624766 0.013779773039032299 0.01614914577877541 0.016086793864571642 0.01483975558049632 0.014527996009477491 0.015276218979922684 0.014715051752088789 0.012844494325975807 0.015213867065718917 0.014964459408903853 0.017458535977054497 0.015151515151515152 0.015089163237311385 0.01483975558049632 0.015837386207756578 0.01390447686743983 0.015089163237311385 0.016086793864571642 0.014091532610051128 0.015151515151515152 0.013655069210624766 0.014964459408903853 0.013842124953236064 0.014527996009477491 0.014715051752088789
